# Model: L 7 W 7 Maple Leaf Graph
1 2 3.0
1 8 6.0
1 9 2.0
2 3 6.0
2 9 6.0
3 4 2.0
3 11 6.0
4 5 6.0
4 11 3.0
4 12 3.0
5 6 3.0
5 12 2.0
5 13 3.0
6 13 3.0
6 7 6.0
7 8 6.0
7 14 3.0
7 15 3.0
8 9 3.0
8 15 2.0
8 16 3.0
9 16 3.0
9 17 6.0
11 12 3.0
11 18 6.0
11 19 2.0
12 13 6.0
12 19 6.0
13 7 2.0
13 14 6.0
14 15 3.0
14 21 6.0
14 22 2.0
15 16 6.0
15 22 6.0
16 17 2.0
16 24 6.0
17 18 6.0
17 24 3.0
17 25 3.0
18 19 3.0
18 25 2.0
18 26 3.0
19 26 3.0
19 27 6.0
21 22 3.0
21 28 2.0
21 29 3.0
22 29 3.0
22 30 6.0
24 25 3.0
24 31 6.0
24 32 2.0
25 26 6.0
25 32 6.0
26 27 2.0
26 34 6.0
27 21 6.0
27 34 3.0
27 28 3.0
28 29 6.0
28 35 6.0
29 30 2.0
29 37 6.0
30 31 6.0
30 37 3.0
30 38 3.0
31 32 3.0
31 38 2.0
31 39 3.0
32 39 3.0
32 40 6.0
34 28 3.0
34 41 6.0
34 35 2.0
35 42 3.0
35 43 6.0
37 38 3.0
37 44 6.0
37 45 2.0
38 39 6.0
38 45 6.0
39 40 2.0
39 47 6.0
40 41 6.0
40 47 3.0
40 48 3.0
41 35 3.0
41 48 2.0
41 42 3.0
42 43 2.0
42 1 6.0
43 44 6.0
43 1 3.0
43 2 3.0
44 45 3.0
44 2 2.0
44 3 3.0
45 3 3.0
45 4 6.0
47 48 3.0
47 5 6.0
47 6 2.0
48 42 6.0
48 6 6.0
