0 1 1.0
0 12 1.0
0 13 1.0
1 2 1.0
1 13 1.0
1 14 1.0
2 3 1.0
2 14 1.0
2 15 1.0
3 4 1.0
3 15 1.0
3 16 1.0
4 5 1.0
4 16 1.0
4 17 1.0
5 6 1.0
5 17 1.0
5 18 1.0
6 7 1.0
6 18 1.0
6 19 1.0
7 8 1.0
7 19 1.0
7 20 1.0
8 9 1.0
8 20 1.0
8 21 1.0
9 10 1.0
9 21 1.0
9 22 1.0
10 11 1.0
10 22 1.0
10 23 1.0
11 0 1.0
11 23 1.0
11 12 1.0
12 13 1.0
12 24 1.0
12 25 1.0
13 14 1.0
13 25 1.0
13 26 1.0
14 15 1.0
14 26 1.0
14 27 1.0
15 16 1.0
15 27 1.0
15 28 1.0
16 17 1.0
16 28 1.0
16 29 1.0
17 18 1.0
17 29 1.0
17 30 1.0
18 19 1.0
18 30 1.0
18 31 1.0
19 20 1.0
19 31 1.0
19 32 1.0
20 21 1.0
20 32 1.0
20 33 1.0
21 22 1.0
21 33 1.0
21 34 1.0
22 23 1.0
22 34 1.0
22 35 1.0
23 12 1.0
23 35 1.0
23 24 1.0
24 25 1.0
24 36 1.0
24 37 1.0
25 26 1.0
25 37 1.0
25 38 1.0
26 27 1.0
26 38 1.0
26 39 1.0
27 28 1.0
27 39 1.0
27 40 1.0
28 29 1.0
28 40 1.0
28 41 1.0
29 30 1.0
29 41 1.0
29 42 1.0
30 31 1.0
30 42 1.0
30 43 1.0
31 32 1.0
31 43 1.0
31 44 1.0
32 33 1.0
32 44 1.0
32 45 1.0
33 34 1.0
33 45 1.0
33 46 1.0
34 35 1.0
34 46 1.0
34 47 1.0
35 24 1.0
35 47 1.0
35 36 1.0
36 37 1.0
36 48 1.0
36 49 1.0
37 38 1.0
37 49 1.0
37 50 1.0
38 39 1.0
38 50 1.0
38 51 1.0
39 40 1.0
39 51 1.0
39 52 1.0
40 41 1.0
40 52 1.0
40 53 1.0
41 42 1.0
41 53 1.0
41 54 1.0
42 43 1.0
42 54 1.0
42 55 1.0
43 44 1.0
43 55 1.0
43 56 1.0
44 45 1.0
44 56 1.0
44 57 1.0
45 46 1.0
45 57 1.0
45 58 1.0
46 47 1.0
46 58 1.0
46 59 1.0
47 36 1.0
47 59 1.0
47 48 1.0
48 49 1.0
48 60 1.0
48 61 1.0
49 50 1.0
49 61 1.0
49 62 1.0
50 51 1.0
50 62 1.0
50 63 1.0
51 52 1.0
51 63 1.0
51 64 1.0
52 53 1.0
52 64 1.0
52 65 1.0
53 54 1.0
53 65 1.0
53 66 1.0
54 55 1.0
54 66 1.0
54 67 1.0
55 56 1.0
55 67 1.0
55 68 1.0
56 57 1.0
56 68 1.0
56 69 1.0
57 58 1.0
57 69 1.0
57 70 1.0
58 59 1.0
58 70 1.0
58 71 1.0
59 48 1.0
59 71 1.0
59 60 1.0
60 61 1.0
60 72 1.0
60 73 1.0
61 62 1.0
61 73 1.0
61 74 1.0
62 63 1.0
62 74 1.0
62 75 1.0
63 64 1.0
63 75 1.0
63 76 1.0
64 65 1.0
64 76 1.0
64 77 1.0
65 66 1.0
65 77 1.0
65 78 1.0
66 67 1.0
66 78 1.0
66 79 1.0
67 68 1.0
67 79 1.0
67 80 1.0
68 69 1.0
68 80 1.0
68 81 1.0
69 70 1.0
69 81 1.0
69 82 1.0
70 71 1.0
70 82 1.0
70 83 1.0
71 60 1.0
71 83 1.0
71 72 1.0
72 73 1.0
72 84 1.0
72 85 1.0
73 74 1.0
73 85 1.0
73 86 1.0
74 75 1.0
74 86 1.0
74 87 1.0
75 76 1.0
75 87 1.0
75 88 1.0
76 77 1.0
76 88 1.0
76 89 1.0
77 78 1.0
77 89 1.0
77 90 1.0
78 79 1.0
78 90 1.0
78 91 1.0
79 80 1.0
79 91 1.0
79 92 1.0
80 81 1.0
80 92 1.0
80 93 1.0
81 82 1.0
81 93 1.0
81 94 1.0
82 83 1.0
82 94 1.0
82 95 1.0
83 72 1.0
83 95 1.0
83 84 1.0
84 85 1.0
84 96 1.0
84 97 1.0
85 86 1.0
85 97 1.0
85 98 1.0
86 87 1.0
86 98 1.0
86 99 1.0
87 88 1.0
87 99 1.0
87 100 1.0
88 89 1.0
88 100 1.0
88 101 1.0
89 90 1.0
89 101 1.0
89 102 1.0
90 91 1.0
90 102 1.0
90 103 1.0
91 92 1.0
91 103 1.0
91 104 1.0
92 93 1.0
92 104 1.0
92 105 1.0
93 94 1.0
93 105 1.0
93 106 1.0
94 95 1.0
94 106 1.0
94 107 1.0
95 84 1.0
95 107 1.0
95 96 1.0
96 97 1.0
96 108 1.0
96 109 1.0
97 98 1.0
97 109 1.0
97 110 1.0
98 99 1.0
98 110 1.0
98 111 1.0
99 100 1.0
99 111 1.0
99 112 1.0
100 101 1.0
100 112 1.0
100 113 1.0
101 102 1.0
101 113 1.0
101 114 1.0
102 103 1.0
102 114 1.0
102 115 1.0
103 104 1.0
103 115 1.0
103 116 1.0
104 105 1.0
104 116 1.0
104 117 1.0
105 106 1.0
105 117 1.0
105 118 1.0
106 107 1.0
106 118 1.0
106 119 1.0
107 96 1.0
107 119 1.0
107 108 1.0
108 109 1.0
108 120 1.0
108 121 1.0
109 110 1.0
109 121 1.0
109 122 1.0
110 111 1.0
110 122 1.0
110 123 1.0
111 112 1.0
111 123 1.0
111 124 1.0
112 113 1.0
112 124 1.0
112 125 1.0
113 114 1.0
113 125 1.0
113 126 1.0
114 115 1.0
114 126 1.0
114 127 1.0
115 116 1.0
115 127 1.0
115 128 1.0
116 117 1.0
116 128 1.0
116 129 1.0
117 118 1.0
117 129 1.0
117 130 1.0
118 119 1.0
118 130 1.0
118 131 1.0
119 108 1.0
119 131 1.0
119 120 1.0
120 121 1.0
120 132 1.0
120 133 1.0
121 122 1.0
121 133 1.0
121 134 1.0
122 123 1.0
122 134 1.0
122 135 1.0
123 124 1.0
123 135 1.0
123 136 1.0
124 125 1.0
124 136 1.0
124 137 1.0
125 126 1.0
125 137 1.0
125 138 1.0
126 127 1.0
126 138 1.0
126 139 1.0
127 128 1.0
127 139 1.0
127 140 1.0
128 129 1.0
128 140 1.0
128 141 1.0
129 130 1.0
129 141 1.0
129 142 1.0
130 131 1.0
130 142 1.0
130 143 1.0
131 120 1.0
131 143 1.0
131 132 1.0
132 133 1.0
132 0 1.0
132 1 1.0
133 134 1.0
133 1 1.0
133 2 1.0
134 135 1.0
134 2 1.0
134 3 1.0
135 136 1.0
135 3 1.0
135 4 1.0
136 137 1.0
136 4 1.0
136 5 1.0
137 138 1.0
137 5 1.0
137 6 1.0
138 139 1.0
138 6 1.0
138 7 1.0
139 140 1.0
139 7 1.0
139 8 1.0
140 141 1.0
140 8 1.0
140 9 1.0
141 142 1.0
141 9 1.0
141 10 1.0
142 143 1.0
142 10 1.0
142 11 1.0
143 132 1.0
143 11 1.0
143 0 1.0
