0 1 1.0
0 6 1.0
0 7 1.0
1 2 1.0
1 7 1.0
1 8 1.0
2 3 1.0
2 8 1.0
2 9 1.0
3 4 1.0
3 9 1.0
3 10 1.0
4 5 1.0
4 10 1.0
4 11 1.0
5 0 1.0
5 11 1.0
5 6 1.0
6 7 1.0
6 12 1.0
6 13 1.0
7 8 1.0
7 13 1.0
7 14 1.0
8 9 1.0
8 14 1.0
8 15 1.0
9 10 1.0
9 15 1.0
9 16 1.0
10 11 1.0
10 16 1.0
10 17 1.0
11 6 1.0
11 17 1.0
11 12 1.0
12 13 1.0
12 18 1.0
12 19 1.0
13 14 1.0
13 19 1.0
13 20 1.0
14 15 1.0
14 20 1.0
14 21 1.0
15 16 1.0
15 21 1.0
15 22 1.0
16 17 1.0
16 22 1.0
16 23 1.0
17 12 1.0
17 23 1.0
17 18 1.0
18 19 1.0
18 24 1.0
18 25 1.0
19 20 1.0
19 25 1.0
19 26 1.0
20 21 1.0
20 26 1.0
20 27 1.0
21 22 1.0
21 27 1.0
21 28 1.0
22 23 1.0
22 28 1.0
22 29 1.0
23 18 1.0
23 29 1.0
23 24 1.0
24 25 1.0
24 30 1.0
24 31 1.0
25 26 1.0
25 31 1.0
25 32 1.0
26 27 1.0
26 32 1.0
26 33 1.0
27 28 1.0
27 33 1.0
27 34 1.0
28 29 1.0
28 34 1.0
28 35 1.0
29 24 1.0
29 35 1.0
29 30 1.0
30 31 1.0
30 0 1.0
30 1 1.0
31 32 1.0
31 1 1.0
31 2 1.0
32 33 1.0
32 2 1.0
32 3 1.0
33 34 1.0
33 3 1.0
33 4 1.0
34 35 1.0
34 4 1.0
34 5 1.0
35 30 1.0
35 5 1.0
35 0 1.0
