0 1 1.0
0 9 1.0
0 10 1.0
1 2 1.0
1 10 1.0
1 11 1.0
2 3 1.0
2 11 1.0
2 12 1.0
3 4 1.0
3 12 1.0
3 13 1.0
4 5 1.0
4 13 1.0
4 14 1.0
5 6 1.0
5 14 1.0
5 15 1.0
6 7 1.0
6 15 1.0
6 16 1.0
7 8 1.0
7 16 1.0
7 17 1.0
8 0 1.0
8 17 1.0
8 9 1.0
9 10 1.0
9 18 1.0
9 19 1.0
10 11 1.0
10 19 1.0
10 20 1.0
11 12 1.0
11 20 1.0
11 21 1.0
12 13 1.0
12 21 1.0
12 22 1.0
13 14 1.0
13 22 1.0
13 23 1.0
14 15 1.0
14 23 1.0
14 24 1.0
15 16 1.0
15 24 1.0
15 25 1.0
16 17 1.0
16 25 1.0
16 26 1.0
17 9 1.0
17 26 1.0
17 18 1.0
18 19 1.0
18 27 1.0
18 28 1.0
19 20 1.0
19 28 1.0
19 29 1.0
20 21 1.0
20 29 1.0
20 30 1.0
21 22 1.0
21 30 1.0
21 31 1.0
22 23 1.0
22 31 1.0
22 32 1.0
23 24 1.0
23 32 1.0
23 33 1.0
24 25 1.0
24 33 1.0
24 34 1.0
25 26 1.0
25 34 1.0
25 35 1.0
26 18 1.0
26 35 1.0
26 27 1.0
27 28 1.0
27 36 1.0
27 37 1.0
28 29 1.0
28 37 1.0
28 38 1.0
29 30 1.0
29 38 1.0
29 39 1.0
30 31 1.0
30 39 1.0
30 40 1.0
31 32 1.0
31 40 1.0
31 41 1.0
32 33 1.0
32 41 1.0
32 42 1.0
33 34 1.0
33 42 1.0
33 43 1.0
34 35 1.0
34 43 1.0
34 44 1.0
35 27 1.0
35 44 1.0
35 36 1.0
36 37 1.0
36 45 1.0
36 46 1.0
37 38 1.0
37 46 1.0
37 47 1.0
38 39 1.0
38 47 1.0
38 48 1.0
39 40 1.0
39 48 1.0
39 49 1.0
40 41 1.0
40 49 1.0
40 50 1.0
41 42 1.0
41 50 1.0
41 51 1.0
42 43 1.0
42 51 1.0
42 52 1.0
43 44 1.0
43 52 1.0
43 53 1.0
44 36 1.0
44 53 1.0
44 45 1.0
45 46 1.0
45 54 1.0
45 55 1.0
46 47 1.0
46 55 1.0
46 56 1.0
47 48 1.0
47 56 1.0
47 57 1.0
48 49 1.0
48 57 1.0
48 58 1.0
49 50 1.0
49 58 1.0
49 59 1.0
50 51 1.0
50 59 1.0
50 60 1.0
51 52 1.0
51 60 1.0
51 61 1.0
52 53 1.0
52 61 1.0
52 62 1.0
53 45 1.0
53 62 1.0
53 54 1.0
54 55 1.0
54 63 1.0
54 64 1.0
55 56 1.0
55 64 1.0
55 65 1.0
56 57 1.0
56 65 1.0
56 66 1.0
57 58 1.0
57 66 1.0
57 67 1.0
58 59 1.0
58 67 1.0
58 68 1.0
59 60 1.0
59 68 1.0
59 69 1.0
60 61 1.0
60 69 1.0
60 70 1.0
61 62 1.0
61 70 1.0
61 71 1.0
62 54 1.0
62 71 1.0
62 63 1.0
63 64 1.0
63 72 1.0
63 73 1.0
64 65 1.0
64 73 1.0
64 74 1.0
65 66 1.0
65 74 1.0
65 75 1.0
66 67 1.0
66 75 1.0
66 76 1.0
67 68 1.0
67 76 1.0
67 77 1.0
68 69 1.0
68 77 1.0
68 78 1.0
69 70 1.0
69 78 1.0
69 79 1.0
70 71 1.0
70 79 1.0
70 80 1.0
71 63 1.0
71 80 1.0
71 72 1.0
72 73 1.0
72 0 1.0
72 1 1.0
73 74 1.0
73 1 1.0
73 2 1.0
74 75 1.0
74 2 1.0
74 3 1.0
75 76 1.0
75 3 1.0
75 4 1.0
76 77 1.0
76 4 1.0
76 5 1.0
77 78 1.0
77 5 1.0
77 6 1.0
78 79 1.0
78 6 1.0
78 7 1.0
79 80 1.0
79 7 1.0
79 8 1.0
80 72 1.0
80 8 1.0
80 0 1.0
