0 1 1.0
0 21 1.0
0 22 1.0
1 2 1.0
1 22 1.0
1 23 1.0
2 3 1.0
2 23 1.0
2 24 1.0
3 4 1.0
3 24 1.0
3 25 1.0
4 5 1.0
4 25 1.0
4 26 1.0
5 6 1.0
5 26 1.0
5 27 1.0
6 7 1.0
6 27 1.0
6 28 1.0
7 8 1.0
7 28 1.0
7 29 1.0
8 9 1.0
8 29 1.0
8 30 1.0
9 10 1.0
9 30 1.0
9 31 1.0
10 11 1.0
10 31 1.0
10 32 1.0
11 12 1.0
11 32 1.0
11 33 1.0
12 13 1.0
12 33 1.0
12 34 1.0
13 14 1.0
13 34 1.0
13 35 1.0
14 15 1.0
14 35 1.0
14 36 1.0
15 16 1.0
15 36 1.0
15 37 1.0
16 17 1.0
16 37 1.0
16 38 1.0
17 18 1.0
17 38 1.0
17 39 1.0
18 19 1.0
18 39 1.0
18 40 1.0
19 20 1.0
19 40 1.0
19 41 1.0
20 0 1.0
20 41 1.0
20 21 1.0
21 22 1.0
21 42 1.0
21 43 1.0
22 23 1.0
22 43 1.0
22 44 1.0
23 24 1.0
23 44 1.0
23 45 1.0
24 25 1.0
24 45 1.0
24 46 1.0
25 26 1.0
25 46 1.0
25 47 1.0
26 27 1.0
26 47 1.0
26 48 1.0
27 28 1.0
27 48 1.0
27 49 1.0
28 29 1.0
28 49 1.0
28 50 1.0
29 30 1.0
29 50 1.0
29 51 1.0
30 31 1.0
30 51 1.0
30 52 1.0
31 32 1.0
31 52 1.0
31 53 1.0
32 33 1.0
32 53 1.0
32 54 1.0
33 34 1.0
33 54 1.0
33 55 1.0
34 35 1.0
34 55 1.0
34 56 1.0
35 36 1.0
35 56 1.0
35 57 1.0
36 37 1.0
36 57 1.0
36 58 1.0
37 38 1.0
37 58 1.0
37 59 1.0
38 39 1.0
38 59 1.0
38 60 1.0
39 40 1.0
39 60 1.0
39 61 1.0
40 41 1.0
40 61 1.0
40 62 1.0
41 21 1.0
41 62 1.0
41 42 1.0
42 43 1.0
42 63 1.0
42 64 1.0
43 44 1.0
43 64 1.0
43 65 1.0
44 45 1.0
44 65 1.0
44 66 1.0
45 46 1.0
45 66 1.0
45 67 1.0
46 47 1.0
46 67 1.0
46 68 1.0
47 48 1.0
47 68 1.0
47 69 1.0
48 49 1.0
48 69 1.0
48 70 1.0
49 50 1.0
49 70 1.0
49 71 1.0
50 51 1.0
50 71 1.0
50 72 1.0
51 52 1.0
51 72 1.0
51 73 1.0
52 53 1.0
52 73 1.0
52 74 1.0
53 54 1.0
53 74 1.0
53 75 1.0
54 55 1.0
54 75 1.0
54 76 1.0
55 56 1.0
55 76 1.0
55 77 1.0
56 57 1.0
56 77 1.0
56 78 1.0
57 58 1.0
57 78 1.0
57 79 1.0
58 59 1.0
58 79 1.0
58 80 1.0
59 60 1.0
59 80 1.0
59 81 1.0
60 61 1.0
60 81 1.0
60 82 1.0
61 62 1.0
61 82 1.0
61 83 1.0
62 42 1.0
62 83 1.0
62 63 1.0
63 64 1.0
63 84 1.0
63 85 1.0
64 65 1.0
64 85 1.0
64 86 1.0
65 66 1.0
65 86 1.0
65 87 1.0
66 67 1.0
66 87 1.0
66 88 1.0
67 68 1.0
67 88 1.0
67 89 1.0
68 69 1.0
68 89 1.0
68 90 1.0
69 70 1.0
69 90 1.0
69 91 1.0
70 71 1.0
70 91 1.0
70 92 1.0
71 72 1.0
71 92 1.0
71 93 1.0
72 73 1.0
72 93 1.0
72 94 1.0
73 74 1.0
73 94 1.0
73 95 1.0
74 75 1.0
74 95 1.0
74 96 1.0
75 76 1.0
75 96 1.0
75 97 1.0
76 77 1.0
76 97 1.0
76 98 1.0
77 78 1.0
77 98 1.0
77 99 1.0
78 79 1.0
78 99 1.0
78 100 1.0
79 80 1.0
79 100 1.0
79 101 1.0
80 81 1.0
80 101 1.0
80 102 1.0
81 82 1.0
81 102 1.0
81 103 1.0
82 83 1.0
82 103 1.0
82 104 1.0
83 63 1.0
83 104 1.0
83 84 1.0
84 85 1.0
84 105 1.0
84 106 1.0
85 86 1.0
85 106 1.0
85 107 1.0
86 87 1.0
86 107 1.0
86 108 1.0
87 88 1.0
87 108 1.0
87 109 1.0
88 89 1.0
88 109 1.0
88 110 1.0
89 90 1.0
89 110 1.0
89 111 1.0
90 91 1.0
90 111 1.0
90 112 1.0
91 92 1.0
91 112 1.0
91 113 1.0
92 93 1.0
92 113 1.0
92 114 1.0
93 94 1.0
93 114 1.0
93 115 1.0
94 95 1.0
94 115 1.0
94 116 1.0
95 96 1.0
95 116 1.0
95 117 1.0
96 97 1.0
96 117 1.0
96 118 1.0
97 98 1.0
97 118 1.0
97 119 1.0
98 99 1.0
98 119 1.0
98 120 1.0
99 100 1.0
99 120 1.0
99 121 1.0
100 101 1.0
100 121 1.0
100 122 1.0
101 102 1.0
101 122 1.0
101 123 1.0
102 103 1.0
102 123 1.0
102 124 1.0
103 104 1.0
103 124 1.0
103 125 1.0
104 84 1.0
104 125 1.0
104 105 1.0
105 106 1.0
105 126 1.0
105 127 1.0
106 107 1.0
106 127 1.0
106 128 1.0
107 108 1.0
107 128 1.0
107 129 1.0
108 109 1.0
108 129 1.0
108 130 1.0
109 110 1.0
109 130 1.0
109 131 1.0
110 111 1.0
110 131 1.0
110 132 1.0
111 112 1.0
111 132 1.0
111 133 1.0
112 113 1.0
112 133 1.0
112 134 1.0
113 114 1.0
113 134 1.0
113 135 1.0
114 115 1.0
114 135 1.0
114 136 1.0
115 116 1.0
115 136 1.0
115 137 1.0
116 117 1.0
116 137 1.0
116 138 1.0
117 118 1.0
117 138 1.0
117 139 1.0
118 119 1.0
118 139 1.0
118 140 1.0
119 120 1.0
119 140 1.0
119 141 1.0
120 121 1.0
120 141 1.0
120 142 1.0
121 122 1.0
121 142 1.0
121 143 1.0
122 123 1.0
122 143 1.0
122 144 1.0
123 124 1.0
123 144 1.0
123 145 1.0
124 125 1.0
124 145 1.0
124 146 1.0
125 105 1.0
125 146 1.0
125 126 1.0
126 127 1.0
126 147 1.0
126 148 1.0
127 128 1.0
127 148 1.0
127 149 1.0
128 129 1.0
128 149 1.0
128 150 1.0
129 130 1.0
129 150 1.0
129 151 1.0
130 131 1.0
130 151 1.0
130 152 1.0
131 132 1.0
131 152 1.0
131 153 1.0
132 133 1.0
132 153 1.0
132 154 1.0
133 134 1.0
133 154 1.0
133 155 1.0
134 135 1.0
134 155 1.0
134 156 1.0
135 136 1.0
135 156 1.0
135 157 1.0
136 137 1.0
136 157 1.0
136 158 1.0
137 138 1.0
137 158 1.0
137 159 1.0
138 139 1.0
138 159 1.0
138 160 1.0
139 140 1.0
139 160 1.0
139 161 1.0
140 141 1.0
140 161 1.0
140 162 1.0
141 142 1.0
141 162 1.0
141 163 1.0
142 143 1.0
142 163 1.0
142 164 1.0
143 144 1.0
143 164 1.0
143 165 1.0
144 145 1.0
144 165 1.0
144 166 1.0
145 146 1.0
145 166 1.0
145 167 1.0
146 126 1.0
146 167 1.0
146 147 1.0
147 148 1.0
147 168 1.0
147 169 1.0
148 149 1.0
148 169 1.0
148 170 1.0
149 150 1.0
149 170 1.0
149 171 1.0
150 151 1.0
150 171 1.0
150 172 1.0
151 152 1.0
151 172 1.0
151 173 1.0
152 153 1.0
152 173 1.0
152 174 1.0
153 154 1.0
153 174 1.0
153 175 1.0
154 155 1.0
154 175 1.0
154 176 1.0
155 156 1.0
155 176 1.0
155 177 1.0
156 157 1.0
156 177 1.0
156 178 1.0
157 158 1.0
157 178 1.0
157 179 1.0
158 159 1.0
158 179 1.0
158 180 1.0
159 160 1.0
159 180 1.0
159 181 1.0
160 161 1.0
160 181 1.0
160 182 1.0
161 162 1.0
161 182 1.0
161 183 1.0
162 163 1.0
162 183 1.0
162 184 1.0
163 164 1.0
163 184 1.0
163 185 1.0
164 165 1.0
164 185 1.0
164 186 1.0
165 166 1.0
165 186 1.0
165 187 1.0
166 167 1.0
166 187 1.0
166 188 1.0
167 147 1.0
167 188 1.0
167 168 1.0
168 169 1.0
168 189 1.0
168 190 1.0
169 170 1.0
169 190 1.0
169 191 1.0
170 171 1.0
170 191 1.0
170 192 1.0
171 172 1.0
171 192 1.0
171 193 1.0
172 173 1.0
172 193 1.0
172 194 1.0
173 174 1.0
173 194 1.0
173 195 1.0
174 175 1.0
174 195 1.0
174 196 1.0
175 176 1.0
175 196 1.0
175 197 1.0
176 177 1.0
176 197 1.0
176 198 1.0
177 178 1.0
177 198 1.0
177 199 1.0
178 179 1.0
178 199 1.0
178 200 1.0
179 180 1.0
179 200 1.0
179 201 1.0
180 181 1.0
180 201 1.0
180 202 1.0
181 182 1.0
181 202 1.0
181 203 1.0
182 183 1.0
182 203 1.0
182 204 1.0
183 184 1.0
183 204 1.0
183 205 1.0
184 185 1.0
184 205 1.0
184 206 1.0
185 186 1.0
185 206 1.0
185 207 1.0
186 187 1.0
186 207 1.0
186 208 1.0
187 188 1.0
187 208 1.0
187 209 1.0
188 168 1.0
188 209 1.0
188 189 1.0
189 190 1.0
189 210 1.0
189 211 1.0
190 191 1.0
190 211 1.0
190 212 1.0
191 192 1.0
191 212 1.0
191 213 1.0
192 193 1.0
192 213 1.0
192 214 1.0
193 194 1.0
193 214 1.0
193 215 1.0
194 195 1.0
194 215 1.0
194 216 1.0
195 196 1.0
195 216 1.0
195 217 1.0
196 197 1.0
196 217 1.0
196 218 1.0
197 198 1.0
197 218 1.0
197 219 1.0
198 199 1.0
198 219 1.0
198 220 1.0
199 200 1.0
199 220 1.0
199 221 1.0
200 201 1.0
200 221 1.0
200 222 1.0
201 202 1.0
201 222 1.0
201 223 1.0
202 203 1.0
202 223 1.0
202 224 1.0
203 204 1.0
203 224 1.0
203 225 1.0
204 205 1.0
204 225 1.0
204 226 1.0
205 206 1.0
205 226 1.0
205 227 1.0
206 207 1.0
206 227 1.0
206 228 1.0
207 208 1.0
207 228 1.0
207 229 1.0
208 209 1.0
208 229 1.0
208 230 1.0
209 189 1.0
209 230 1.0
209 210 1.0
210 211 1.0
210 231 1.0
210 232 1.0
211 212 1.0
211 232 1.0
211 233 1.0
212 213 1.0
212 233 1.0
212 234 1.0
213 214 1.0
213 234 1.0
213 235 1.0
214 215 1.0
214 235 1.0
214 236 1.0
215 216 1.0
215 236 1.0
215 237 1.0
216 217 1.0
216 237 1.0
216 238 1.0
217 218 1.0
217 238 1.0
217 239 1.0
218 219 1.0
218 239 1.0
218 240 1.0
219 220 1.0
219 240 1.0
219 241 1.0
220 221 1.0
220 241 1.0
220 242 1.0
221 222 1.0
221 242 1.0
221 243 1.0
222 223 1.0
222 243 1.0
222 244 1.0
223 224 1.0
223 244 1.0
223 245 1.0
224 225 1.0
224 245 1.0
224 246 1.0
225 226 1.0
225 246 1.0
225 247 1.0
226 227 1.0
226 247 1.0
226 248 1.0
227 228 1.0
227 248 1.0
227 249 1.0
228 229 1.0
228 249 1.0
228 250 1.0
229 230 1.0
229 250 1.0
229 251 1.0
230 210 1.0
230 251 1.0
230 231 1.0
231 232 1.0
231 252 1.0
231 253 1.0
232 233 1.0
232 253 1.0
232 254 1.0
233 234 1.0
233 254 1.0
233 255 1.0
234 235 1.0
234 255 1.0
234 256 1.0
235 236 1.0
235 256 1.0
235 257 1.0
236 237 1.0
236 257 1.0
236 258 1.0
237 238 1.0
237 258 1.0
237 259 1.0
238 239 1.0
238 259 1.0
238 260 1.0
239 240 1.0
239 260 1.0
239 261 1.0
240 241 1.0
240 261 1.0
240 262 1.0
241 242 1.0
241 262 1.0
241 263 1.0
242 243 1.0
242 263 1.0
242 264 1.0
243 244 1.0
243 264 1.0
243 265 1.0
244 245 1.0
244 265 1.0
244 266 1.0
245 246 1.0
245 266 1.0
245 267 1.0
246 247 1.0
246 267 1.0
246 268 1.0
247 248 1.0
247 268 1.0
247 269 1.0
248 249 1.0
248 269 1.0
248 270 1.0
249 250 1.0
249 270 1.0
249 271 1.0
250 251 1.0
250 271 1.0
250 272 1.0
251 231 1.0
251 272 1.0
251 252 1.0
252 253 1.0
252 273 1.0
252 274 1.0
253 254 1.0
253 274 1.0
253 275 1.0
254 255 1.0
254 275 1.0
254 276 1.0
255 256 1.0
255 276 1.0
255 277 1.0
256 257 1.0
256 277 1.0
256 278 1.0
257 258 1.0
257 278 1.0
257 279 1.0
258 259 1.0
258 279 1.0
258 280 1.0
259 260 1.0
259 280 1.0
259 281 1.0
260 261 1.0
260 281 1.0
260 282 1.0
261 262 1.0
261 282 1.0
261 283 1.0
262 263 1.0
262 283 1.0
262 284 1.0
263 264 1.0
263 284 1.0
263 285 1.0
264 265 1.0
264 285 1.0
264 286 1.0
265 266 1.0
265 286 1.0
265 287 1.0
266 267 1.0
266 287 1.0
266 288 1.0
267 268 1.0
267 288 1.0
267 289 1.0
268 269 1.0
268 289 1.0
268 290 1.0
269 270 1.0
269 290 1.0
269 291 1.0
270 271 1.0
270 291 1.0
270 292 1.0
271 272 1.0
271 292 1.0
271 293 1.0
272 252 1.0
272 293 1.0
272 273 1.0
273 274 1.0
273 294 1.0
273 295 1.0
274 275 1.0
274 295 1.0
274 296 1.0
275 276 1.0
275 296 1.0
275 297 1.0
276 277 1.0
276 297 1.0
276 298 1.0
277 278 1.0
277 298 1.0
277 299 1.0
278 279 1.0
278 299 1.0
278 300 1.0
279 280 1.0
279 300 1.0
279 301 1.0
280 281 1.0
280 301 1.0
280 302 1.0
281 282 1.0
281 302 1.0
281 303 1.0
282 283 1.0
282 303 1.0
282 304 1.0
283 284 1.0
283 304 1.0
283 305 1.0
284 285 1.0
284 305 1.0
284 306 1.0
285 286 1.0
285 306 1.0
285 307 1.0
286 287 1.0
286 307 1.0
286 308 1.0
287 288 1.0
287 308 1.0
287 309 1.0
288 289 1.0
288 309 1.0
288 310 1.0
289 290 1.0
289 310 1.0
289 311 1.0
290 291 1.0
290 311 1.0
290 312 1.0
291 292 1.0
291 312 1.0
291 313 1.0
292 293 1.0
292 313 1.0
292 314 1.0
293 273 1.0
293 314 1.0
293 294 1.0
294 295 1.0
294 315 1.0
294 316 1.0
295 296 1.0
295 316 1.0
295 317 1.0
296 297 1.0
296 317 1.0
296 318 1.0
297 298 1.0
297 318 1.0
297 319 1.0
298 299 1.0
298 319 1.0
298 320 1.0
299 300 1.0
299 320 1.0
299 321 1.0
300 301 1.0
300 321 1.0
300 322 1.0
301 302 1.0
301 322 1.0
301 323 1.0
302 303 1.0
302 323 1.0
302 324 1.0
303 304 1.0
303 324 1.0
303 325 1.0
304 305 1.0
304 325 1.0
304 326 1.0
305 306 1.0
305 326 1.0
305 327 1.0
306 307 1.0
306 327 1.0
306 328 1.0
307 308 1.0
307 328 1.0
307 329 1.0
308 309 1.0
308 329 1.0
308 330 1.0
309 310 1.0
309 330 1.0
309 331 1.0
310 311 1.0
310 331 1.0
310 332 1.0
311 312 1.0
311 332 1.0
311 333 1.0
312 313 1.0
312 333 1.0
312 334 1.0
313 314 1.0
313 334 1.0
313 335 1.0
314 294 1.0
314 335 1.0
314 315 1.0
315 316 1.0
315 336 1.0
315 337 1.0
316 317 1.0
316 337 1.0
316 338 1.0
317 318 1.0
317 338 1.0
317 339 1.0
318 319 1.0
318 339 1.0
318 340 1.0
319 320 1.0
319 340 1.0
319 341 1.0
320 321 1.0
320 341 1.0
320 342 1.0
321 322 1.0
321 342 1.0
321 343 1.0
322 323 1.0
322 343 1.0
322 344 1.0
323 324 1.0
323 344 1.0
323 345 1.0
324 325 1.0
324 345 1.0
324 346 1.0
325 326 1.0
325 346 1.0
325 347 1.0
326 327 1.0
326 347 1.0
326 348 1.0
327 328 1.0
327 348 1.0
327 349 1.0
328 329 1.0
328 349 1.0
328 350 1.0
329 330 1.0
329 350 1.0
329 351 1.0
330 331 1.0
330 351 1.0
330 352 1.0
331 332 1.0
331 352 1.0
331 353 1.0
332 333 1.0
332 353 1.0
332 354 1.0
333 334 1.0
333 354 1.0
333 355 1.0
334 335 1.0
334 355 1.0
334 356 1.0
335 315 1.0
335 356 1.0
335 336 1.0
336 337 1.0
336 357 1.0
336 358 1.0
337 338 1.0
337 358 1.0
337 359 1.0
338 339 1.0
338 359 1.0
338 360 1.0
339 340 1.0
339 360 1.0
339 361 1.0
340 341 1.0
340 361 1.0
340 362 1.0
341 342 1.0
341 362 1.0
341 363 1.0
342 343 1.0
342 363 1.0
342 364 1.0
343 344 1.0
343 364 1.0
343 365 1.0
344 345 1.0
344 365 1.0
344 366 1.0
345 346 1.0
345 366 1.0
345 367 1.0
346 347 1.0
346 367 1.0
346 368 1.0
347 348 1.0
347 368 1.0
347 369 1.0
348 349 1.0
348 369 1.0
348 370 1.0
349 350 1.0
349 370 1.0
349 371 1.0
350 351 1.0
350 371 1.0
350 372 1.0
351 352 1.0
351 372 1.0
351 373 1.0
352 353 1.0
352 373 1.0
352 374 1.0
353 354 1.0
353 374 1.0
353 375 1.0
354 355 1.0
354 375 1.0
354 376 1.0
355 356 1.0
355 376 1.0
355 377 1.0
356 336 1.0
356 377 1.0
356 357 1.0
357 358 1.0
357 378 1.0
357 379 1.0
358 359 1.0
358 379 1.0
358 380 1.0
359 360 1.0
359 380 1.0
359 381 1.0
360 361 1.0
360 381 1.0
360 382 1.0
361 362 1.0
361 382 1.0
361 383 1.0
362 363 1.0
362 383 1.0
362 384 1.0
363 364 1.0
363 384 1.0
363 385 1.0
364 365 1.0
364 385 1.0
364 386 1.0
365 366 1.0
365 386 1.0
365 387 1.0
366 367 1.0
366 387 1.0
366 388 1.0
367 368 1.0
367 388 1.0
367 389 1.0
368 369 1.0
368 389 1.0
368 390 1.0
369 370 1.0
369 390 1.0
369 391 1.0
370 371 1.0
370 391 1.0
370 392 1.0
371 372 1.0
371 392 1.0
371 393 1.0
372 373 1.0
372 393 1.0
372 394 1.0
373 374 1.0
373 394 1.0
373 395 1.0
374 375 1.0
374 395 1.0
374 396 1.0
375 376 1.0
375 396 1.0
375 397 1.0
376 377 1.0
376 397 1.0
376 398 1.0
377 357 1.0
377 398 1.0
377 378 1.0
378 379 1.0
378 399 1.0
378 400 1.0
379 380 1.0
379 400 1.0
379 401 1.0
380 381 1.0
380 401 1.0
380 402 1.0
381 382 1.0
381 402 1.0
381 403 1.0
382 383 1.0
382 403 1.0
382 404 1.0
383 384 1.0
383 404 1.0
383 405 1.0
384 385 1.0
384 405 1.0
384 406 1.0
385 386 1.0
385 406 1.0
385 407 1.0
386 387 1.0
386 407 1.0
386 408 1.0
387 388 1.0
387 408 1.0
387 409 1.0
388 389 1.0
388 409 1.0
388 410 1.0
389 390 1.0
389 410 1.0
389 411 1.0
390 391 1.0
390 411 1.0
390 412 1.0
391 392 1.0
391 412 1.0
391 413 1.0
392 393 1.0
392 413 1.0
392 414 1.0
393 394 1.0
393 414 1.0
393 415 1.0
394 395 1.0
394 415 1.0
394 416 1.0
395 396 1.0
395 416 1.0
395 417 1.0
396 397 1.0
396 417 1.0
396 418 1.0
397 398 1.0
397 418 1.0
397 419 1.0
398 378 1.0
398 419 1.0
398 399 1.0
399 400 1.0
399 420 1.0
399 421 1.0
400 401 1.0
400 421 1.0
400 422 1.0
401 402 1.0
401 422 1.0
401 423 1.0
402 403 1.0
402 423 1.0
402 424 1.0
403 404 1.0
403 424 1.0
403 425 1.0
404 405 1.0
404 425 1.0
404 426 1.0
405 406 1.0
405 426 1.0
405 427 1.0
406 407 1.0
406 427 1.0
406 428 1.0
407 408 1.0
407 428 1.0
407 429 1.0
408 409 1.0
408 429 1.0
408 430 1.0
409 410 1.0
409 430 1.0
409 431 1.0
410 411 1.0
410 431 1.0
410 432 1.0
411 412 1.0
411 432 1.0
411 433 1.0
412 413 1.0
412 433 1.0
412 434 1.0
413 414 1.0
413 434 1.0
413 435 1.0
414 415 1.0
414 435 1.0
414 436 1.0
415 416 1.0
415 436 1.0
415 437 1.0
416 417 1.0
416 437 1.0
416 438 1.0
417 418 1.0
417 438 1.0
417 439 1.0
418 419 1.0
418 439 1.0
418 440 1.0
419 399 1.0
419 440 1.0
419 420 1.0
420 421 1.0
420 0 1.0
420 1 1.0
421 422 1.0
421 1 1.0
421 2 1.0
422 423 1.0
422 2 1.0
422 3 1.0
423 424 1.0
423 3 1.0
423 4 1.0
424 425 1.0
424 4 1.0
424 5 1.0
425 426 1.0
425 5 1.0
425 6 1.0
426 427 1.0
426 6 1.0
426 7 1.0
427 428 1.0
427 7 1.0
427 8 1.0
428 429 1.0
428 8 1.0
428 9 1.0
429 430 1.0
429 9 1.0
429 10 1.0
430 431 1.0
430 10 1.0
430 11 1.0
431 432 1.0
431 11 1.0
431 12 1.0
432 433 1.0
432 12 1.0
432 13 1.0
433 434 1.0
433 13 1.0
433 14 1.0
434 435 1.0
434 14 1.0
434 15 1.0
435 436 1.0
435 15 1.0
435 16 1.0
436 437 1.0
436 16 1.0
436 17 1.0
437 438 1.0
437 17 1.0
437 18 1.0
438 439 1.0
438 18 1.0
438 19 1.0
439 440 1.0
439 19 1.0
439 20 1.0
440 420 1.0
440 20 1.0
440 0 1.0
