0 1 1.0
0 45 1.0
0 46 1.0
1 2 1.0
1 46 1.0
1 47 1.0
2 3 1.0
2 47 1.0
2 48 1.0
3 4 1.0
3 48 1.0
3 49 1.0
4 5 1.0
4 49 1.0
4 50 1.0
5 6 1.0
5 50 1.0
5 51 1.0
6 7 1.0
6 51 1.0
6 52 1.0
7 8 1.0
7 52 1.0
7 53 1.0
8 9 1.0
8 53 1.0
8 54 1.0
9 10 1.0
9 54 1.0
9 55 1.0
10 11 1.0
10 55 1.0
10 56 1.0
11 12 1.0
11 56 1.0
11 57 1.0
12 13 1.0
12 57 1.0
12 58 1.0
13 14 1.0
13 58 1.0
13 59 1.0
14 15 1.0
14 59 1.0
14 60 1.0
15 16 1.0
15 60 1.0
15 61 1.0
16 17 1.0
16 61 1.0
16 62 1.0
17 18 1.0
17 62 1.0
17 63 1.0
18 19 1.0
18 63 1.0
18 64 1.0
19 20 1.0
19 64 1.0
19 65 1.0
20 21 1.0
20 65 1.0
20 66 1.0
21 22 1.0
21 66 1.0
21 67 1.0
22 23 1.0
22 67 1.0
22 68 1.0
23 24 1.0
23 68 1.0
23 69 1.0
24 25 1.0
24 69 1.0
24 70 1.0
25 26 1.0
25 70 1.0
25 71 1.0
26 27 1.0
26 71 1.0
26 72 1.0
27 28 1.0
27 72 1.0
27 73 1.0
28 29 1.0
28 73 1.0
28 74 1.0
29 30 1.0
29 74 1.0
29 75 1.0
30 31 1.0
30 75 1.0
30 76 1.0
31 32 1.0
31 76 1.0
31 77 1.0
32 33 1.0
32 77 1.0
32 78 1.0
33 34 1.0
33 78 1.0
33 79 1.0
34 35 1.0
34 79 1.0
34 80 1.0
35 36 1.0
35 80 1.0
35 81 1.0
36 37 1.0
36 81 1.0
36 82 1.0
37 38 1.0
37 82 1.0
37 83 1.0
38 39 1.0
38 83 1.0
38 84 1.0
39 40 1.0
39 84 1.0
39 85 1.0
40 41 1.0
40 85 1.0
40 86 1.0
41 42 1.0
41 86 1.0
41 87 1.0
42 43 1.0
42 87 1.0
42 88 1.0
43 44 1.0
43 88 1.0
43 89 1.0
44 0 1.0
44 89 1.0
44 45 1.0
45 46 1.0
45 90 1.0
45 91 1.0
46 47 1.0
46 91 1.0
46 92 1.0
47 48 1.0
47 92 1.0
47 93 1.0
48 49 1.0
48 93 1.0
48 94 1.0
49 50 1.0
49 94 1.0
49 95 1.0
50 51 1.0
50 95 1.0
50 96 1.0
51 52 1.0
51 96 1.0
51 97 1.0
52 53 1.0
52 97 1.0
52 98 1.0
53 54 1.0
53 98 1.0
53 99 1.0
54 55 1.0
54 99 1.0
54 100 1.0
55 56 1.0
55 100 1.0
55 101 1.0
56 57 1.0
56 101 1.0
56 102 1.0
57 58 1.0
57 102 1.0
57 103 1.0
58 59 1.0
58 103 1.0
58 104 1.0
59 60 1.0
59 104 1.0
59 105 1.0
60 61 1.0
60 105 1.0
60 106 1.0
61 62 1.0
61 106 1.0
61 107 1.0
62 63 1.0
62 107 1.0
62 108 1.0
63 64 1.0
63 108 1.0
63 109 1.0
64 65 1.0
64 109 1.0
64 110 1.0
65 66 1.0
65 110 1.0
65 111 1.0
66 67 1.0
66 111 1.0
66 112 1.0
67 68 1.0
67 112 1.0
67 113 1.0
68 69 1.0
68 113 1.0
68 114 1.0
69 70 1.0
69 114 1.0
69 115 1.0
70 71 1.0
70 115 1.0
70 116 1.0
71 72 1.0
71 116 1.0
71 117 1.0
72 73 1.0
72 117 1.0
72 118 1.0
73 74 1.0
73 118 1.0
73 119 1.0
74 75 1.0
74 119 1.0
74 120 1.0
75 76 1.0
75 120 1.0
75 121 1.0
76 77 1.0
76 121 1.0
76 122 1.0
77 78 1.0
77 122 1.0
77 123 1.0
78 79 1.0
78 123 1.0
78 124 1.0
79 80 1.0
79 124 1.0
79 125 1.0
80 81 1.0
80 125 1.0
80 126 1.0
81 82 1.0
81 126 1.0
81 127 1.0
82 83 1.0
82 127 1.0
82 128 1.0
83 84 1.0
83 128 1.0
83 129 1.0
84 85 1.0
84 129 1.0
84 130 1.0
85 86 1.0
85 130 1.0
85 131 1.0
86 87 1.0
86 131 1.0
86 132 1.0
87 88 1.0
87 132 1.0
87 133 1.0
88 89 1.0
88 133 1.0
88 134 1.0
89 45 1.0
89 134 1.0
89 90 1.0
90 91 1.0
90 135 1.0
90 136 1.0
91 92 1.0
91 136 1.0
91 137 1.0
92 93 1.0
92 137 1.0
92 138 1.0
93 94 1.0
93 138 1.0
93 139 1.0
94 95 1.0
94 139 1.0
94 140 1.0
95 96 1.0
95 140 1.0
95 141 1.0
96 97 1.0
96 141 1.0
96 142 1.0
97 98 1.0
97 142 1.0
97 143 1.0
98 99 1.0
98 143 1.0
98 144 1.0
99 100 1.0
99 144 1.0
99 145 1.0
100 101 1.0
100 145 1.0
100 146 1.0
101 102 1.0
101 146 1.0
101 147 1.0
102 103 1.0
102 147 1.0
102 148 1.0
103 104 1.0
103 148 1.0
103 149 1.0
104 105 1.0
104 149 1.0
104 150 1.0
105 106 1.0
105 150 1.0
105 151 1.0
106 107 1.0
106 151 1.0
106 152 1.0
107 108 1.0
107 152 1.0
107 153 1.0
108 109 1.0
108 153 1.0
108 154 1.0
109 110 1.0
109 154 1.0
109 155 1.0
110 111 1.0
110 155 1.0
110 156 1.0
111 112 1.0
111 156 1.0
111 157 1.0
112 113 1.0
112 157 1.0
112 158 1.0
113 114 1.0
113 158 1.0
113 159 1.0
114 115 1.0
114 159 1.0
114 160 1.0
115 116 1.0
115 160 1.0
115 161 1.0
116 117 1.0
116 161 1.0
116 162 1.0
117 118 1.0
117 162 1.0
117 163 1.0
118 119 1.0
118 163 1.0
118 164 1.0
119 120 1.0
119 164 1.0
119 165 1.0
120 121 1.0
120 165 1.0
120 166 1.0
121 122 1.0
121 166 1.0
121 167 1.0
122 123 1.0
122 167 1.0
122 168 1.0
123 124 1.0
123 168 1.0
123 169 1.0
124 125 1.0
124 169 1.0
124 170 1.0
125 126 1.0
125 170 1.0
125 171 1.0
126 127 1.0
126 171 1.0
126 172 1.0
127 128 1.0
127 172 1.0
127 173 1.0
128 129 1.0
128 173 1.0
128 174 1.0
129 130 1.0
129 174 1.0
129 175 1.0
130 131 1.0
130 175 1.0
130 176 1.0
131 132 1.0
131 176 1.0
131 177 1.0
132 133 1.0
132 177 1.0
132 178 1.0
133 134 1.0
133 178 1.0
133 179 1.0
134 90 1.0
134 179 1.0
134 135 1.0
135 136 1.0
135 180 1.0
135 181 1.0
136 137 1.0
136 181 1.0
136 182 1.0
137 138 1.0
137 182 1.0
137 183 1.0
138 139 1.0
138 183 1.0
138 184 1.0
139 140 1.0
139 184 1.0
139 185 1.0
140 141 1.0
140 185 1.0
140 186 1.0
141 142 1.0
141 186 1.0
141 187 1.0
142 143 1.0
142 187 1.0
142 188 1.0
143 144 1.0
143 188 1.0
143 189 1.0
144 145 1.0
144 189 1.0
144 190 1.0
145 146 1.0
145 190 1.0
145 191 1.0
146 147 1.0
146 191 1.0
146 192 1.0
147 148 1.0
147 192 1.0
147 193 1.0
148 149 1.0
148 193 1.0
148 194 1.0
149 150 1.0
149 194 1.0
149 195 1.0
150 151 1.0
150 195 1.0
150 196 1.0
151 152 1.0
151 196 1.0
151 197 1.0
152 153 1.0
152 197 1.0
152 198 1.0
153 154 1.0
153 198 1.0
153 199 1.0
154 155 1.0
154 199 1.0
154 200 1.0
155 156 1.0
155 200 1.0
155 201 1.0
156 157 1.0
156 201 1.0
156 202 1.0
157 158 1.0
157 202 1.0
157 203 1.0
158 159 1.0
158 203 1.0
158 204 1.0
159 160 1.0
159 204 1.0
159 205 1.0
160 161 1.0
160 205 1.0
160 206 1.0
161 162 1.0
161 206 1.0
161 207 1.0
162 163 1.0
162 207 1.0
162 208 1.0
163 164 1.0
163 208 1.0
163 209 1.0
164 165 1.0
164 209 1.0
164 210 1.0
165 166 1.0
165 210 1.0
165 211 1.0
166 167 1.0
166 211 1.0
166 212 1.0
167 168 1.0
167 212 1.0
167 213 1.0
168 169 1.0
168 213 1.0
168 214 1.0
169 170 1.0
169 214 1.0
169 215 1.0
170 171 1.0
170 215 1.0
170 216 1.0
171 172 1.0
171 216 1.0
171 217 1.0
172 173 1.0
172 217 1.0
172 218 1.0
173 174 1.0
173 218 1.0
173 219 1.0
174 175 1.0
174 219 1.0
174 220 1.0
175 176 1.0
175 220 1.0
175 221 1.0
176 177 1.0
176 221 1.0
176 222 1.0
177 178 1.0
177 222 1.0
177 223 1.0
178 179 1.0
178 223 1.0
178 224 1.0
179 135 1.0
179 224 1.0
179 180 1.0
180 181 1.0
180 225 1.0
180 226 1.0
181 182 1.0
181 226 1.0
181 227 1.0
182 183 1.0
182 227 1.0
182 228 1.0
183 184 1.0
183 228 1.0
183 229 1.0
184 185 1.0
184 229 1.0
184 230 1.0
185 186 1.0
185 230 1.0
185 231 1.0
186 187 1.0
186 231 1.0
186 232 1.0
187 188 1.0
187 232 1.0
187 233 1.0
188 189 1.0
188 233 1.0
188 234 1.0
189 190 1.0
189 234 1.0
189 235 1.0
190 191 1.0
190 235 1.0
190 236 1.0
191 192 1.0
191 236 1.0
191 237 1.0
192 193 1.0
192 237 1.0
192 238 1.0
193 194 1.0
193 238 1.0
193 239 1.0
194 195 1.0
194 239 1.0
194 240 1.0
195 196 1.0
195 240 1.0
195 241 1.0
196 197 1.0
196 241 1.0
196 242 1.0
197 198 1.0
197 242 1.0
197 243 1.0
198 199 1.0
198 243 1.0
198 244 1.0
199 200 1.0
199 244 1.0
199 245 1.0
200 201 1.0
200 245 1.0
200 246 1.0
201 202 1.0
201 246 1.0
201 247 1.0
202 203 1.0
202 247 1.0
202 248 1.0
203 204 1.0
203 248 1.0
203 249 1.0
204 205 1.0
204 249 1.0
204 250 1.0
205 206 1.0
205 250 1.0
205 251 1.0
206 207 1.0
206 251 1.0
206 252 1.0
207 208 1.0
207 252 1.0
207 253 1.0
208 209 1.0
208 253 1.0
208 254 1.0
209 210 1.0
209 254 1.0
209 255 1.0
210 211 1.0
210 255 1.0
210 256 1.0
211 212 1.0
211 256 1.0
211 257 1.0
212 213 1.0
212 257 1.0
212 258 1.0
213 214 1.0
213 258 1.0
213 259 1.0
214 215 1.0
214 259 1.0
214 260 1.0
215 216 1.0
215 260 1.0
215 261 1.0
216 217 1.0
216 261 1.0
216 262 1.0
217 218 1.0
217 262 1.0
217 263 1.0
218 219 1.0
218 263 1.0
218 264 1.0
219 220 1.0
219 264 1.0
219 265 1.0
220 221 1.0
220 265 1.0
220 266 1.0
221 222 1.0
221 266 1.0
221 267 1.0
222 223 1.0
222 267 1.0
222 268 1.0
223 224 1.0
223 268 1.0
223 269 1.0
224 180 1.0
224 269 1.0
224 225 1.0
225 226 1.0
225 270 1.0
225 271 1.0
226 227 1.0
226 271 1.0
226 272 1.0
227 228 1.0
227 272 1.0
227 273 1.0
228 229 1.0
228 273 1.0
228 274 1.0
229 230 1.0
229 274 1.0
229 275 1.0
230 231 1.0
230 275 1.0
230 276 1.0
231 232 1.0
231 276 1.0
231 277 1.0
232 233 1.0
232 277 1.0
232 278 1.0
233 234 1.0
233 278 1.0
233 279 1.0
234 235 1.0
234 279 1.0
234 280 1.0
235 236 1.0
235 280 1.0
235 281 1.0
236 237 1.0
236 281 1.0
236 282 1.0
237 238 1.0
237 282 1.0
237 283 1.0
238 239 1.0
238 283 1.0
238 284 1.0
239 240 1.0
239 284 1.0
239 285 1.0
240 241 1.0
240 285 1.0
240 286 1.0
241 242 1.0
241 286 1.0
241 287 1.0
242 243 1.0
242 287 1.0
242 288 1.0
243 244 1.0
243 288 1.0
243 289 1.0
244 245 1.0
244 289 1.0
244 290 1.0
245 246 1.0
245 290 1.0
245 291 1.0
246 247 1.0
246 291 1.0
246 292 1.0
247 248 1.0
247 292 1.0
247 293 1.0
248 249 1.0
248 293 1.0
248 294 1.0
249 250 1.0
249 294 1.0
249 295 1.0
250 251 1.0
250 295 1.0
250 296 1.0
251 252 1.0
251 296 1.0
251 297 1.0
252 253 1.0
252 297 1.0
252 298 1.0
253 254 1.0
253 298 1.0
253 299 1.0
254 255 1.0
254 299 1.0
254 300 1.0
255 256 1.0
255 300 1.0
255 301 1.0
256 257 1.0
256 301 1.0
256 302 1.0
257 258 1.0
257 302 1.0
257 303 1.0
258 259 1.0
258 303 1.0
258 304 1.0
259 260 1.0
259 304 1.0
259 305 1.0
260 261 1.0
260 305 1.0
260 306 1.0
261 262 1.0
261 306 1.0
261 307 1.0
262 263 1.0
262 307 1.0
262 308 1.0
263 264 1.0
263 308 1.0
263 309 1.0
264 265 1.0
264 309 1.0
264 310 1.0
265 266 1.0
265 310 1.0
265 311 1.0
266 267 1.0
266 311 1.0
266 312 1.0
267 268 1.0
267 312 1.0
267 313 1.0
268 269 1.0
268 313 1.0
268 314 1.0
269 225 1.0
269 314 1.0
269 270 1.0
270 271 1.0
270 315 1.0
270 316 1.0
271 272 1.0
271 316 1.0
271 317 1.0
272 273 1.0
272 317 1.0
272 318 1.0
273 274 1.0
273 318 1.0
273 319 1.0
274 275 1.0
274 319 1.0
274 320 1.0
275 276 1.0
275 320 1.0
275 321 1.0
276 277 1.0
276 321 1.0
276 322 1.0
277 278 1.0
277 322 1.0
277 323 1.0
278 279 1.0
278 323 1.0
278 324 1.0
279 280 1.0
279 324 1.0
279 325 1.0
280 281 1.0
280 325 1.0
280 326 1.0
281 282 1.0
281 326 1.0
281 327 1.0
282 283 1.0
282 327 1.0
282 328 1.0
283 284 1.0
283 328 1.0
283 329 1.0
284 285 1.0
284 329 1.0
284 330 1.0
285 286 1.0
285 330 1.0
285 331 1.0
286 287 1.0
286 331 1.0
286 332 1.0
287 288 1.0
287 332 1.0
287 333 1.0
288 289 1.0
288 333 1.0
288 334 1.0
289 290 1.0
289 334 1.0
289 335 1.0
290 291 1.0
290 335 1.0
290 336 1.0
291 292 1.0
291 336 1.0
291 337 1.0
292 293 1.0
292 337 1.0
292 338 1.0
293 294 1.0
293 338 1.0
293 339 1.0
294 295 1.0
294 339 1.0
294 340 1.0
295 296 1.0
295 340 1.0
295 341 1.0
296 297 1.0
296 341 1.0
296 342 1.0
297 298 1.0
297 342 1.0
297 343 1.0
298 299 1.0
298 343 1.0
298 344 1.0
299 300 1.0
299 344 1.0
299 345 1.0
300 301 1.0
300 345 1.0
300 346 1.0
301 302 1.0
301 346 1.0
301 347 1.0
302 303 1.0
302 347 1.0
302 348 1.0
303 304 1.0
303 348 1.0
303 349 1.0
304 305 1.0
304 349 1.0
304 350 1.0
305 306 1.0
305 350 1.0
305 351 1.0
306 307 1.0
306 351 1.0
306 352 1.0
307 308 1.0
307 352 1.0
307 353 1.0
308 309 1.0
308 353 1.0
308 354 1.0
309 310 1.0
309 354 1.0
309 355 1.0
310 311 1.0
310 355 1.0
310 356 1.0
311 312 1.0
311 356 1.0
311 357 1.0
312 313 1.0
312 357 1.0
312 358 1.0
313 314 1.0
313 358 1.0
313 359 1.0
314 270 1.0
314 359 1.0
314 315 1.0
315 316 1.0
315 360 1.0
315 361 1.0
316 317 1.0
316 361 1.0
316 362 1.0
317 318 1.0
317 362 1.0
317 363 1.0
318 319 1.0
318 363 1.0
318 364 1.0
319 320 1.0
319 364 1.0
319 365 1.0
320 321 1.0
320 365 1.0
320 366 1.0
321 322 1.0
321 366 1.0
321 367 1.0
322 323 1.0
322 367 1.0
322 368 1.0
323 324 1.0
323 368 1.0
323 369 1.0
324 325 1.0
324 369 1.0
324 370 1.0
325 326 1.0
325 370 1.0
325 371 1.0
326 327 1.0
326 371 1.0
326 372 1.0
327 328 1.0
327 372 1.0
327 373 1.0
328 329 1.0
328 373 1.0
328 374 1.0
329 330 1.0
329 374 1.0
329 375 1.0
330 331 1.0
330 375 1.0
330 376 1.0
331 332 1.0
331 376 1.0
331 377 1.0
332 333 1.0
332 377 1.0
332 378 1.0
333 334 1.0
333 378 1.0
333 379 1.0
334 335 1.0
334 379 1.0
334 380 1.0
335 336 1.0
335 380 1.0
335 381 1.0
336 337 1.0
336 381 1.0
336 382 1.0
337 338 1.0
337 382 1.0
337 383 1.0
338 339 1.0
338 383 1.0
338 384 1.0
339 340 1.0
339 384 1.0
339 385 1.0
340 341 1.0
340 385 1.0
340 386 1.0
341 342 1.0
341 386 1.0
341 387 1.0
342 343 1.0
342 387 1.0
342 388 1.0
343 344 1.0
343 388 1.0
343 389 1.0
344 345 1.0
344 389 1.0
344 390 1.0
345 346 1.0
345 390 1.0
345 391 1.0
346 347 1.0
346 391 1.0
346 392 1.0
347 348 1.0
347 392 1.0
347 393 1.0
348 349 1.0
348 393 1.0
348 394 1.0
349 350 1.0
349 394 1.0
349 395 1.0
350 351 1.0
350 395 1.0
350 396 1.0
351 352 1.0
351 396 1.0
351 397 1.0
352 353 1.0
352 397 1.0
352 398 1.0
353 354 1.0
353 398 1.0
353 399 1.0
354 355 1.0
354 399 1.0
354 400 1.0
355 356 1.0
355 400 1.0
355 401 1.0
356 357 1.0
356 401 1.0
356 402 1.0
357 358 1.0
357 402 1.0
357 403 1.0
358 359 1.0
358 403 1.0
358 404 1.0
359 315 1.0
359 404 1.0
359 360 1.0
360 361 1.0
360 405 1.0
360 406 1.0
361 362 1.0
361 406 1.0
361 407 1.0
362 363 1.0
362 407 1.0
362 408 1.0
363 364 1.0
363 408 1.0
363 409 1.0
364 365 1.0
364 409 1.0
364 410 1.0
365 366 1.0
365 410 1.0
365 411 1.0
366 367 1.0
366 411 1.0
366 412 1.0
367 368 1.0
367 412 1.0
367 413 1.0
368 369 1.0
368 413 1.0
368 414 1.0
369 370 1.0
369 414 1.0
369 415 1.0
370 371 1.0
370 415 1.0
370 416 1.0
371 372 1.0
371 416 1.0
371 417 1.0
372 373 1.0
372 417 1.0
372 418 1.0
373 374 1.0
373 418 1.0
373 419 1.0
374 375 1.0
374 419 1.0
374 420 1.0
375 376 1.0
375 420 1.0
375 421 1.0
376 377 1.0
376 421 1.0
376 422 1.0
377 378 1.0
377 422 1.0
377 423 1.0
378 379 1.0
378 423 1.0
378 424 1.0
379 380 1.0
379 424 1.0
379 425 1.0
380 381 1.0
380 425 1.0
380 426 1.0
381 382 1.0
381 426 1.0
381 427 1.0
382 383 1.0
382 427 1.0
382 428 1.0
383 384 1.0
383 428 1.0
383 429 1.0
384 385 1.0
384 429 1.0
384 430 1.0
385 386 1.0
385 430 1.0
385 431 1.0
386 387 1.0
386 431 1.0
386 432 1.0
387 388 1.0
387 432 1.0
387 433 1.0
388 389 1.0
388 433 1.0
388 434 1.0
389 390 1.0
389 434 1.0
389 435 1.0
390 391 1.0
390 435 1.0
390 436 1.0
391 392 1.0
391 436 1.0
391 437 1.0
392 393 1.0
392 437 1.0
392 438 1.0
393 394 1.0
393 438 1.0
393 439 1.0
394 395 1.0
394 439 1.0
394 440 1.0
395 396 1.0
395 440 1.0
395 441 1.0
396 397 1.0
396 441 1.0
396 442 1.0
397 398 1.0
397 442 1.0
397 443 1.0
398 399 1.0
398 443 1.0
398 444 1.0
399 400 1.0
399 444 1.0
399 445 1.0
400 401 1.0
400 445 1.0
400 446 1.0
401 402 1.0
401 446 1.0
401 447 1.0
402 403 1.0
402 447 1.0
402 448 1.0
403 404 1.0
403 448 1.0
403 449 1.0
404 360 1.0
404 449 1.0
404 405 1.0
405 406 1.0
405 450 1.0
405 451 1.0
406 407 1.0
406 451 1.0
406 452 1.0
407 408 1.0
407 452 1.0
407 453 1.0
408 409 1.0
408 453 1.0
408 454 1.0
409 410 1.0
409 454 1.0
409 455 1.0
410 411 1.0
410 455 1.0
410 456 1.0
411 412 1.0
411 456 1.0
411 457 1.0
412 413 1.0
412 457 1.0
412 458 1.0
413 414 1.0
413 458 1.0
413 459 1.0
414 415 1.0
414 459 1.0
414 460 1.0
415 416 1.0
415 460 1.0
415 461 1.0
416 417 1.0
416 461 1.0
416 462 1.0
417 418 1.0
417 462 1.0
417 463 1.0
418 419 1.0
418 463 1.0
418 464 1.0
419 420 1.0
419 464 1.0
419 465 1.0
420 421 1.0
420 465 1.0
420 466 1.0
421 422 1.0
421 466 1.0
421 467 1.0
422 423 1.0
422 467 1.0
422 468 1.0
423 424 1.0
423 468 1.0
423 469 1.0
424 425 1.0
424 469 1.0
424 470 1.0
425 426 1.0
425 470 1.0
425 471 1.0
426 427 1.0
426 471 1.0
426 472 1.0
427 428 1.0
427 472 1.0
427 473 1.0
428 429 1.0
428 473 1.0
428 474 1.0
429 430 1.0
429 474 1.0
429 475 1.0
430 431 1.0
430 475 1.0
430 476 1.0
431 432 1.0
431 476 1.0
431 477 1.0
432 433 1.0
432 477 1.0
432 478 1.0
433 434 1.0
433 478 1.0
433 479 1.0
434 435 1.0
434 479 1.0
434 480 1.0
435 436 1.0
435 480 1.0
435 481 1.0
436 437 1.0
436 481 1.0
436 482 1.0
437 438 1.0
437 482 1.0
437 483 1.0
438 439 1.0
438 483 1.0
438 484 1.0
439 440 1.0
439 484 1.0
439 485 1.0
440 441 1.0
440 485 1.0
440 486 1.0
441 442 1.0
441 486 1.0
441 487 1.0
442 443 1.0
442 487 1.0
442 488 1.0
443 444 1.0
443 488 1.0
443 489 1.0
444 445 1.0
444 489 1.0
444 490 1.0
445 446 1.0
445 490 1.0
445 491 1.0
446 447 1.0
446 491 1.0
446 492 1.0
447 448 1.0
447 492 1.0
447 493 1.0
448 449 1.0
448 493 1.0
448 494 1.0
449 405 1.0
449 494 1.0
449 450 1.0
450 451 1.0
450 495 1.0
450 496 1.0
451 452 1.0
451 496 1.0
451 497 1.0
452 453 1.0
452 497 1.0
452 498 1.0
453 454 1.0
453 498 1.0
453 499 1.0
454 455 1.0
454 499 1.0
454 500 1.0
455 456 1.0
455 500 1.0
455 501 1.0
456 457 1.0
456 501 1.0
456 502 1.0
457 458 1.0
457 502 1.0
457 503 1.0
458 459 1.0
458 503 1.0
458 504 1.0
459 460 1.0
459 504 1.0
459 505 1.0
460 461 1.0
460 505 1.0
460 506 1.0
461 462 1.0
461 506 1.0
461 507 1.0
462 463 1.0
462 507 1.0
462 508 1.0
463 464 1.0
463 508 1.0
463 509 1.0
464 465 1.0
464 509 1.0
464 510 1.0
465 466 1.0
465 510 1.0
465 511 1.0
466 467 1.0
466 511 1.0
466 512 1.0
467 468 1.0
467 512 1.0
467 513 1.0
468 469 1.0
468 513 1.0
468 514 1.0
469 470 1.0
469 514 1.0
469 515 1.0
470 471 1.0
470 515 1.0
470 516 1.0
471 472 1.0
471 516 1.0
471 517 1.0
472 473 1.0
472 517 1.0
472 518 1.0
473 474 1.0
473 518 1.0
473 519 1.0
474 475 1.0
474 519 1.0
474 520 1.0
475 476 1.0
475 520 1.0
475 521 1.0
476 477 1.0
476 521 1.0
476 522 1.0
477 478 1.0
477 522 1.0
477 523 1.0
478 479 1.0
478 523 1.0
478 524 1.0
479 480 1.0
479 524 1.0
479 525 1.0
480 481 1.0
480 525 1.0
480 526 1.0
481 482 1.0
481 526 1.0
481 527 1.0
482 483 1.0
482 527 1.0
482 528 1.0
483 484 1.0
483 528 1.0
483 529 1.0
484 485 1.0
484 529 1.0
484 530 1.0
485 486 1.0
485 530 1.0
485 531 1.0
486 487 1.0
486 531 1.0
486 532 1.0
487 488 1.0
487 532 1.0
487 533 1.0
488 489 1.0
488 533 1.0
488 534 1.0
489 490 1.0
489 534 1.0
489 535 1.0
490 491 1.0
490 535 1.0
490 536 1.0
491 492 1.0
491 536 1.0
491 537 1.0
492 493 1.0
492 537 1.0
492 538 1.0
493 494 1.0
493 538 1.0
493 539 1.0
494 450 1.0
494 539 1.0
494 495 1.0
495 496 1.0
495 540 1.0
495 541 1.0
496 497 1.0
496 541 1.0
496 542 1.0
497 498 1.0
497 542 1.0
497 543 1.0
498 499 1.0
498 543 1.0
498 544 1.0
499 500 1.0
499 544 1.0
499 545 1.0
500 501 1.0
500 545 1.0
500 546 1.0
501 502 1.0
501 546 1.0
501 547 1.0
502 503 1.0
502 547 1.0
502 548 1.0
503 504 1.0
503 548 1.0
503 549 1.0
504 505 1.0
504 549 1.0
504 550 1.0
505 506 1.0
505 550 1.0
505 551 1.0
506 507 1.0
506 551 1.0
506 552 1.0
507 508 1.0
507 552 1.0
507 553 1.0
508 509 1.0
508 553 1.0
508 554 1.0
509 510 1.0
509 554 1.0
509 555 1.0
510 511 1.0
510 555 1.0
510 556 1.0
511 512 1.0
511 556 1.0
511 557 1.0
512 513 1.0
512 557 1.0
512 558 1.0
513 514 1.0
513 558 1.0
513 559 1.0
514 515 1.0
514 559 1.0
514 560 1.0
515 516 1.0
515 560 1.0
515 561 1.0
516 517 1.0
516 561 1.0
516 562 1.0
517 518 1.0
517 562 1.0
517 563 1.0
518 519 1.0
518 563 1.0
518 564 1.0
519 520 1.0
519 564 1.0
519 565 1.0
520 521 1.0
520 565 1.0
520 566 1.0
521 522 1.0
521 566 1.0
521 567 1.0
522 523 1.0
522 567 1.0
522 568 1.0
523 524 1.0
523 568 1.0
523 569 1.0
524 525 1.0
524 569 1.0
524 570 1.0
525 526 1.0
525 570 1.0
525 571 1.0
526 527 1.0
526 571 1.0
526 572 1.0
527 528 1.0
527 572 1.0
527 573 1.0
528 529 1.0
528 573 1.0
528 574 1.0
529 530 1.0
529 574 1.0
529 575 1.0
530 531 1.0
530 575 1.0
530 576 1.0
531 532 1.0
531 576 1.0
531 577 1.0
532 533 1.0
532 577 1.0
532 578 1.0
533 534 1.0
533 578 1.0
533 579 1.0
534 535 1.0
534 579 1.0
534 580 1.0
535 536 1.0
535 580 1.0
535 581 1.0
536 537 1.0
536 581 1.0
536 582 1.0
537 538 1.0
537 582 1.0
537 583 1.0
538 539 1.0
538 583 1.0
538 584 1.0
539 495 1.0
539 584 1.0
539 540 1.0
540 541 1.0
540 585 1.0
540 586 1.0
541 542 1.0
541 586 1.0
541 587 1.0
542 543 1.0
542 587 1.0
542 588 1.0
543 544 1.0
543 588 1.0
543 589 1.0
544 545 1.0
544 589 1.0
544 590 1.0
545 546 1.0
545 590 1.0
545 591 1.0
546 547 1.0
546 591 1.0
546 592 1.0
547 548 1.0
547 592 1.0
547 593 1.0
548 549 1.0
548 593 1.0
548 594 1.0
549 550 1.0
549 594 1.0
549 595 1.0
550 551 1.0
550 595 1.0
550 596 1.0
551 552 1.0
551 596 1.0
551 597 1.0
552 553 1.0
552 597 1.0
552 598 1.0
553 554 1.0
553 598 1.0
553 599 1.0
554 555 1.0
554 599 1.0
554 600 1.0
555 556 1.0
555 600 1.0
555 601 1.0
556 557 1.0
556 601 1.0
556 602 1.0
557 558 1.0
557 602 1.0
557 603 1.0
558 559 1.0
558 603 1.0
558 604 1.0
559 560 1.0
559 604 1.0
559 605 1.0
560 561 1.0
560 605 1.0
560 606 1.0
561 562 1.0
561 606 1.0
561 607 1.0
562 563 1.0
562 607 1.0
562 608 1.0
563 564 1.0
563 608 1.0
563 609 1.0
564 565 1.0
564 609 1.0
564 610 1.0
565 566 1.0
565 610 1.0
565 611 1.0
566 567 1.0
566 611 1.0
566 612 1.0
567 568 1.0
567 612 1.0
567 613 1.0
568 569 1.0
568 613 1.0
568 614 1.0
569 570 1.0
569 614 1.0
569 615 1.0
570 571 1.0
570 615 1.0
570 616 1.0
571 572 1.0
571 616 1.0
571 617 1.0
572 573 1.0
572 617 1.0
572 618 1.0
573 574 1.0
573 618 1.0
573 619 1.0
574 575 1.0
574 619 1.0
574 620 1.0
575 576 1.0
575 620 1.0
575 621 1.0
576 577 1.0
576 621 1.0
576 622 1.0
577 578 1.0
577 622 1.0
577 623 1.0
578 579 1.0
578 623 1.0
578 624 1.0
579 580 1.0
579 624 1.0
579 625 1.0
580 581 1.0
580 625 1.0
580 626 1.0
581 582 1.0
581 626 1.0
581 627 1.0
582 583 1.0
582 627 1.0
582 628 1.0
583 584 1.0
583 628 1.0
583 629 1.0
584 540 1.0
584 629 1.0
584 585 1.0
585 586 1.0
585 630 1.0
585 631 1.0
586 587 1.0
586 631 1.0
586 632 1.0
587 588 1.0
587 632 1.0
587 633 1.0
588 589 1.0
588 633 1.0
588 634 1.0
589 590 1.0
589 634 1.0
589 635 1.0
590 591 1.0
590 635 1.0
590 636 1.0
591 592 1.0
591 636 1.0
591 637 1.0
592 593 1.0
592 637 1.0
592 638 1.0
593 594 1.0
593 638 1.0
593 639 1.0
594 595 1.0
594 639 1.0
594 640 1.0
595 596 1.0
595 640 1.0
595 641 1.0
596 597 1.0
596 641 1.0
596 642 1.0
597 598 1.0
597 642 1.0
597 643 1.0
598 599 1.0
598 643 1.0
598 644 1.0
599 600 1.0
599 644 1.0
599 645 1.0
600 601 1.0
600 645 1.0
600 646 1.0
601 602 1.0
601 646 1.0
601 647 1.0
602 603 1.0
602 647 1.0
602 648 1.0
603 604 1.0
603 648 1.0
603 649 1.0
604 605 1.0
604 649 1.0
604 650 1.0
605 606 1.0
605 650 1.0
605 651 1.0
606 607 1.0
606 651 1.0
606 652 1.0
607 608 1.0
607 652 1.0
607 653 1.0
608 609 1.0
608 653 1.0
608 654 1.0
609 610 1.0
609 654 1.0
609 655 1.0
610 611 1.0
610 655 1.0
610 656 1.0
611 612 1.0
611 656 1.0
611 657 1.0
612 613 1.0
612 657 1.0
612 658 1.0
613 614 1.0
613 658 1.0
613 659 1.0
614 615 1.0
614 659 1.0
614 660 1.0
615 616 1.0
615 660 1.0
615 661 1.0
616 617 1.0
616 661 1.0
616 662 1.0
617 618 1.0
617 662 1.0
617 663 1.0
618 619 1.0
618 663 1.0
618 664 1.0
619 620 1.0
619 664 1.0
619 665 1.0
620 621 1.0
620 665 1.0
620 666 1.0
621 622 1.0
621 666 1.0
621 667 1.0
622 623 1.0
622 667 1.0
622 668 1.0
623 624 1.0
623 668 1.0
623 669 1.0
624 625 1.0
624 669 1.0
624 670 1.0
625 626 1.0
625 670 1.0
625 671 1.0
626 627 1.0
626 671 1.0
626 672 1.0
627 628 1.0
627 672 1.0
627 673 1.0
628 629 1.0
628 673 1.0
628 674 1.0
629 585 1.0
629 674 1.0
629 630 1.0
630 631 1.0
630 675 1.0
630 676 1.0
631 632 1.0
631 676 1.0
631 677 1.0
632 633 1.0
632 677 1.0
632 678 1.0
633 634 1.0
633 678 1.0
633 679 1.0
634 635 1.0
634 679 1.0
634 680 1.0
635 636 1.0
635 680 1.0
635 681 1.0
636 637 1.0
636 681 1.0
636 682 1.0
637 638 1.0
637 682 1.0
637 683 1.0
638 639 1.0
638 683 1.0
638 684 1.0
639 640 1.0
639 684 1.0
639 685 1.0
640 641 1.0
640 685 1.0
640 686 1.0
641 642 1.0
641 686 1.0
641 687 1.0
642 643 1.0
642 687 1.0
642 688 1.0
643 644 1.0
643 688 1.0
643 689 1.0
644 645 1.0
644 689 1.0
644 690 1.0
645 646 1.0
645 690 1.0
645 691 1.0
646 647 1.0
646 691 1.0
646 692 1.0
647 648 1.0
647 692 1.0
647 693 1.0
648 649 1.0
648 693 1.0
648 694 1.0
649 650 1.0
649 694 1.0
649 695 1.0
650 651 1.0
650 695 1.0
650 696 1.0
651 652 1.0
651 696 1.0
651 697 1.0
652 653 1.0
652 697 1.0
652 698 1.0
653 654 1.0
653 698 1.0
653 699 1.0
654 655 1.0
654 699 1.0
654 700 1.0
655 656 1.0
655 700 1.0
655 701 1.0
656 657 1.0
656 701 1.0
656 702 1.0
657 658 1.0
657 702 1.0
657 703 1.0
658 659 1.0
658 703 1.0
658 704 1.0
659 660 1.0
659 704 1.0
659 705 1.0
660 661 1.0
660 705 1.0
660 706 1.0
661 662 1.0
661 706 1.0
661 707 1.0
662 663 1.0
662 707 1.0
662 708 1.0
663 664 1.0
663 708 1.0
663 709 1.0
664 665 1.0
664 709 1.0
664 710 1.0
665 666 1.0
665 710 1.0
665 711 1.0
666 667 1.0
666 711 1.0
666 712 1.0
667 668 1.0
667 712 1.0
667 713 1.0
668 669 1.0
668 713 1.0
668 714 1.0
669 670 1.0
669 714 1.0
669 715 1.0
670 671 1.0
670 715 1.0
670 716 1.0
671 672 1.0
671 716 1.0
671 717 1.0
672 673 1.0
672 717 1.0
672 718 1.0
673 674 1.0
673 718 1.0
673 719 1.0
674 630 1.0
674 719 1.0
674 675 1.0
675 676 1.0
675 720 1.0
675 721 1.0
676 677 1.0
676 721 1.0
676 722 1.0
677 678 1.0
677 722 1.0
677 723 1.0
678 679 1.0
678 723 1.0
678 724 1.0
679 680 1.0
679 724 1.0
679 725 1.0
680 681 1.0
680 725 1.0
680 726 1.0
681 682 1.0
681 726 1.0
681 727 1.0
682 683 1.0
682 727 1.0
682 728 1.0
683 684 1.0
683 728 1.0
683 729 1.0
684 685 1.0
684 729 1.0
684 730 1.0
685 686 1.0
685 730 1.0
685 731 1.0
686 687 1.0
686 731 1.0
686 732 1.0
687 688 1.0
687 732 1.0
687 733 1.0
688 689 1.0
688 733 1.0
688 734 1.0
689 690 1.0
689 734 1.0
689 735 1.0
690 691 1.0
690 735 1.0
690 736 1.0
691 692 1.0
691 736 1.0
691 737 1.0
692 693 1.0
692 737 1.0
692 738 1.0
693 694 1.0
693 738 1.0
693 739 1.0
694 695 1.0
694 739 1.0
694 740 1.0
695 696 1.0
695 740 1.0
695 741 1.0
696 697 1.0
696 741 1.0
696 742 1.0
697 698 1.0
697 742 1.0
697 743 1.0
698 699 1.0
698 743 1.0
698 744 1.0
699 700 1.0
699 744 1.0
699 745 1.0
700 701 1.0
700 745 1.0
700 746 1.0
701 702 1.0
701 746 1.0
701 747 1.0
702 703 1.0
702 747 1.0
702 748 1.0
703 704 1.0
703 748 1.0
703 749 1.0
704 705 1.0
704 749 1.0
704 750 1.0
705 706 1.0
705 750 1.0
705 751 1.0
706 707 1.0
706 751 1.0
706 752 1.0
707 708 1.0
707 752 1.0
707 753 1.0
708 709 1.0
708 753 1.0
708 754 1.0
709 710 1.0
709 754 1.0
709 755 1.0
710 711 1.0
710 755 1.0
710 756 1.0
711 712 1.0
711 756 1.0
711 757 1.0
712 713 1.0
712 757 1.0
712 758 1.0
713 714 1.0
713 758 1.0
713 759 1.0
714 715 1.0
714 759 1.0
714 760 1.0
715 716 1.0
715 760 1.0
715 761 1.0
716 717 1.0
716 761 1.0
716 762 1.0
717 718 1.0
717 762 1.0
717 763 1.0
718 719 1.0
718 763 1.0
718 764 1.0
719 675 1.0
719 764 1.0
719 720 1.0
720 721 1.0
720 765 1.0
720 766 1.0
721 722 1.0
721 766 1.0
721 767 1.0
722 723 1.0
722 767 1.0
722 768 1.0
723 724 1.0
723 768 1.0
723 769 1.0
724 725 1.0
724 769 1.0
724 770 1.0
725 726 1.0
725 770 1.0
725 771 1.0
726 727 1.0
726 771 1.0
726 772 1.0
727 728 1.0
727 772 1.0
727 773 1.0
728 729 1.0
728 773 1.0
728 774 1.0
729 730 1.0
729 774 1.0
729 775 1.0
730 731 1.0
730 775 1.0
730 776 1.0
731 732 1.0
731 776 1.0
731 777 1.0
732 733 1.0
732 777 1.0
732 778 1.0
733 734 1.0
733 778 1.0
733 779 1.0
734 735 1.0
734 779 1.0
734 780 1.0
735 736 1.0
735 780 1.0
735 781 1.0
736 737 1.0
736 781 1.0
736 782 1.0
737 738 1.0
737 782 1.0
737 783 1.0
738 739 1.0
738 783 1.0
738 784 1.0
739 740 1.0
739 784 1.0
739 785 1.0
740 741 1.0
740 785 1.0
740 786 1.0
741 742 1.0
741 786 1.0
741 787 1.0
742 743 1.0
742 787 1.0
742 788 1.0
743 744 1.0
743 788 1.0
743 789 1.0
744 745 1.0
744 789 1.0
744 790 1.0
745 746 1.0
745 790 1.0
745 791 1.0
746 747 1.0
746 791 1.0
746 792 1.0
747 748 1.0
747 792 1.0
747 793 1.0
748 749 1.0
748 793 1.0
748 794 1.0
749 750 1.0
749 794 1.0
749 795 1.0
750 751 1.0
750 795 1.0
750 796 1.0
751 752 1.0
751 796 1.0
751 797 1.0
752 753 1.0
752 797 1.0
752 798 1.0
753 754 1.0
753 798 1.0
753 799 1.0
754 755 1.0
754 799 1.0
754 800 1.0
755 756 1.0
755 800 1.0
755 801 1.0
756 757 1.0
756 801 1.0
756 802 1.0
757 758 1.0
757 802 1.0
757 803 1.0
758 759 1.0
758 803 1.0
758 804 1.0
759 760 1.0
759 804 1.0
759 805 1.0
760 761 1.0
760 805 1.0
760 806 1.0
761 762 1.0
761 806 1.0
761 807 1.0
762 763 1.0
762 807 1.0
762 808 1.0
763 764 1.0
763 808 1.0
763 809 1.0
764 720 1.0
764 809 1.0
764 765 1.0
765 766 1.0
765 810 1.0
765 811 1.0
766 767 1.0
766 811 1.0
766 812 1.0
767 768 1.0
767 812 1.0
767 813 1.0
768 769 1.0
768 813 1.0
768 814 1.0
769 770 1.0
769 814 1.0
769 815 1.0
770 771 1.0
770 815 1.0
770 816 1.0
771 772 1.0
771 816 1.0
771 817 1.0
772 773 1.0
772 817 1.0
772 818 1.0
773 774 1.0
773 818 1.0
773 819 1.0
774 775 1.0
774 819 1.0
774 820 1.0
775 776 1.0
775 820 1.0
775 821 1.0
776 777 1.0
776 821 1.0
776 822 1.0
777 778 1.0
777 822 1.0
777 823 1.0
778 779 1.0
778 823 1.0
778 824 1.0
779 780 1.0
779 824 1.0
779 825 1.0
780 781 1.0
780 825 1.0
780 826 1.0
781 782 1.0
781 826 1.0
781 827 1.0
782 783 1.0
782 827 1.0
782 828 1.0
783 784 1.0
783 828 1.0
783 829 1.0
784 785 1.0
784 829 1.0
784 830 1.0
785 786 1.0
785 830 1.0
785 831 1.0
786 787 1.0
786 831 1.0
786 832 1.0
787 788 1.0
787 832 1.0
787 833 1.0
788 789 1.0
788 833 1.0
788 834 1.0
789 790 1.0
789 834 1.0
789 835 1.0
790 791 1.0
790 835 1.0
790 836 1.0
791 792 1.0
791 836 1.0
791 837 1.0
792 793 1.0
792 837 1.0
792 838 1.0
793 794 1.0
793 838 1.0
793 839 1.0
794 795 1.0
794 839 1.0
794 840 1.0
795 796 1.0
795 840 1.0
795 841 1.0
796 797 1.0
796 841 1.0
796 842 1.0
797 798 1.0
797 842 1.0
797 843 1.0
798 799 1.0
798 843 1.0
798 844 1.0
799 800 1.0
799 844 1.0
799 845 1.0
800 801 1.0
800 845 1.0
800 846 1.0
801 802 1.0
801 846 1.0
801 847 1.0
802 803 1.0
802 847 1.0
802 848 1.0
803 804 1.0
803 848 1.0
803 849 1.0
804 805 1.0
804 849 1.0
804 850 1.0
805 806 1.0
805 850 1.0
805 851 1.0
806 807 1.0
806 851 1.0
806 852 1.0
807 808 1.0
807 852 1.0
807 853 1.0
808 809 1.0
808 853 1.0
808 854 1.0
809 765 1.0
809 854 1.0
809 810 1.0
810 811 1.0
810 855 1.0
810 856 1.0
811 812 1.0
811 856 1.0
811 857 1.0
812 813 1.0
812 857 1.0
812 858 1.0
813 814 1.0
813 858 1.0
813 859 1.0
814 815 1.0
814 859 1.0
814 860 1.0
815 816 1.0
815 860 1.0
815 861 1.0
816 817 1.0
816 861 1.0
816 862 1.0
817 818 1.0
817 862 1.0
817 863 1.0
818 819 1.0
818 863 1.0
818 864 1.0
819 820 1.0
819 864 1.0
819 865 1.0
820 821 1.0
820 865 1.0
820 866 1.0
821 822 1.0
821 866 1.0
821 867 1.0
822 823 1.0
822 867 1.0
822 868 1.0
823 824 1.0
823 868 1.0
823 869 1.0
824 825 1.0
824 869 1.0
824 870 1.0
825 826 1.0
825 870 1.0
825 871 1.0
826 827 1.0
826 871 1.0
826 872 1.0
827 828 1.0
827 872 1.0
827 873 1.0
828 829 1.0
828 873 1.0
828 874 1.0
829 830 1.0
829 874 1.0
829 875 1.0
830 831 1.0
830 875 1.0
830 876 1.0
831 832 1.0
831 876 1.0
831 877 1.0
832 833 1.0
832 877 1.0
832 878 1.0
833 834 1.0
833 878 1.0
833 879 1.0
834 835 1.0
834 879 1.0
834 880 1.0
835 836 1.0
835 880 1.0
835 881 1.0
836 837 1.0
836 881 1.0
836 882 1.0
837 838 1.0
837 882 1.0
837 883 1.0
838 839 1.0
838 883 1.0
838 884 1.0
839 840 1.0
839 884 1.0
839 885 1.0
840 841 1.0
840 885 1.0
840 886 1.0
841 842 1.0
841 886 1.0
841 887 1.0
842 843 1.0
842 887 1.0
842 888 1.0
843 844 1.0
843 888 1.0
843 889 1.0
844 845 1.0
844 889 1.0
844 890 1.0
845 846 1.0
845 890 1.0
845 891 1.0
846 847 1.0
846 891 1.0
846 892 1.0
847 848 1.0
847 892 1.0
847 893 1.0
848 849 1.0
848 893 1.0
848 894 1.0
849 850 1.0
849 894 1.0
849 895 1.0
850 851 1.0
850 895 1.0
850 896 1.0
851 852 1.0
851 896 1.0
851 897 1.0
852 853 1.0
852 897 1.0
852 898 1.0
853 854 1.0
853 898 1.0
853 899 1.0
854 810 1.0
854 899 1.0
854 855 1.0
855 856 1.0
855 900 1.0
855 901 1.0
856 857 1.0
856 901 1.0
856 902 1.0
857 858 1.0
857 902 1.0
857 903 1.0
858 859 1.0
858 903 1.0
858 904 1.0
859 860 1.0
859 904 1.0
859 905 1.0
860 861 1.0
860 905 1.0
860 906 1.0
861 862 1.0
861 906 1.0
861 907 1.0
862 863 1.0
862 907 1.0
862 908 1.0
863 864 1.0
863 908 1.0
863 909 1.0
864 865 1.0
864 909 1.0
864 910 1.0
865 866 1.0
865 910 1.0
865 911 1.0
866 867 1.0
866 911 1.0
866 912 1.0
867 868 1.0
867 912 1.0
867 913 1.0
868 869 1.0
868 913 1.0
868 914 1.0
869 870 1.0
869 914 1.0
869 915 1.0
870 871 1.0
870 915 1.0
870 916 1.0
871 872 1.0
871 916 1.0
871 917 1.0
872 873 1.0
872 917 1.0
872 918 1.0
873 874 1.0
873 918 1.0
873 919 1.0
874 875 1.0
874 919 1.0
874 920 1.0
875 876 1.0
875 920 1.0
875 921 1.0
876 877 1.0
876 921 1.0
876 922 1.0
877 878 1.0
877 922 1.0
877 923 1.0
878 879 1.0
878 923 1.0
878 924 1.0
879 880 1.0
879 924 1.0
879 925 1.0
880 881 1.0
880 925 1.0
880 926 1.0
881 882 1.0
881 926 1.0
881 927 1.0
882 883 1.0
882 927 1.0
882 928 1.0
883 884 1.0
883 928 1.0
883 929 1.0
884 885 1.0
884 929 1.0
884 930 1.0
885 886 1.0
885 930 1.0
885 931 1.0
886 887 1.0
886 931 1.0
886 932 1.0
887 888 1.0
887 932 1.0
887 933 1.0
888 889 1.0
888 933 1.0
888 934 1.0
889 890 1.0
889 934 1.0
889 935 1.0
890 891 1.0
890 935 1.0
890 936 1.0
891 892 1.0
891 936 1.0
891 937 1.0
892 893 1.0
892 937 1.0
892 938 1.0
893 894 1.0
893 938 1.0
893 939 1.0
894 895 1.0
894 939 1.0
894 940 1.0
895 896 1.0
895 940 1.0
895 941 1.0
896 897 1.0
896 941 1.0
896 942 1.0
897 898 1.0
897 942 1.0
897 943 1.0
898 899 1.0
898 943 1.0
898 944 1.0
899 855 1.0
899 944 1.0
899 900 1.0
900 901 1.0
900 945 1.0
900 946 1.0
901 902 1.0
901 946 1.0
901 947 1.0
902 903 1.0
902 947 1.0
902 948 1.0
903 904 1.0
903 948 1.0
903 949 1.0
904 905 1.0
904 949 1.0
904 950 1.0
905 906 1.0
905 950 1.0
905 951 1.0
906 907 1.0
906 951 1.0
906 952 1.0
907 908 1.0
907 952 1.0
907 953 1.0
908 909 1.0
908 953 1.0
908 954 1.0
909 910 1.0
909 954 1.0
909 955 1.0
910 911 1.0
910 955 1.0
910 956 1.0
911 912 1.0
911 956 1.0
911 957 1.0
912 913 1.0
912 957 1.0
912 958 1.0
913 914 1.0
913 958 1.0
913 959 1.0
914 915 1.0
914 959 1.0
914 960 1.0
915 916 1.0
915 960 1.0
915 961 1.0
916 917 1.0
916 961 1.0
916 962 1.0
917 918 1.0
917 962 1.0
917 963 1.0
918 919 1.0
918 963 1.0
918 964 1.0
919 920 1.0
919 964 1.0
919 965 1.0
920 921 1.0
920 965 1.0
920 966 1.0
921 922 1.0
921 966 1.0
921 967 1.0
922 923 1.0
922 967 1.0
922 968 1.0
923 924 1.0
923 968 1.0
923 969 1.0
924 925 1.0
924 969 1.0
924 970 1.0
925 926 1.0
925 970 1.0
925 971 1.0
926 927 1.0
926 971 1.0
926 972 1.0
927 928 1.0
927 972 1.0
927 973 1.0
928 929 1.0
928 973 1.0
928 974 1.0
929 930 1.0
929 974 1.0
929 975 1.0
930 931 1.0
930 975 1.0
930 976 1.0
931 932 1.0
931 976 1.0
931 977 1.0
932 933 1.0
932 977 1.0
932 978 1.0
933 934 1.0
933 978 1.0
933 979 1.0
934 935 1.0
934 979 1.0
934 980 1.0
935 936 1.0
935 980 1.0
935 981 1.0
936 937 1.0
936 981 1.0
936 982 1.0
937 938 1.0
937 982 1.0
937 983 1.0
938 939 1.0
938 983 1.0
938 984 1.0
939 940 1.0
939 984 1.0
939 985 1.0
940 941 1.0
940 985 1.0
940 986 1.0
941 942 1.0
941 986 1.0
941 987 1.0
942 943 1.0
942 987 1.0
942 988 1.0
943 944 1.0
943 988 1.0
943 989 1.0
944 900 1.0
944 989 1.0
944 945 1.0
945 946 1.0
945 990 1.0
945 991 1.0
946 947 1.0
946 991 1.0
946 992 1.0
947 948 1.0
947 992 1.0
947 993 1.0
948 949 1.0
948 993 1.0
948 994 1.0
949 950 1.0
949 994 1.0
949 995 1.0
950 951 1.0
950 995 1.0
950 996 1.0
951 952 1.0
951 996 1.0
951 997 1.0
952 953 1.0
952 997 1.0
952 998 1.0
953 954 1.0
953 998 1.0
953 999 1.0
954 955 1.0
954 999 1.0
954 1000 1.0
955 956 1.0
955 1000 1.0
955 1001 1.0
956 957 1.0
956 1001 1.0
956 1002 1.0
957 958 1.0
957 1002 1.0
957 1003 1.0
958 959 1.0
958 1003 1.0
958 1004 1.0
959 960 1.0
959 1004 1.0
959 1005 1.0
960 961 1.0
960 1005 1.0
960 1006 1.0
961 962 1.0
961 1006 1.0
961 1007 1.0
962 963 1.0
962 1007 1.0
962 1008 1.0
963 964 1.0
963 1008 1.0
963 1009 1.0
964 965 1.0
964 1009 1.0
964 1010 1.0
965 966 1.0
965 1010 1.0
965 1011 1.0
966 967 1.0
966 1011 1.0
966 1012 1.0
967 968 1.0
967 1012 1.0
967 1013 1.0
968 969 1.0
968 1013 1.0
968 1014 1.0
969 970 1.0
969 1014 1.0
969 1015 1.0
970 971 1.0
970 1015 1.0
970 1016 1.0
971 972 1.0
971 1016 1.0
971 1017 1.0
972 973 1.0
972 1017 1.0
972 1018 1.0
973 974 1.0
973 1018 1.0
973 1019 1.0
974 975 1.0
974 1019 1.0
974 1020 1.0
975 976 1.0
975 1020 1.0
975 1021 1.0
976 977 1.0
976 1021 1.0
976 1022 1.0
977 978 1.0
977 1022 1.0
977 1023 1.0
978 979 1.0
978 1023 1.0
978 1024 1.0
979 980 1.0
979 1024 1.0
979 1025 1.0
980 981 1.0
980 1025 1.0
980 1026 1.0
981 982 1.0
981 1026 1.0
981 1027 1.0
982 983 1.0
982 1027 1.0
982 1028 1.0
983 984 1.0
983 1028 1.0
983 1029 1.0
984 985 1.0
984 1029 1.0
984 1030 1.0
985 986 1.0
985 1030 1.0
985 1031 1.0
986 987 1.0
986 1031 1.0
986 1032 1.0
987 988 1.0
987 1032 1.0
987 1033 1.0
988 989 1.0
988 1033 1.0
988 1034 1.0
989 945 1.0
989 1034 1.0
989 990 1.0
990 991 1.0
990 1035 1.0
990 1036 1.0
991 992 1.0
991 1036 1.0
991 1037 1.0
992 993 1.0
992 1037 1.0
992 1038 1.0
993 994 1.0
993 1038 1.0
993 1039 1.0
994 995 1.0
994 1039 1.0
994 1040 1.0
995 996 1.0
995 1040 1.0
995 1041 1.0
996 997 1.0
996 1041 1.0
996 1042 1.0
997 998 1.0
997 1042 1.0
997 1043 1.0
998 999 1.0
998 1043 1.0
998 1044 1.0
999 1000 1.0
999 1044 1.0
999 1045 1.0
1000 1001 1.0
1000 1045 1.0
1000 1046 1.0
1001 1002 1.0
1001 1046 1.0
1001 1047 1.0
1002 1003 1.0
1002 1047 1.0
1002 1048 1.0
1003 1004 1.0
1003 1048 1.0
1003 1049 1.0
1004 1005 1.0
1004 1049 1.0
1004 1050 1.0
1005 1006 1.0
1005 1050 1.0
1005 1051 1.0
1006 1007 1.0
1006 1051 1.0
1006 1052 1.0
1007 1008 1.0
1007 1052 1.0
1007 1053 1.0
1008 1009 1.0
1008 1053 1.0
1008 1054 1.0
1009 1010 1.0
1009 1054 1.0
1009 1055 1.0
1010 1011 1.0
1010 1055 1.0
1010 1056 1.0
1011 1012 1.0
1011 1056 1.0
1011 1057 1.0
1012 1013 1.0
1012 1057 1.0
1012 1058 1.0
1013 1014 1.0
1013 1058 1.0
1013 1059 1.0
1014 1015 1.0
1014 1059 1.0
1014 1060 1.0
1015 1016 1.0
1015 1060 1.0
1015 1061 1.0
1016 1017 1.0
1016 1061 1.0
1016 1062 1.0
1017 1018 1.0
1017 1062 1.0
1017 1063 1.0
1018 1019 1.0
1018 1063 1.0
1018 1064 1.0
1019 1020 1.0
1019 1064 1.0
1019 1065 1.0
1020 1021 1.0
1020 1065 1.0
1020 1066 1.0
1021 1022 1.0
1021 1066 1.0
1021 1067 1.0
1022 1023 1.0
1022 1067 1.0
1022 1068 1.0
1023 1024 1.0
1023 1068 1.0
1023 1069 1.0
1024 1025 1.0
1024 1069 1.0
1024 1070 1.0
1025 1026 1.0
1025 1070 1.0
1025 1071 1.0
1026 1027 1.0
1026 1071 1.0
1026 1072 1.0
1027 1028 1.0
1027 1072 1.0
1027 1073 1.0
1028 1029 1.0
1028 1073 1.0
1028 1074 1.0
1029 1030 1.0
1029 1074 1.0
1029 1075 1.0
1030 1031 1.0
1030 1075 1.0
1030 1076 1.0
1031 1032 1.0
1031 1076 1.0
1031 1077 1.0
1032 1033 1.0
1032 1077 1.0
1032 1078 1.0
1033 1034 1.0
1033 1078 1.0
1033 1079 1.0
1034 990 1.0
1034 1079 1.0
1034 1035 1.0
1035 1036 1.0
1035 1080 1.0
1035 1081 1.0
1036 1037 1.0
1036 1081 1.0
1036 1082 1.0
1037 1038 1.0
1037 1082 1.0
1037 1083 1.0
1038 1039 1.0
1038 1083 1.0
1038 1084 1.0
1039 1040 1.0
1039 1084 1.0
1039 1085 1.0
1040 1041 1.0
1040 1085 1.0
1040 1086 1.0
1041 1042 1.0
1041 1086 1.0
1041 1087 1.0
1042 1043 1.0
1042 1087 1.0
1042 1088 1.0
1043 1044 1.0
1043 1088 1.0
1043 1089 1.0
1044 1045 1.0
1044 1089 1.0
1044 1090 1.0
1045 1046 1.0
1045 1090 1.0
1045 1091 1.0
1046 1047 1.0
1046 1091 1.0
1046 1092 1.0
1047 1048 1.0
1047 1092 1.0
1047 1093 1.0
1048 1049 1.0
1048 1093 1.0
1048 1094 1.0
1049 1050 1.0
1049 1094 1.0
1049 1095 1.0
1050 1051 1.0
1050 1095 1.0
1050 1096 1.0
1051 1052 1.0
1051 1096 1.0
1051 1097 1.0
1052 1053 1.0
1052 1097 1.0
1052 1098 1.0
1053 1054 1.0
1053 1098 1.0
1053 1099 1.0
1054 1055 1.0
1054 1099 1.0
1054 1100 1.0
1055 1056 1.0
1055 1100 1.0
1055 1101 1.0
1056 1057 1.0
1056 1101 1.0
1056 1102 1.0
1057 1058 1.0
1057 1102 1.0
1057 1103 1.0
1058 1059 1.0
1058 1103 1.0
1058 1104 1.0
1059 1060 1.0
1059 1104 1.0
1059 1105 1.0
1060 1061 1.0
1060 1105 1.0
1060 1106 1.0
1061 1062 1.0
1061 1106 1.0
1061 1107 1.0
1062 1063 1.0
1062 1107 1.0
1062 1108 1.0
1063 1064 1.0
1063 1108 1.0
1063 1109 1.0
1064 1065 1.0
1064 1109 1.0
1064 1110 1.0
1065 1066 1.0
1065 1110 1.0
1065 1111 1.0
1066 1067 1.0
1066 1111 1.0
1066 1112 1.0
1067 1068 1.0
1067 1112 1.0
1067 1113 1.0
1068 1069 1.0
1068 1113 1.0
1068 1114 1.0
1069 1070 1.0
1069 1114 1.0
1069 1115 1.0
1070 1071 1.0
1070 1115 1.0
1070 1116 1.0
1071 1072 1.0
1071 1116 1.0
1071 1117 1.0
1072 1073 1.0
1072 1117 1.0
1072 1118 1.0
1073 1074 1.0
1073 1118 1.0
1073 1119 1.0
1074 1075 1.0
1074 1119 1.0
1074 1120 1.0
1075 1076 1.0
1075 1120 1.0
1075 1121 1.0
1076 1077 1.0
1076 1121 1.0
1076 1122 1.0
1077 1078 1.0
1077 1122 1.0
1077 1123 1.0
1078 1079 1.0
1078 1123 1.0
1078 1124 1.0
1079 1035 1.0
1079 1124 1.0
1079 1080 1.0
1080 1081 1.0
1080 1125 1.0
1080 1126 1.0
1081 1082 1.0
1081 1126 1.0
1081 1127 1.0
1082 1083 1.0
1082 1127 1.0
1082 1128 1.0
1083 1084 1.0
1083 1128 1.0
1083 1129 1.0
1084 1085 1.0
1084 1129 1.0
1084 1130 1.0
1085 1086 1.0
1085 1130 1.0
1085 1131 1.0
1086 1087 1.0
1086 1131 1.0
1086 1132 1.0
1087 1088 1.0
1087 1132 1.0
1087 1133 1.0
1088 1089 1.0
1088 1133 1.0
1088 1134 1.0
1089 1090 1.0
1089 1134 1.0
1089 1135 1.0
1090 1091 1.0
1090 1135 1.0
1090 1136 1.0
1091 1092 1.0
1091 1136 1.0
1091 1137 1.0
1092 1093 1.0
1092 1137 1.0
1092 1138 1.0
1093 1094 1.0
1093 1138 1.0
1093 1139 1.0
1094 1095 1.0
1094 1139 1.0
1094 1140 1.0
1095 1096 1.0
1095 1140 1.0
1095 1141 1.0
1096 1097 1.0
1096 1141 1.0
1096 1142 1.0
1097 1098 1.0
1097 1142 1.0
1097 1143 1.0
1098 1099 1.0
1098 1143 1.0
1098 1144 1.0
1099 1100 1.0
1099 1144 1.0
1099 1145 1.0
1100 1101 1.0
1100 1145 1.0
1100 1146 1.0
1101 1102 1.0
1101 1146 1.0
1101 1147 1.0
1102 1103 1.0
1102 1147 1.0
1102 1148 1.0
1103 1104 1.0
1103 1148 1.0
1103 1149 1.0
1104 1105 1.0
1104 1149 1.0
1104 1150 1.0
1105 1106 1.0
1105 1150 1.0
1105 1151 1.0
1106 1107 1.0
1106 1151 1.0
1106 1152 1.0
1107 1108 1.0
1107 1152 1.0
1107 1153 1.0
1108 1109 1.0
1108 1153 1.0
1108 1154 1.0
1109 1110 1.0
1109 1154 1.0
1109 1155 1.0
1110 1111 1.0
1110 1155 1.0
1110 1156 1.0
1111 1112 1.0
1111 1156 1.0
1111 1157 1.0
1112 1113 1.0
1112 1157 1.0
1112 1158 1.0
1113 1114 1.0
1113 1158 1.0
1113 1159 1.0
1114 1115 1.0
1114 1159 1.0
1114 1160 1.0
1115 1116 1.0
1115 1160 1.0
1115 1161 1.0
1116 1117 1.0
1116 1161 1.0
1116 1162 1.0
1117 1118 1.0
1117 1162 1.0
1117 1163 1.0
1118 1119 1.0
1118 1163 1.0
1118 1164 1.0
1119 1120 1.0
1119 1164 1.0
1119 1165 1.0
1120 1121 1.0
1120 1165 1.0
1120 1166 1.0
1121 1122 1.0
1121 1166 1.0
1121 1167 1.0
1122 1123 1.0
1122 1167 1.0
1122 1168 1.0
1123 1124 1.0
1123 1168 1.0
1123 1169 1.0
1124 1080 1.0
1124 1169 1.0
1124 1125 1.0
1125 1126 1.0
1125 1170 1.0
1125 1171 1.0
1126 1127 1.0
1126 1171 1.0
1126 1172 1.0
1127 1128 1.0
1127 1172 1.0
1127 1173 1.0
1128 1129 1.0
1128 1173 1.0
1128 1174 1.0
1129 1130 1.0
1129 1174 1.0
1129 1175 1.0
1130 1131 1.0
1130 1175 1.0
1130 1176 1.0
1131 1132 1.0
1131 1176 1.0
1131 1177 1.0
1132 1133 1.0
1132 1177 1.0
1132 1178 1.0
1133 1134 1.0
1133 1178 1.0
1133 1179 1.0
1134 1135 1.0
1134 1179 1.0
1134 1180 1.0
1135 1136 1.0
1135 1180 1.0
1135 1181 1.0
1136 1137 1.0
1136 1181 1.0
1136 1182 1.0
1137 1138 1.0
1137 1182 1.0
1137 1183 1.0
1138 1139 1.0
1138 1183 1.0
1138 1184 1.0
1139 1140 1.0
1139 1184 1.0
1139 1185 1.0
1140 1141 1.0
1140 1185 1.0
1140 1186 1.0
1141 1142 1.0
1141 1186 1.0
1141 1187 1.0
1142 1143 1.0
1142 1187 1.0
1142 1188 1.0
1143 1144 1.0
1143 1188 1.0
1143 1189 1.0
1144 1145 1.0
1144 1189 1.0
1144 1190 1.0
1145 1146 1.0
1145 1190 1.0
1145 1191 1.0
1146 1147 1.0
1146 1191 1.0
1146 1192 1.0
1147 1148 1.0
1147 1192 1.0
1147 1193 1.0
1148 1149 1.0
1148 1193 1.0
1148 1194 1.0
1149 1150 1.0
1149 1194 1.0
1149 1195 1.0
1150 1151 1.0
1150 1195 1.0
1150 1196 1.0
1151 1152 1.0
1151 1196 1.0
1151 1197 1.0
1152 1153 1.0
1152 1197 1.0
1152 1198 1.0
1153 1154 1.0
1153 1198 1.0
1153 1199 1.0
1154 1155 1.0
1154 1199 1.0
1154 1200 1.0
1155 1156 1.0
1155 1200 1.0
1155 1201 1.0
1156 1157 1.0
1156 1201 1.0
1156 1202 1.0
1157 1158 1.0
1157 1202 1.0
1157 1203 1.0
1158 1159 1.0
1158 1203 1.0
1158 1204 1.0
1159 1160 1.0
1159 1204 1.0
1159 1205 1.0
1160 1161 1.0
1160 1205 1.0
1160 1206 1.0
1161 1162 1.0
1161 1206 1.0
1161 1207 1.0
1162 1163 1.0
1162 1207 1.0
1162 1208 1.0
1163 1164 1.0
1163 1208 1.0
1163 1209 1.0
1164 1165 1.0
1164 1209 1.0
1164 1210 1.0
1165 1166 1.0
1165 1210 1.0
1165 1211 1.0
1166 1167 1.0
1166 1211 1.0
1166 1212 1.0
1167 1168 1.0
1167 1212 1.0
1167 1213 1.0
1168 1169 1.0
1168 1213 1.0
1168 1214 1.0
1169 1125 1.0
1169 1214 1.0
1169 1170 1.0
1170 1171 1.0
1170 1215 1.0
1170 1216 1.0
1171 1172 1.0
1171 1216 1.0
1171 1217 1.0
1172 1173 1.0
1172 1217 1.0
1172 1218 1.0
1173 1174 1.0
1173 1218 1.0
1173 1219 1.0
1174 1175 1.0
1174 1219 1.0
1174 1220 1.0
1175 1176 1.0
1175 1220 1.0
1175 1221 1.0
1176 1177 1.0
1176 1221 1.0
1176 1222 1.0
1177 1178 1.0
1177 1222 1.0
1177 1223 1.0
1178 1179 1.0
1178 1223 1.0
1178 1224 1.0
1179 1180 1.0
1179 1224 1.0
1179 1225 1.0
1180 1181 1.0
1180 1225 1.0
1180 1226 1.0
1181 1182 1.0
1181 1226 1.0
1181 1227 1.0
1182 1183 1.0
1182 1227 1.0
1182 1228 1.0
1183 1184 1.0
1183 1228 1.0
1183 1229 1.0
1184 1185 1.0
1184 1229 1.0
1184 1230 1.0
1185 1186 1.0
1185 1230 1.0
1185 1231 1.0
1186 1187 1.0
1186 1231 1.0
1186 1232 1.0
1187 1188 1.0
1187 1232 1.0
1187 1233 1.0
1188 1189 1.0
1188 1233 1.0
1188 1234 1.0
1189 1190 1.0
1189 1234 1.0
1189 1235 1.0
1190 1191 1.0
1190 1235 1.0
1190 1236 1.0
1191 1192 1.0
1191 1236 1.0
1191 1237 1.0
1192 1193 1.0
1192 1237 1.0
1192 1238 1.0
1193 1194 1.0
1193 1238 1.0
1193 1239 1.0
1194 1195 1.0
1194 1239 1.0
1194 1240 1.0
1195 1196 1.0
1195 1240 1.0
1195 1241 1.0
1196 1197 1.0
1196 1241 1.0
1196 1242 1.0
1197 1198 1.0
1197 1242 1.0
1197 1243 1.0
1198 1199 1.0
1198 1243 1.0
1198 1244 1.0
1199 1200 1.0
1199 1244 1.0
1199 1245 1.0
1200 1201 1.0
1200 1245 1.0
1200 1246 1.0
1201 1202 1.0
1201 1246 1.0
1201 1247 1.0
1202 1203 1.0
1202 1247 1.0
1202 1248 1.0
1203 1204 1.0
1203 1248 1.0
1203 1249 1.0
1204 1205 1.0
1204 1249 1.0
1204 1250 1.0
1205 1206 1.0
1205 1250 1.0
1205 1251 1.0
1206 1207 1.0
1206 1251 1.0
1206 1252 1.0
1207 1208 1.0
1207 1252 1.0
1207 1253 1.0
1208 1209 1.0
1208 1253 1.0
1208 1254 1.0
1209 1210 1.0
1209 1254 1.0
1209 1255 1.0
1210 1211 1.0
1210 1255 1.0
1210 1256 1.0
1211 1212 1.0
1211 1256 1.0
1211 1257 1.0
1212 1213 1.0
1212 1257 1.0
1212 1258 1.0
1213 1214 1.0
1213 1258 1.0
1213 1259 1.0
1214 1170 1.0
1214 1259 1.0
1214 1215 1.0
1215 1216 1.0
1215 1260 1.0
1215 1261 1.0
1216 1217 1.0
1216 1261 1.0
1216 1262 1.0
1217 1218 1.0
1217 1262 1.0
1217 1263 1.0
1218 1219 1.0
1218 1263 1.0
1218 1264 1.0
1219 1220 1.0
1219 1264 1.0
1219 1265 1.0
1220 1221 1.0
1220 1265 1.0
1220 1266 1.0
1221 1222 1.0
1221 1266 1.0
1221 1267 1.0
1222 1223 1.0
1222 1267 1.0
1222 1268 1.0
1223 1224 1.0
1223 1268 1.0
1223 1269 1.0
1224 1225 1.0
1224 1269 1.0
1224 1270 1.0
1225 1226 1.0
1225 1270 1.0
1225 1271 1.0
1226 1227 1.0
1226 1271 1.0
1226 1272 1.0
1227 1228 1.0
1227 1272 1.0
1227 1273 1.0
1228 1229 1.0
1228 1273 1.0
1228 1274 1.0
1229 1230 1.0
1229 1274 1.0
1229 1275 1.0
1230 1231 1.0
1230 1275 1.0
1230 1276 1.0
1231 1232 1.0
1231 1276 1.0
1231 1277 1.0
1232 1233 1.0
1232 1277 1.0
1232 1278 1.0
1233 1234 1.0
1233 1278 1.0
1233 1279 1.0
1234 1235 1.0
1234 1279 1.0
1234 1280 1.0
1235 1236 1.0
1235 1280 1.0
1235 1281 1.0
1236 1237 1.0
1236 1281 1.0
1236 1282 1.0
1237 1238 1.0
1237 1282 1.0
1237 1283 1.0
1238 1239 1.0
1238 1283 1.0
1238 1284 1.0
1239 1240 1.0
1239 1284 1.0
1239 1285 1.0
1240 1241 1.0
1240 1285 1.0
1240 1286 1.0
1241 1242 1.0
1241 1286 1.0
1241 1287 1.0
1242 1243 1.0
1242 1287 1.0
1242 1288 1.0
1243 1244 1.0
1243 1288 1.0
1243 1289 1.0
1244 1245 1.0
1244 1289 1.0
1244 1290 1.0
1245 1246 1.0
1245 1290 1.0
1245 1291 1.0
1246 1247 1.0
1246 1291 1.0
1246 1292 1.0
1247 1248 1.0
1247 1292 1.0
1247 1293 1.0
1248 1249 1.0
1248 1293 1.0
1248 1294 1.0
1249 1250 1.0
1249 1294 1.0
1249 1295 1.0
1250 1251 1.0
1250 1295 1.0
1250 1296 1.0
1251 1252 1.0
1251 1296 1.0
1251 1297 1.0
1252 1253 1.0
1252 1297 1.0
1252 1298 1.0
1253 1254 1.0
1253 1298 1.0
1253 1299 1.0
1254 1255 1.0
1254 1299 1.0
1254 1300 1.0
1255 1256 1.0
1255 1300 1.0
1255 1301 1.0
1256 1257 1.0
1256 1301 1.0
1256 1302 1.0
1257 1258 1.0
1257 1302 1.0
1257 1303 1.0
1258 1259 1.0
1258 1303 1.0
1258 1304 1.0
1259 1215 1.0
1259 1304 1.0
1259 1260 1.0
1260 1261 1.0
1260 1305 1.0
1260 1306 1.0
1261 1262 1.0
1261 1306 1.0
1261 1307 1.0
1262 1263 1.0
1262 1307 1.0
1262 1308 1.0
1263 1264 1.0
1263 1308 1.0
1263 1309 1.0
1264 1265 1.0
1264 1309 1.0
1264 1310 1.0
1265 1266 1.0
1265 1310 1.0
1265 1311 1.0
1266 1267 1.0
1266 1311 1.0
1266 1312 1.0
1267 1268 1.0
1267 1312 1.0
1267 1313 1.0
1268 1269 1.0
1268 1313 1.0
1268 1314 1.0
1269 1270 1.0
1269 1314 1.0
1269 1315 1.0
1270 1271 1.0
1270 1315 1.0
1270 1316 1.0
1271 1272 1.0
1271 1316 1.0
1271 1317 1.0
1272 1273 1.0
1272 1317 1.0
1272 1318 1.0
1273 1274 1.0
1273 1318 1.0
1273 1319 1.0
1274 1275 1.0
1274 1319 1.0
1274 1320 1.0
1275 1276 1.0
1275 1320 1.0
1275 1321 1.0
1276 1277 1.0
1276 1321 1.0
1276 1322 1.0
1277 1278 1.0
1277 1322 1.0
1277 1323 1.0
1278 1279 1.0
1278 1323 1.0
1278 1324 1.0
1279 1280 1.0
1279 1324 1.0
1279 1325 1.0
1280 1281 1.0
1280 1325 1.0
1280 1326 1.0
1281 1282 1.0
1281 1326 1.0
1281 1327 1.0
1282 1283 1.0
1282 1327 1.0
1282 1328 1.0
1283 1284 1.0
1283 1328 1.0
1283 1329 1.0
1284 1285 1.0
1284 1329 1.0
1284 1330 1.0
1285 1286 1.0
1285 1330 1.0
1285 1331 1.0
1286 1287 1.0
1286 1331 1.0
1286 1332 1.0
1287 1288 1.0
1287 1332 1.0
1287 1333 1.0
1288 1289 1.0
1288 1333 1.0
1288 1334 1.0
1289 1290 1.0
1289 1334 1.0
1289 1335 1.0
1290 1291 1.0
1290 1335 1.0
1290 1336 1.0
1291 1292 1.0
1291 1336 1.0
1291 1337 1.0
1292 1293 1.0
1292 1337 1.0
1292 1338 1.0
1293 1294 1.0
1293 1338 1.0
1293 1339 1.0
1294 1295 1.0
1294 1339 1.0
1294 1340 1.0
1295 1296 1.0
1295 1340 1.0
1295 1341 1.0
1296 1297 1.0
1296 1341 1.0
1296 1342 1.0
1297 1298 1.0
1297 1342 1.0
1297 1343 1.0
1298 1299 1.0
1298 1343 1.0
1298 1344 1.0
1299 1300 1.0
1299 1344 1.0
1299 1345 1.0
1300 1301 1.0
1300 1345 1.0
1300 1346 1.0
1301 1302 1.0
1301 1346 1.0
1301 1347 1.0
1302 1303 1.0
1302 1347 1.0
1302 1348 1.0
1303 1304 1.0
1303 1348 1.0
1303 1349 1.0
1304 1260 1.0
1304 1349 1.0
1304 1305 1.0
1305 1306 1.0
1305 1350 1.0
1305 1351 1.0
1306 1307 1.0
1306 1351 1.0
1306 1352 1.0
1307 1308 1.0
1307 1352 1.0
1307 1353 1.0
1308 1309 1.0
1308 1353 1.0
1308 1354 1.0
1309 1310 1.0
1309 1354 1.0
1309 1355 1.0
1310 1311 1.0
1310 1355 1.0
1310 1356 1.0
1311 1312 1.0
1311 1356 1.0
1311 1357 1.0
1312 1313 1.0
1312 1357 1.0
1312 1358 1.0
1313 1314 1.0
1313 1358 1.0
1313 1359 1.0
1314 1315 1.0
1314 1359 1.0
1314 1360 1.0
1315 1316 1.0
1315 1360 1.0
1315 1361 1.0
1316 1317 1.0
1316 1361 1.0
1316 1362 1.0
1317 1318 1.0
1317 1362 1.0
1317 1363 1.0
1318 1319 1.0
1318 1363 1.0
1318 1364 1.0
1319 1320 1.0
1319 1364 1.0
1319 1365 1.0
1320 1321 1.0
1320 1365 1.0
1320 1366 1.0
1321 1322 1.0
1321 1366 1.0
1321 1367 1.0
1322 1323 1.0
1322 1367 1.0
1322 1368 1.0
1323 1324 1.0
1323 1368 1.0
1323 1369 1.0
1324 1325 1.0
1324 1369 1.0
1324 1370 1.0
1325 1326 1.0
1325 1370 1.0
1325 1371 1.0
1326 1327 1.0
1326 1371 1.0
1326 1372 1.0
1327 1328 1.0
1327 1372 1.0
1327 1373 1.0
1328 1329 1.0
1328 1373 1.0
1328 1374 1.0
1329 1330 1.0
1329 1374 1.0
1329 1375 1.0
1330 1331 1.0
1330 1375 1.0
1330 1376 1.0
1331 1332 1.0
1331 1376 1.0
1331 1377 1.0
1332 1333 1.0
1332 1377 1.0
1332 1378 1.0
1333 1334 1.0
1333 1378 1.0
1333 1379 1.0
1334 1335 1.0
1334 1379 1.0
1334 1380 1.0
1335 1336 1.0
1335 1380 1.0
1335 1381 1.0
1336 1337 1.0
1336 1381 1.0
1336 1382 1.0
1337 1338 1.0
1337 1382 1.0
1337 1383 1.0
1338 1339 1.0
1338 1383 1.0
1338 1384 1.0
1339 1340 1.0
1339 1384 1.0
1339 1385 1.0
1340 1341 1.0
1340 1385 1.0
1340 1386 1.0
1341 1342 1.0
1341 1386 1.0
1341 1387 1.0
1342 1343 1.0
1342 1387 1.0
1342 1388 1.0
1343 1344 1.0
1343 1388 1.0
1343 1389 1.0
1344 1345 1.0
1344 1389 1.0
1344 1390 1.0
1345 1346 1.0
1345 1390 1.0
1345 1391 1.0
1346 1347 1.0
1346 1391 1.0
1346 1392 1.0
1347 1348 1.0
1347 1392 1.0
1347 1393 1.0
1348 1349 1.0
1348 1393 1.0
1348 1394 1.0
1349 1305 1.0
1349 1394 1.0
1349 1350 1.0
1350 1351 1.0
1350 1395 1.0
1350 1396 1.0
1351 1352 1.0
1351 1396 1.0
1351 1397 1.0
1352 1353 1.0
1352 1397 1.0
1352 1398 1.0
1353 1354 1.0
1353 1398 1.0
1353 1399 1.0
1354 1355 1.0
1354 1399 1.0
1354 1400 1.0
1355 1356 1.0
1355 1400 1.0
1355 1401 1.0
1356 1357 1.0
1356 1401 1.0
1356 1402 1.0
1357 1358 1.0
1357 1402 1.0
1357 1403 1.0
1358 1359 1.0
1358 1403 1.0
1358 1404 1.0
1359 1360 1.0
1359 1404 1.0
1359 1405 1.0
1360 1361 1.0
1360 1405 1.0
1360 1406 1.0
1361 1362 1.0
1361 1406 1.0
1361 1407 1.0
1362 1363 1.0
1362 1407 1.0
1362 1408 1.0
1363 1364 1.0
1363 1408 1.0
1363 1409 1.0
1364 1365 1.0
1364 1409 1.0
1364 1410 1.0
1365 1366 1.0
1365 1410 1.0
1365 1411 1.0
1366 1367 1.0
1366 1411 1.0
1366 1412 1.0
1367 1368 1.0
1367 1412 1.0
1367 1413 1.0
1368 1369 1.0
1368 1413 1.0
1368 1414 1.0
1369 1370 1.0
1369 1414 1.0
1369 1415 1.0
1370 1371 1.0
1370 1415 1.0
1370 1416 1.0
1371 1372 1.0
1371 1416 1.0
1371 1417 1.0
1372 1373 1.0
1372 1417 1.0
1372 1418 1.0
1373 1374 1.0
1373 1418 1.0
1373 1419 1.0
1374 1375 1.0
1374 1419 1.0
1374 1420 1.0
1375 1376 1.0
1375 1420 1.0
1375 1421 1.0
1376 1377 1.0
1376 1421 1.0
1376 1422 1.0
1377 1378 1.0
1377 1422 1.0
1377 1423 1.0
1378 1379 1.0
1378 1423 1.0
1378 1424 1.0
1379 1380 1.0
1379 1424 1.0
1379 1425 1.0
1380 1381 1.0
1380 1425 1.0
1380 1426 1.0
1381 1382 1.0
1381 1426 1.0
1381 1427 1.0
1382 1383 1.0
1382 1427 1.0
1382 1428 1.0
1383 1384 1.0
1383 1428 1.0
1383 1429 1.0
1384 1385 1.0
1384 1429 1.0
1384 1430 1.0
1385 1386 1.0
1385 1430 1.0
1385 1431 1.0
1386 1387 1.0
1386 1431 1.0
1386 1432 1.0
1387 1388 1.0
1387 1432 1.0
1387 1433 1.0
1388 1389 1.0
1388 1433 1.0
1388 1434 1.0
1389 1390 1.0
1389 1434 1.0
1389 1435 1.0
1390 1391 1.0
1390 1435 1.0
1390 1436 1.0
1391 1392 1.0
1391 1436 1.0
1391 1437 1.0
1392 1393 1.0
1392 1437 1.0
1392 1438 1.0
1393 1394 1.0
1393 1438 1.0
1393 1439 1.0
1394 1350 1.0
1394 1439 1.0
1394 1395 1.0
1395 1396 1.0
1395 1440 1.0
1395 1441 1.0
1396 1397 1.0
1396 1441 1.0
1396 1442 1.0
1397 1398 1.0
1397 1442 1.0
1397 1443 1.0
1398 1399 1.0
1398 1443 1.0
1398 1444 1.0
1399 1400 1.0
1399 1444 1.0
1399 1445 1.0
1400 1401 1.0
1400 1445 1.0
1400 1446 1.0
1401 1402 1.0
1401 1446 1.0
1401 1447 1.0
1402 1403 1.0
1402 1447 1.0
1402 1448 1.0
1403 1404 1.0
1403 1448 1.0
1403 1449 1.0
1404 1405 1.0
1404 1449 1.0
1404 1450 1.0
1405 1406 1.0
1405 1450 1.0
1405 1451 1.0
1406 1407 1.0
1406 1451 1.0
1406 1452 1.0
1407 1408 1.0
1407 1452 1.0
1407 1453 1.0
1408 1409 1.0
1408 1453 1.0
1408 1454 1.0
1409 1410 1.0
1409 1454 1.0
1409 1455 1.0
1410 1411 1.0
1410 1455 1.0
1410 1456 1.0
1411 1412 1.0
1411 1456 1.0
1411 1457 1.0
1412 1413 1.0
1412 1457 1.0
1412 1458 1.0
1413 1414 1.0
1413 1458 1.0
1413 1459 1.0
1414 1415 1.0
1414 1459 1.0
1414 1460 1.0
1415 1416 1.0
1415 1460 1.0
1415 1461 1.0
1416 1417 1.0
1416 1461 1.0
1416 1462 1.0
1417 1418 1.0
1417 1462 1.0
1417 1463 1.0
1418 1419 1.0
1418 1463 1.0
1418 1464 1.0
1419 1420 1.0
1419 1464 1.0
1419 1465 1.0
1420 1421 1.0
1420 1465 1.0
1420 1466 1.0
1421 1422 1.0
1421 1466 1.0
1421 1467 1.0
1422 1423 1.0
1422 1467 1.0
1422 1468 1.0
1423 1424 1.0
1423 1468 1.0
1423 1469 1.0
1424 1425 1.0
1424 1469 1.0
1424 1470 1.0
1425 1426 1.0
1425 1470 1.0
1425 1471 1.0
1426 1427 1.0
1426 1471 1.0
1426 1472 1.0
1427 1428 1.0
1427 1472 1.0
1427 1473 1.0
1428 1429 1.0
1428 1473 1.0
1428 1474 1.0
1429 1430 1.0
1429 1474 1.0
1429 1475 1.0
1430 1431 1.0
1430 1475 1.0
1430 1476 1.0
1431 1432 1.0
1431 1476 1.0
1431 1477 1.0
1432 1433 1.0
1432 1477 1.0
1432 1478 1.0
1433 1434 1.0
1433 1478 1.0
1433 1479 1.0
1434 1435 1.0
1434 1479 1.0
1434 1480 1.0
1435 1436 1.0
1435 1480 1.0
1435 1481 1.0
1436 1437 1.0
1436 1481 1.0
1436 1482 1.0
1437 1438 1.0
1437 1482 1.0
1437 1483 1.0
1438 1439 1.0
1438 1483 1.0
1438 1484 1.0
1439 1395 1.0
1439 1484 1.0
1439 1440 1.0
1440 1441 1.0
1440 1485 1.0
1440 1486 1.0
1441 1442 1.0
1441 1486 1.0
1441 1487 1.0
1442 1443 1.0
1442 1487 1.0
1442 1488 1.0
1443 1444 1.0
1443 1488 1.0
1443 1489 1.0
1444 1445 1.0
1444 1489 1.0
1444 1490 1.0
1445 1446 1.0
1445 1490 1.0
1445 1491 1.0
1446 1447 1.0
1446 1491 1.0
1446 1492 1.0
1447 1448 1.0
1447 1492 1.0
1447 1493 1.0
1448 1449 1.0
1448 1493 1.0
1448 1494 1.0
1449 1450 1.0
1449 1494 1.0
1449 1495 1.0
1450 1451 1.0
1450 1495 1.0
1450 1496 1.0
1451 1452 1.0
1451 1496 1.0
1451 1497 1.0
1452 1453 1.0
1452 1497 1.0
1452 1498 1.0
1453 1454 1.0
1453 1498 1.0
1453 1499 1.0
1454 1455 1.0
1454 1499 1.0
1454 1500 1.0
1455 1456 1.0
1455 1500 1.0
1455 1501 1.0
1456 1457 1.0
1456 1501 1.0
1456 1502 1.0
1457 1458 1.0
1457 1502 1.0
1457 1503 1.0
1458 1459 1.0
1458 1503 1.0
1458 1504 1.0
1459 1460 1.0
1459 1504 1.0
1459 1505 1.0
1460 1461 1.0
1460 1505 1.0
1460 1506 1.0
1461 1462 1.0
1461 1506 1.0
1461 1507 1.0
1462 1463 1.0
1462 1507 1.0
1462 1508 1.0
1463 1464 1.0
1463 1508 1.0
1463 1509 1.0
1464 1465 1.0
1464 1509 1.0
1464 1510 1.0
1465 1466 1.0
1465 1510 1.0
1465 1511 1.0
1466 1467 1.0
1466 1511 1.0
1466 1512 1.0
1467 1468 1.0
1467 1512 1.0
1467 1513 1.0
1468 1469 1.0
1468 1513 1.0
1468 1514 1.0
1469 1470 1.0
1469 1514 1.0
1469 1515 1.0
1470 1471 1.0
1470 1515 1.0
1470 1516 1.0
1471 1472 1.0
1471 1516 1.0
1471 1517 1.0
1472 1473 1.0
1472 1517 1.0
1472 1518 1.0
1473 1474 1.0
1473 1518 1.0
1473 1519 1.0
1474 1475 1.0
1474 1519 1.0
1474 1520 1.0
1475 1476 1.0
1475 1520 1.0
1475 1521 1.0
1476 1477 1.0
1476 1521 1.0
1476 1522 1.0
1477 1478 1.0
1477 1522 1.0
1477 1523 1.0
1478 1479 1.0
1478 1523 1.0
1478 1524 1.0
1479 1480 1.0
1479 1524 1.0
1479 1525 1.0
1480 1481 1.0
1480 1525 1.0
1480 1526 1.0
1481 1482 1.0
1481 1526 1.0
1481 1527 1.0
1482 1483 1.0
1482 1527 1.0
1482 1528 1.0
1483 1484 1.0
1483 1528 1.0
1483 1529 1.0
1484 1440 1.0
1484 1529 1.0
1484 1485 1.0
1485 1486 1.0
1485 1530 1.0
1485 1531 1.0
1486 1487 1.0
1486 1531 1.0
1486 1532 1.0
1487 1488 1.0
1487 1532 1.0
1487 1533 1.0
1488 1489 1.0
1488 1533 1.0
1488 1534 1.0
1489 1490 1.0
1489 1534 1.0
1489 1535 1.0
1490 1491 1.0
1490 1535 1.0
1490 1536 1.0
1491 1492 1.0
1491 1536 1.0
1491 1537 1.0
1492 1493 1.0
1492 1537 1.0
1492 1538 1.0
1493 1494 1.0
1493 1538 1.0
1493 1539 1.0
1494 1495 1.0
1494 1539 1.0
1494 1540 1.0
1495 1496 1.0
1495 1540 1.0
1495 1541 1.0
1496 1497 1.0
1496 1541 1.0
1496 1542 1.0
1497 1498 1.0
1497 1542 1.0
1497 1543 1.0
1498 1499 1.0
1498 1543 1.0
1498 1544 1.0
1499 1500 1.0
1499 1544 1.0
1499 1545 1.0
1500 1501 1.0
1500 1545 1.0
1500 1546 1.0
1501 1502 1.0
1501 1546 1.0
1501 1547 1.0
1502 1503 1.0
1502 1547 1.0
1502 1548 1.0
1503 1504 1.0
1503 1548 1.0
1503 1549 1.0
1504 1505 1.0
1504 1549 1.0
1504 1550 1.0
1505 1506 1.0
1505 1550 1.0
1505 1551 1.0
1506 1507 1.0
1506 1551 1.0
1506 1552 1.0
1507 1508 1.0
1507 1552 1.0
1507 1553 1.0
1508 1509 1.0
1508 1553 1.0
1508 1554 1.0
1509 1510 1.0
1509 1554 1.0
1509 1555 1.0
1510 1511 1.0
1510 1555 1.0
1510 1556 1.0
1511 1512 1.0
1511 1556 1.0
1511 1557 1.0
1512 1513 1.0
1512 1557 1.0
1512 1558 1.0
1513 1514 1.0
1513 1558 1.0
1513 1559 1.0
1514 1515 1.0
1514 1559 1.0
1514 1560 1.0
1515 1516 1.0
1515 1560 1.0
1515 1561 1.0
1516 1517 1.0
1516 1561 1.0
1516 1562 1.0
1517 1518 1.0
1517 1562 1.0
1517 1563 1.0
1518 1519 1.0
1518 1563 1.0
1518 1564 1.0
1519 1520 1.0
1519 1564 1.0
1519 1565 1.0
1520 1521 1.0
1520 1565 1.0
1520 1566 1.0
1521 1522 1.0
1521 1566 1.0
1521 1567 1.0
1522 1523 1.0
1522 1567 1.0
1522 1568 1.0
1523 1524 1.0
1523 1568 1.0
1523 1569 1.0
1524 1525 1.0
1524 1569 1.0
1524 1570 1.0
1525 1526 1.0
1525 1570 1.0
1525 1571 1.0
1526 1527 1.0
1526 1571 1.0
1526 1572 1.0
1527 1528 1.0
1527 1572 1.0
1527 1573 1.0
1528 1529 1.0
1528 1573 1.0
1528 1574 1.0
1529 1485 1.0
1529 1574 1.0
1529 1530 1.0
1530 1531 1.0
1530 1575 1.0
1530 1576 1.0
1531 1532 1.0
1531 1576 1.0
1531 1577 1.0
1532 1533 1.0
1532 1577 1.0
1532 1578 1.0
1533 1534 1.0
1533 1578 1.0
1533 1579 1.0
1534 1535 1.0
1534 1579 1.0
1534 1580 1.0
1535 1536 1.0
1535 1580 1.0
1535 1581 1.0
1536 1537 1.0
1536 1581 1.0
1536 1582 1.0
1537 1538 1.0
1537 1582 1.0
1537 1583 1.0
1538 1539 1.0
1538 1583 1.0
1538 1584 1.0
1539 1540 1.0
1539 1584 1.0
1539 1585 1.0
1540 1541 1.0
1540 1585 1.0
1540 1586 1.0
1541 1542 1.0
1541 1586 1.0
1541 1587 1.0
1542 1543 1.0
1542 1587 1.0
1542 1588 1.0
1543 1544 1.0
1543 1588 1.0
1543 1589 1.0
1544 1545 1.0
1544 1589 1.0
1544 1590 1.0
1545 1546 1.0
1545 1590 1.0
1545 1591 1.0
1546 1547 1.0
1546 1591 1.0
1546 1592 1.0
1547 1548 1.0
1547 1592 1.0
1547 1593 1.0
1548 1549 1.0
1548 1593 1.0
1548 1594 1.0
1549 1550 1.0
1549 1594 1.0
1549 1595 1.0
1550 1551 1.0
1550 1595 1.0
1550 1596 1.0
1551 1552 1.0
1551 1596 1.0
1551 1597 1.0
1552 1553 1.0
1552 1597 1.0
1552 1598 1.0
1553 1554 1.0
1553 1598 1.0
1553 1599 1.0
1554 1555 1.0
1554 1599 1.0
1554 1600 1.0
1555 1556 1.0
1555 1600 1.0
1555 1601 1.0
1556 1557 1.0
1556 1601 1.0
1556 1602 1.0
1557 1558 1.0
1557 1602 1.0
1557 1603 1.0
1558 1559 1.0
1558 1603 1.0
1558 1604 1.0
1559 1560 1.0
1559 1604 1.0
1559 1605 1.0
1560 1561 1.0
1560 1605 1.0
1560 1606 1.0
1561 1562 1.0
1561 1606 1.0
1561 1607 1.0
1562 1563 1.0
1562 1607 1.0
1562 1608 1.0
1563 1564 1.0
1563 1608 1.0
1563 1609 1.0
1564 1565 1.0
1564 1609 1.0
1564 1610 1.0
1565 1566 1.0
1565 1610 1.0
1565 1611 1.0
1566 1567 1.0
1566 1611 1.0
1566 1612 1.0
1567 1568 1.0
1567 1612 1.0
1567 1613 1.0
1568 1569 1.0
1568 1613 1.0
1568 1614 1.0
1569 1570 1.0
1569 1614 1.0
1569 1615 1.0
1570 1571 1.0
1570 1615 1.0
1570 1616 1.0
1571 1572 1.0
1571 1616 1.0
1571 1617 1.0
1572 1573 1.0
1572 1617 1.0
1572 1618 1.0
1573 1574 1.0
1573 1618 1.0
1573 1619 1.0
1574 1530 1.0
1574 1619 1.0
1574 1575 1.0
1575 1576 1.0
1575 1620 1.0
1575 1621 1.0
1576 1577 1.0
1576 1621 1.0
1576 1622 1.0
1577 1578 1.0
1577 1622 1.0
1577 1623 1.0
1578 1579 1.0
1578 1623 1.0
1578 1624 1.0
1579 1580 1.0
1579 1624 1.0
1579 1625 1.0
1580 1581 1.0
1580 1625 1.0
1580 1626 1.0
1581 1582 1.0
1581 1626 1.0
1581 1627 1.0
1582 1583 1.0
1582 1627 1.0
1582 1628 1.0
1583 1584 1.0
1583 1628 1.0
1583 1629 1.0
1584 1585 1.0
1584 1629 1.0
1584 1630 1.0
1585 1586 1.0
1585 1630 1.0
1585 1631 1.0
1586 1587 1.0
1586 1631 1.0
1586 1632 1.0
1587 1588 1.0
1587 1632 1.0
1587 1633 1.0
1588 1589 1.0
1588 1633 1.0
1588 1634 1.0
1589 1590 1.0
1589 1634 1.0
1589 1635 1.0
1590 1591 1.0
1590 1635 1.0
1590 1636 1.0
1591 1592 1.0
1591 1636 1.0
1591 1637 1.0
1592 1593 1.0
1592 1637 1.0
1592 1638 1.0
1593 1594 1.0
1593 1638 1.0
1593 1639 1.0
1594 1595 1.0
1594 1639 1.0
1594 1640 1.0
1595 1596 1.0
1595 1640 1.0
1595 1641 1.0
1596 1597 1.0
1596 1641 1.0
1596 1642 1.0
1597 1598 1.0
1597 1642 1.0
1597 1643 1.0
1598 1599 1.0
1598 1643 1.0
1598 1644 1.0
1599 1600 1.0
1599 1644 1.0
1599 1645 1.0
1600 1601 1.0
1600 1645 1.0
1600 1646 1.0
1601 1602 1.0
1601 1646 1.0
1601 1647 1.0
1602 1603 1.0
1602 1647 1.0
1602 1648 1.0
1603 1604 1.0
1603 1648 1.0
1603 1649 1.0
1604 1605 1.0
1604 1649 1.0
1604 1650 1.0
1605 1606 1.0
1605 1650 1.0
1605 1651 1.0
1606 1607 1.0
1606 1651 1.0
1606 1652 1.0
1607 1608 1.0
1607 1652 1.0
1607 1653 1.0
1608 1609 1.0
1608 1653 1.0
1608 1654 1.0
1609 1610 1.0
1609 1654 1.0
1609 1655 1.0
1610 1611 1.0
1610 1655 1.0
1610 1656 1.0
1611 1612 1.0
1611 1656 1.0
1611 1657 1.0
1612 1613 1.0
1612 1657 1.0
1612 1658 1.0
1613 1614 1.0
1613 1658 1.0
1613 1659 1.0
1614 1615 1.0
1614 1659 1.0
1614 1660 1.0
1615 1616 1.0
1615 1660 1.0
1615 1661 1.0
1616 1617 1.0
1616 1661 1.0
1616 1662 1.0
1617 1618 1.0
1617 1662 1.0
1617 1663 1.0
1618 1619 1.0
1618 1663 1.0
1618 1664 1.0
1619 1575 1.0
1619 1664 1.0
1619 1620 1.0
1620 1621 1.0
1620 1665 1.0
1620 1666 1.0
1621 1622 1.0
1621 1666 1.0
1621 1667 1.0
1622 1623 1.0
1622 1667 1.0
1622 1668 1.0
1623 1624 1.0
1623 1668 1.0
1623 1669 1.0
1624 1625 1.0
1624 1669 1.0
1624 1670 1.0
1625 1626 1.0
1625 1670 1.0
1625 1671 1.0
1626 1627 1.0
1626 1671 1.0
1626 1672 1.0
1627 1628 1.0
1627 1672 1.0
1627 1673 1.0
1628 1629 1.0
1628 1673 1.0
1628 1674 1.0
1629 1630 1.0
1629 1674 1.0
1629 1675 1.0
1630 1631 1.0
1630 1675 1.0
1630 1676 1.0
1631 1632 1.0
1631 1676 1.0
1631 1677 1.0
1632 1633 1.0
1632 1677 1.0
1632 1678 1.0
1633 1634 1.0
1633 1678 1.0
1633 1679 1.0
1634 1635 1.0
1634 1679 1.0
1634 1680 1.0
1635 1636 1.0
1635 1680 1.0
1635 1681 1.0
1636 1637 1.0
1636 1681 1.0
1636 1682 1.0
1637 1638 1.0
1637 1682 1.0
1637 1683 1.0
1638 1639 1.0
1638 1683 1.0
1638 1684 1.0
1639 1640 1.0
1639 1684 1.0
1639 1685 1.0
1640 1641 1.0
1640 1685 1.0
1640 1686 1.0
1641 1642 1.0
1641 1686 1.0
1641 1687 1.0
1642 1643 1.0
1642 1687 1.0
1642 1688 1.0
1643 1644 1.0
1643 1688 1.0
1643 1689 1.0
1644 1645 1.0
1644 1689 1.0
1644 1690 1.0
1645 1646 1.0
1645 1690 1.0
1645 1691 1.0
1646 1647 1.0
1646 1691 1.0
1646 1692 1.0
1647 1648 1.0
1647 1692 1.0
1647 1693 1.0
1648 1649 1.0
1648 1693 1.0
1648 1694 1.0
1649 1650 1.0
1649 1694 1.0
1649 1695 1.0
1650 1651 1.0
1650 1695 1.0
1650 1696 1.0
1651 1652 1.0
1651 1696 1.0
1651 1697 1.0
1652 1653 1.0
1652 1697 1.0
1652 1698 1.0
1653 1654 1.0
1653 1698 1.0
1653 1699 1.0
1654 1655 1.0
1654 1699 1.0
1654 1700 1.0
1655 1656 1.0
1655 1700 1.0
1655 1701 1.0
1656 1657 1.0
1656 1701 1.0
1656 1702 1.0
1657 1658 1.0
1657 1702 1.0
1657 1703 1.0
1658 1659 1.0
1658 1703 1.0
1658 1704 1.0
1659 1660 1.0
1659 1704 1.0
1659 1705 1.0
1660 1661 1.0
1660 1705 1.0
1660 1706 1.0
1661 1662 1.0
1661 1706 1.0
1661 1707 1.0
1662 1663 1.0
1662 1707 1.0
1662 1708 1.0
1663 1664 1.0
1663 1708 1.0
1663 1709 1.0
1664 1620 1.0
1664 1709 1.0
1664 1665 1.0
1665 1666 1.0
1665 1710 1.0
1665 1711 1.0
1666 1667 1.0
1666 1711 1.0
1666 1712 1.0
1667 1668 1.0
1667 1712 1.0
1667 1713 1.0
1668 1669 1.0
1668 1713 1.0
1668 1714 1.0
1669 1670 1.0
1669 1714 1.0
1669 1715 1.0
1670 1671 1.0
1670 1715 1.0
1670 1716 1.0
1671 1672 1.0
1671 1716 1.0
1671 1717 1.0
1672 1673 1.0
1672 1717 1.0
1672 1718 1.0
1673 1674 1.0
1673 1718 1.0
1673 1719 1.0
1674 1675 1.0
1674 1719 1.0
1674 1720 1.0
1675 1676 1.0
1675 1720 1.0
1675 1721 1.0
1676 1677 1.0
1676 1721 1.0
1676 1722 1.0
1677 1678 1.0
1677 1722 1.0
1677 1723 1.0
1678 1679 1.0
1678 1723 1.0
1678 1724 1.0
1679 1680 1.0
1679 1724 1.0
1679 1725 1.0
1680 1681 1.0
1680 1725 1.0
1680 1726 1.0
1681 1682 1.0
1681 1726 1.0
1681 1727 1.0
1682 1683 1.0
1682 1727 1.0
1682 1728 1.0
1683 1684 1.0
1683 1728 1.0
1683 1729 1.0
1684 1685 1.0
1684 1729 1.0
1684 1730 1.0
1685 1686 1.0
1685 1730 1.0
1685 1731 1.0
1686 1687 1.0
1686 1731 1.0
1686 1732 1.0
1687 1688 1.0
1687 1732 1.0
1687 1733 1.0
1688 1689 1.0
1688 1733 1.0
1688 1734 1.0
1689 1690 1.0
1689 1734 1.0
1689 1735 1.0
1690 1691 1.0
1690 1735 1.0
1690 1736 1.0
1691 1692 1.0
1691 1736 1.0
1691 1737 1.0
1692 1693 1.0
1692 1737 1.0
1692 1738 1.0
1693 1694 1.0
1693 1738 1.0
1693 1739 1.0
1694 1695 1.0
1694 1739 1.0
1694 1740 1.0
1695 1696 1.0
1695 1740 1.0
1695 1741 1.0
1696 1697 1.0
1696 1741 1.0
1696 1742 1.0
1697 1698 1.0
1697 1742 1.0
1697 1743 1.0
1698 1699 1.0
1698 1743 1.0
1698 1744 1.0
1699 1700 1.0
1699 1744 1.0
1699 1745 1.0
1700 1701 1.0
1700 1745 1.0
1700 1746 1.0
1701 1702 1.0
1701 1746 1.0
1701 1747 1.0
1702 1703 1.0
1702 1747 1.0
1702 1748 1.0
1703 1704 1.0
1703 1748 1.0
1703 1749 1.0
1704 1705 1.0
1704 1749 1.0
1704 1750 1.0
1705 1706 1.0
1705 1750 1.0
1705 1751 1.0
1706 1707 1.0
1706 1751 1.0
1706 1752 1.0
1707 1708 1.0
1707 1752 1.0
1707 1753 1.0
1708 1709 1.0
1708 1753 1.0
1708 1754 1.0
1709 1665 1.0
1709 1754 1.0
1709 1710 1.0
1710 1711 1.0
1710 1755 1.0
1710 1756 1.0
1711 1712 1.0
1711 1756 1.0
1711 1757 1.0
1712 1713 1.0
1712 1757 1.0
1712 1758 1.0
1713 1714 1.0
1713 1758 1.0
1713 1759 1.0
1714 1715 1.0
1714 1759 1.0
1714 1760 1.0
1715 1716 1.0
1715 1760 1.0
1715 1761 1.0
1716 1717 1.0
1716 1761 1.0
1716 1762 1.0
1717 1718 1.0
1717 1762 1.0
1717 1763 1.0
1718 1719 1.0
1718 1763 1.0
1718 1764 1.0
1719 1720 1.0
1719 1764 1.0
1719 1765 1.0
1720 1721 1.0
1720 1765 1.0
1720 1766 1.0
1721 1722 1.0
1721 1766 1.0
1721 1767 1.0
1722 1723 1.0
1722 1767 1.0
1722 1768 1.0
1723 1724 1.0
1723 1768 1.0
1723 1769 1.0
1724 1725 1.0
1724 1769 1.0
1724 1770 1.0
1725 1726 1.0
1725 1770 1.0
1725 1771 1.0
1726 1727 1.0
1726 1771 1.0
1726 1772 1.0
1727 1728 1.0
1727 1772 1.0
1727 1773 1.0
1728 1729 1.0
1728 1773 1.0
1728 1774 1.0
1729 1730 1.0
1729 1774 1.0
1729 1775 1.0
1730 1731 1.0
1730 1775 1.0
1730 1776 1.0
1731 1732 1.0
1731 1776 1.0
1731 1777 1.0
1732 1733 1.0
1732 1777 1.0
1732 1778 1.0
1733 1734 1.0
1733 1778 1.0
1733 1779 1.0
1734 1735 1.0
1734 1779 1.0
1734 1780 1.0
1735 1736 1.0
1735 1780 1.0
1735 1781 1.0
1736 1737 1.0
1736 1781 1.0
1736 1782 1.0
1737 1738 1.0
1737 1782 1.0
1737 1783 1.0
1738 1739 1.0
1738 1783 1.0
1738 1784 1.0
1739 1740 1.0
1739 1784 1.0
1739 1785 1.0
1740 1741 1.0
1740 1785 1.0
1740 1786 1.0
1741 1742 1.0
1741 1786 1.0
1741 1787 1.0
1742 1743 1.0
1742 1787 1.0
1742 1788 1.0
1743 1744 1.0
1743 1788 1.0
1743 1789 1.0
1744 1745 1.0
1744 1789 1.0
1744 1790 1.0
1745 1746 1.0
1745 1790 1.0
1745 1791 1.0
1746 1747 1.0
1746 1791 1.0
1746 1792 1.0
1747 1748 1.0
1747 1792 1.0
1747 1793 1.0
1748 1749 1.0
1748 1793 1.0
1748 1794 1.0
1749 1750 1.0
1749 1794 1.0
1749 1795 1.0
1750 1751 1.0
1750 1795 1.0
1750 1796 1.0
1751 1752 1.0
1751 1796 1.0
1751 1797 1.0
1752 1753 1.0
1752 1797 1.0
1752 1798 1.0
1753 1754 1.0
1753 1798 1.0
1753 1799 1.0
1754 1710 1.0
1754 1799 1.0
1754 1755 1.0
1755 1756 1.0
1755 1800 1.0
1755 1801 1.0
1756 1757 1.0
1756 1801 1.0
1756 1802 1.0
1757 1758 1.0
1757 1802 1.0
1757 1803 1.0
1758 1759 1.0
1758 1803 1.0
1758 1804 1.0
1759 1760 1.0
1759 1804 1.0
1759 1805 1.0
1760 1761 1.0
1760 1805 1.0
1760 1806 1.0
1761 1762 1.0
1761 1806 1.0
1761 1807 1.0
1762 1763 1.0
1762 1807 1.0
1762 1808 1.0
1763 1764 1.0
1763 1808 1.0
1763 1809 1.0
1764 1765 1.0
1764 1809 1.0
1764 1810 1.0
1765 1766 1.0
1765 1810 1.0
1765 1811 1.0
1766 1767 1.0
1766 1811 1.0
1766 1812 1.0
1767 1768 1.0
1767 1812 1.0
1767 1813 1.0
1768 1769 1.0
1768 1813 1.0
1768 1814 1.0
1769 1770 1.0
1769 1814 1.0
1769 1815 1.0
1770 1771 1.0
1770 1815 1.0
1770 1816 1.0
1771 1772 1.0
1771 1816 1.0
1771 1817 1.0
1772 1773 1.0
1772 1817 1.0
1772 1818 1.0
1773 1774 1.0
1773 1818 1.0
1773 1819 1.0
1774 1775 1.0
1774 1819 1.0
1774 1820 1.0
1775 1776 1.0
1775 1820 1.0
1775 1821 1.0
1776 1777 1.0
1776 1821 1.0
1776 1822 1.0
1777 1778 1.0
1777 1822 1.0
1777 1823 1.0
1778 1779 1.0
1778 1823 1.0
1778 1824 1.0
1779 1780 1.0
1779 1824 1.0
1779 1825 1.0
1780 1781 1.0
1780 1825 1.0
1780 1826 1.0
1781 1782 1.0
1781 1826 1.0
1781 1827 1.0
1782 1783 1.0
1782 1827 1.0
1782 1828 1.0
1783 1784 1.0
1783 1828 1.0
1783 1829 1.0
1784 1785 1.0
1784 1829 1.0
1784 1830 1.0
1785 1786 1.0
1785 1830 1.0
1785 1831 1.0
1786 1787 1.0
1786 1831 1.0
1786 1832 1.0
1787 1788 1.0
1787 1832 1.0
1787 1833 1.0
1788 1789 1.0
1788 1833 1.0
1788 1834 1.0
1789 1790 1.0
1789 1834 1.0
1789 1835 1.0
1790 1791 1.0
1790 1835 1.0
1790 1836 1.0
1791 1792 1.0
1791 1836 1.0
1791 1837 1.0
1792 1793 1.0
1792 1837 1.0
1792 1838 1.0
1793 1794 1.0
1793 1838 1.0
1793 1839 1.0
1794 1795 1.0
1794 1839 1.0
1794 1840 1.0
1795 1796 1.0
1795 1840 1.0
1795 1841 1.0
1796 1797 1.0
1796 1841 1.0
1796 1842 1.0
1797 1798 1.0
1797 1842 1.0
1797 1843 1.0
1798 1799 1.0
1798 1843 1.0
1798 1844 1.0
1799 1755 1.0
1799 1844 1.0
1799 1800 1.0
1800 1801 1.0
1800 1845 1.0
1800 1846 1.0
1801 1802 1.0
1801 1846 1.0
1801 1847 1.0
1802 1803 1.0
1802 1847 1.0
1802 1848 1.0
1803 1804 1.0
1803 1848 1.0
1803 1849 1.0
1804 1805 1.0
1804 1849 1.0
1804 1850 1.0
1805 1806 1.0
1805 1850 1.0
1805 1851 1.0
1806 1807 1.0
1806 1851 1.0
1806 1852 1.0
1807 1808 1.0
1807 1852 1.0
1807 1853 1.0
1808 1809 1.0
1808 1853 1.0
1808 1854 1.0
1809 1810 1.0
1809 1854 1.0
1809 1855 1.0
1810 1811 1.0
1810 1855 1.0
1810 1856 1.0
1811 1812 1.0
1811 1856 1.0
1811 1857 1.0
1812 1813 1.0
1812 1857 1.0
1812 1858 1.0
1813 1814 1.0
1813 1858 1.0
1813 1859 1.0
1814 1815 1.0
1814 1859 1.0
1814 1860 1.0
1815 1816 1.0
1815 1860 1.0
1815 1861 1.0
1816 1817 1.0
1816 1861 1.0
1816 1862 1.0
1817 1818 1.0
1817 1862 1.0
1817 1863 1.0
1818 1819 1.0
1818 1863 1.0
1818 1864 1.0
1819 1820 1.0
1819 1864 1.0
1819 1865 1.0
1820 1821 1.0
1820 1865 1.0
1820 1866 1.0
1821 1822 1.0
1821 1866 1.0
1821 1867 1.0
1822 1823 1.0
1822 1867 1.0
1822 1868 1.0
1823 1824 1.0
1823 1868 1.0
1823 1869 1.0
1824 1825 1.0
1824 1869 1.0
1824 1870 1.0
1825 1826 1.0
1825 1870 1.0
1825 1871 1.0
1826 1827 1.0
1826 1871 1.0
1826 1872 1.0
1827 1828 1.0
1827 1872 1.0
1827 1873 1.0
1828 1829 1.0
1828 1873 1.0
1828 1874 1.0
1829 1830 1.0
1829 1874 1.0
1829 1875 1.0
1830 1831 1.0
1830 1875 1.0
1830 1876 1.0
1831 1832 1.0
1831 1876 1.0
1831 1877 1.0
1832 1833 1.0
1832 1877 1.0
1832 1878 1.0
1833 1834 1.0
1833 1878 1.0
1833 1879 1.0
1834 1835 1.0
1834 1879 1.0
1834 1880 1.0
1835 1836 1.0
1835 1880 1.0
1835 1881 1.0
1836 1837 1.0
1836 1881 1.0
1836 1882 1.0
1837 1838 1.0
1837 1882 1.0
1837 1883 1.0
1838 1839 1.0
1838 1883 1.0
1838 1884 1.0
1839 1840 1.0
1839 1884 1.0
1839 1885 1.0
1840 1841 1.0
1840 1885 1.0
1840 1886 1.0
1841 1842 1.0
1841 1886 1.0
1841 1887 1.0
1842 1843 1.0
1842 1887 1.0
1842 1888 1.0
1843 1844 1.0
1843 1888 1.0
1843 1889 1.0
1844 1800 1.0
1844 1889 1.0
1844 1845 1.0
1845 1846 1.0
1845 1890 1.0
1845 1891 1.0
1846 1847 1.0
1846 1891 1.0
1846 1892 1.0
1847 1848 1.0
1847 1892 1.0
1847 1893 1.0
1848 1849 1.0
1848 1893 1.0
1848 1894 1.0
1849 1850 1.0
1849 1894 1.0
1849 1895 1.0
1850 1851 1.0
1850 1895 1.0
1850 1896 1.0
1851 1852 1.0
1851 1896 1.0
1851 1897 1.0
1852 1853 1.0
1852 1897 1.0
1852 1898 1.0
1853 1854 1.0
1853 1898 1.0
1853 1899 1.0
1854 1855 1.0
1854 1899 1.0
1854 1900 1.0
1855 1856 1.0
1855 1900 1.0
1855 1901 1.0
1856 1857 1.0
1856 1901 1.0
1856 1902 1.0
1857 1858 1.0
1857 1902 1.0
1857 1903 1.0
1858 1859 1.0
1858 1903 1.0
1858 1904 1.0
1859 1860 1.0
1859 1904 1.0
1859 1905 1.0
1860 1861 1.0
1860 1905 1.0
1860 1906 1.0
1861 1862 1.0
1861 1906 1.0
1861 1907 1.0
1862 1863 1.0
1862 1907 1.0
1862 1908 1.0
1863 1864 1.0
1863 1908 1.0
1863 1909 1.0
1864 1865 1.0
1864 1909 1.0
1864 1910 1.0
1865 1866 1.0
1865 1910 1.0
1865 1911 1.0
1866 1867 1.0
1866 1911 1.0
1866 1912 1.0
1867 1868 1.0
1867 1912 1.0
1867 1913 1.0
1868 1869 1.0
1868 1913 1.0
1868 1914 1.0
1869 1870 1.0
1869 1914 1.0
1869 1915 1.0
1870 1871 1.0
1870 1915 1.0
1870 1916 1.0
1871 1872 1.0
1871 1916 1.0
1871 1917 1.0
1872 1873 1.0
1872 1917 1.0
1872 1918 1.0
1873 1874 1.0
1873 1918 1.0
1873 1919 1.0
1874 1875 1.0
1874 1919 1.0
1874 1920 1.0
1875 1876 1.0
1875 1920 1.0
1875 1921 1.0
1876 1877 1.0
1876 1921 1.0
1876 1922 1.0
1877 1878 1.0
1877 1922 1.0
1877 1923 1.0
1878 1879 1.0
1878 1923 1.0
1878 1924 1.0
1879 1880 1.0
1879 1924 1.0
1879 1925 1.0
1880 1881 1.0
1880 1925 1.0
1880 1926 1.0
1881 1882 1.0
1881 1926 1.0
1881 1927 1.0
1882 1883 1.0
1882 1927 1.0
1882 1928 1.0
1883 1884 1.0
1883 1928 1.0
1883 1929 1.0
1884 1885 1.0
1884 1929 1.0
1884 1930 1.0
1885 1886 1.0
1885 1930 1.0
1885 1931 1.0
1886 1887 1.0
1886 1931 1.0
1886 1932 1.0
1887 1888 1.0
1887 1932 1.0
1887 1933 1.0
1888 1889 1.0
1888 1933 1.0
1888 1934 1.0
1889 1845 1.0
1889 1934 1.0
1889 1890 1.0
1890 1891 1.0
1890 1935 1.0
1890 1936 1.0
1891 1892 1.0
1891 1936 1.0
1891 1937 1.0
1892 1893 1.0
1892 1937 1.0
1892 1938 1.0
1893 1894 1.0
1893 1938 1.0
1893 1939 1.0
1894 1895 1.0
1894 1939 1.0
1894 1940 1.0
1895 1896 1.0
1895 1940 1.0
1895 1941 1.0
1896 1897 1.0
1896 1941 1.0
1896 1942 1.0
1897 1898 1.0
1897 1942 1.0
1897 1943 1.0
1898 1899 1.0
1898 1943 1.0
1898 1944 1.0
1899 1900 1.0
1899 1944 1.0
1899 1945 1.0
1900 1901 1.0
1900 1945 1.0
1900 1946 1.0
1901 1902 1.0
1901 1946 1.0
1901 1947 1.0
1902 1903 1.0
1902 1947 1.0
1902 1948 1.0
1903 1904 1.0
1903 1948 1.0
1903 1949 1.0
1904 1905 1.0
1904 1949 1.0
1904 1950 1.0
1905 1906 1.0
1905 1950 1.0
1905 1951 1.0
1906 1907 1.0
1906 1951 1.0
1906 1952 1.0
1907 1908 1.0
1907 1952 1.0
1907 1953 1.0
1908 1909 1.0
1908 1953 1.0
1908 1954 1.0
1909 1910 1.0
1909 1954 1.0
1909 1955 1.0
1910 1911 1.0
1910 1955 1.0
1910 1956 1.0
1911 1912 1.0
1911 1956 1.0
1911 1957 1.0
1912 1913 1.0
1912 1957 1.0
1912 1958 1.0
1913 1914 1.0
1913 1958 1.0
1913 1959 1.0
1914 1915 1.0
1914 1959 1.0
1914 1960 1.0
1915 1916 1.0
1915 1960 1.0
1915 1961 1.0
1916 1917 1.0
1916 1961 1.0
1916 1962 1.0
1917 1918 1.0
1917 1962 1.0
1917 1963 1.0
1918 1919 1.0
1918 1963 1.0
1918 1964 1.0
1919 1920 1.0
1919 1964 1.0
1919 1965 1.0
1920 1921 1.0
1920 1965 1.0
1920 1966 1.0
1921 1922 1.0
1921 1966 1.0
1921 1967 1.0
1922 1923 1.0
1922 1967 1.0
1922 1968 1.0
1923 1924 1.0
1923 1968 1.0
1923 1969 1.0
1924 1925 1.0
1924 1969 1.0
1924 1970 1.0
1925 1926 1.0
1925 1970 1.0
1925 1971 1.0
1926 1927 1.0
1926 1971 1.0
1926 1972 1.0
1927 1928 1.0
1927 1972 1.0
1927 1973 1.0
1928 1929 1.0
1928 1973 1.0
1928 1974 1.0
1929 1930 1.0
1929 1974 1.0
1929 1975 1.0
1930 1931 1.0
1930 1975 1.0
1930 1976 1.0
1931 1932 1.0
1931 1976 1.0
1931 1977 1.0
1932 1933 1.0
1932 1977 1.0
1932 1978 1.0
1933 1934 1.0
1933 1978 1.0
1933 1979 1.0
1934 1890 1.0
1934 1979 1.0
1934 1935 1.0
1935 1936 1.0
1935 1980 1.0
1935 1981 1.0
1936 1937 1.0
1936 1981 1.0
1936 1982 1.0
1937 1938 1.0
1937 1982 1.0
1937 1983 1.0
1938 1939 1.0
1938 1983 1.0
1938 1984 1.0
1939 1940 1.0
1939 1984 1.0
1939 1985 1.0
1940 1941 1.0
1940 1985 1.0
1940 1986 1.0
1941 1942 1.0
1941 1986 1.0
1941 1987 1.0
1942 1943 1.0
1942 1987 1.0
1942 1988 1.0
1943 1944 1.0
1943 1988 1.0
1943 1989 1.0
1944 1945 1.0
1944 1989 1.0
1944 1990 1.0
1945 1946 1.0
1945 1990 1.0
1945 1991 1.0
1946 1947 1.0
1946 1991 1.0
1946 1992 1.0
1947 1948 1.0
1947 1992 1.0
1947 1993 1.0
1948 1949 1.0
1948 1993 1.0
1948 1994 1.0
1949 1950 1.0
1949 1994 1.0
1949 1995 1.0
1950 1951 1.0
1950 1995 1.0
1950 1996 1.0
1951 1952 1.0
1951 1996 1.0
1951 1997 1.0
1952 1953 1.0
1952 1997 1.0
1952 1998 1.0
1953 1954 1.0
1953 1998 1.0
1953 1999 1.0
1954 1955 1.0
1954 1999 1.0
1954 2000 1.0
1955 1956 1.0
1955 2000 1.0
1955 2001 1.0
1956 1957 1.0
1956 2001 1.0
1956 2002 1.0
1957 1958 1.0
1957 2002 1.0
1957 2003 1.0
1958 1959 1.0
1958 2003 1.0
1958 2004 1.0
1959 1960 1.0
1959 2004 1.0
1959 2005 1.0
1960 1961 1.0
1960 2005 1.0
1960 2006 1.0
1961 1962 1.0
1961 2006 1.0
1961 2007 1.0
1962 1963 1.0
1962 2007 1.0
1962 2008 1.0
1963 1964 1.0
1963 2008 1.0
1963 2009 1.0
1964 1965 1.0
1964 2009 1.0
1964 2010 1.0
1965 1966 1.0
1965 2010 1.0
1965 2011 1.0
1966 1967 1.0
1966 2011 1.0
1966 2012 1.0
1967 1968 1.0
1967 2012 1.0
1967 2013 1.0
1968 1969 1.0
1968 2013 1.0
1968 2014 1.0
1969 1970 1.0
1969 2014 1.0
1969 2015 1.0
1970 1971 1.0
1970 2015 1.0
1970 2016 1.0
1971 1972 1.0
1971 2016 1.0
1971 2017 1.0
1972 1973 1.0
1972 2017 1.0
1972 2018 1.0
1973 1974 1.0
1973 2018 1.0
1973 2019 1.0
1974 1975 1.0
1974 2019 1.0
1974 2020 1.0
1975 1976 1.0
1975 2020 1.0
1975 2021 1.0
1976 1977 1.0
1976 2021 1.0
1976 2022 1.0
1977 1978 1.0
1977 2022 1.0
1977 2023 1.0
1978 1979 1.0
1978 2023 1.0
1978 2024 1.0
1979 1935 1.0
1979 2024 1.0
1979 1980 1.0
1980 1981 1.0
1980 0 1.0
1980 1 1.0
1981 1982 1.0
1981 1 1.0
1981 2 1.0
1982 1983 1.0
1982 2 1.0
1982 3 1.0
1983 1984 1.0
1983 3 1.0
1983 4 1.0
1984 1985 1.0
1984 4 1.0
1984 5 1.0
1985 1986 1.0
1985 5 1.0
1985 6 1.0
1986 1987 1.0
1986 6 1.0
1986 7 1.0
1987 1988 1.0
1987 7 1.0
1987 8 1.0
1988 1989 1.0
1988 8 1.0
1988 9 1.0
1989 1990 1.0
1989 9 1.0
1989 10 1.0
1990 1991 1.0
1990 10 1.0
1990 11 1.0
1991 1992 1.0
1991 11 1.0
1991 12 1.0
1992 1993 1.0
1992 12 1.0
1992 13 1.0
1993 1994 1.0
1993 13 1.0
1993 14 1.0
1994 1995 1.0
1994 14 1.0
1994 15 1.0
1995 1996 1.0
1995 15 1.0
1995 16 1.0
1996 1997 1.0
1996 16 1.0
1996 17 1.0
1997 1998 1.0
1997 17 1.0
1997 18 1.0
1998 1999 1.0
1998 18 1.0
1998 19 1.0
1999 2000 1.0
1999 19 1.0
1999 20 1.0
2000 2001 1.0
2000 20 1.0
2000 21 1.0
2001 2002 1.0
2001 21 1.0
2001 22 1.0
2002 2003 1.0
2002 22 1.0
2002 23 1.0
2003 2004 1.0
2003 23 1.0
2003 24 1.0
2004 2005 1.0
2004 24 1.0
2004 25 1.0
2005 2006 1.0
2005 25 1.0
2005 26 1.0
2006 2007 1.0
2006 26 1.0
2006 27 1.0
2007 2008 1.0
2007 27 1.0
2007 28 1.0
2008 2009 1.0
2008 28 1.0
2008 29 1.0
2009 2010 1.0
2009 29 1.0
2009 30 1.0
2010 2011 1.0
2010 30 1.0
2010 31 1.0
2011 2012 1.0
2011 31 1.0
2011 32 1.0
2012 2013 1.0
2012 32 1.0
2012 33 1.0
2013 2014 1.0
2013 33 1.0
2013 34 1.0
2014 2015 1.0
2014 34 1.0
2014 35 1.0
2015 2016 1.0
2015 35 1.0
2015 36 1.0
2016 2017 1.0
2016 36 1.0
2016 37 1.0
2017 2018 1.0
2017 37 1.0
2017 38 1.0
2018 2019 1.0
2018 38 1.0
2018 39 1.0
2019 2020 1.0
2019 39 1.0
2019 40 1.0
2020 2021 1.0
2020 40 1.0
2020 41 1.0
2021 2022 1.0
2021 41 1.0
2021 42 1.0
2022 2023 1.0
2022 42 1.0
2022 43 1.0
2023 2024 1.0
2023 43 1.0
2023 44 1.0
2024 1980 1.0
2024 44 1.0
2024 0 1.0
