0 1 1.0
0 27 1.0
0 28 1.0
1 2 1.0
1 28 1.0
1 29 1.0
2 3 1.0
2 29 1.0
2 30 1.0
3 4 1.0
3 30 1.0
3 31 1.0
4 5 1.0
4 31 1.0
4 32 1.0
5 6 1.0
5 32 1.0
5 33 1.0
6 7 1.0
6 33 1.0
6 34 1.0
7 8 1.0
7 34 1.0
7 35 1.0
8 9 1.0
8 35 1.0
8 36 1.0
9 10 1.0
9 36 1.0
9 37 1.0
10 11 1.0
10 37 1.0
10 38 1.0
11 12 1.0
11 38 1.0
11 39 1.0
12 13 1.0
12 39 1.0
12 40 1.0
13 14 1.0
13 40 1.0
13 41 1.0
14 15 1.0
14 41 1.0
14 42 1.0
15 16 1.0
15 42 1.0
15 43 1.0
16 17 1.0
16 43 1.0
16 44 1.0
17 18 1.0
17 44 1.0
17 45 1.0
18 19 1.0
18 45 1.0
18 46 1.0
19 20 1.0
19 46 1.0
19 47 1.0
20 21 1.0
20 47 1.0
20 48 1.0
21 22 1.0
21 48 1.0
21 49 1.0
22 23 1.0
22 49 1.0
22 50 1.0
23 24 1.0
23 50 1.0
23 51 1.0
24 25 1.0
24 51 1.0
24 52 1.0
25 26 1.0
25 52 1.0
25 53 1.0
26 0 1.0
26 53 1.0
26 27 1.0
27 28 1.0
27 54 1.0
27 55 1.0
28 29 1.0
28 55 1.0
28 56 1.0
29 30 1.0
29 56 1.0
29 57 1.0
30 31 1.0
30 57 1.0
30 58 1.0
31 32 1.0
31 58 1.0
31 59 1.0
32 33 1.0
32 59 1.0
32 60 1.0
33 34 1.0
33 60 1.0
33 61 1.0
34 35 1.0
34 61 1.0
34 62 1.0
35 36 1.0
35 62 1.0
35 63 1.0
36 37 1.0
36 63 1.0
36 64 1.0
37 38 1.0
37 64 1.0
37 65 1.0
38 39 1.0
38 65 1.0
38 66 1.0
39 40 1.0
39 66 1.0
39 67 1.0
40 41 1.0
40 67 1.0
40 68 1.0
41 42 1.0
41 68 1.0
41 69 1.0
42 43 1.0
42 69 1.0
42 70 1.0
43 44 1.0
43 70 1.0
43 71 1.0
44 45 1.0
44 71 1.0
44 72 1.0
45 46 1.0
45 72 1.0
45 73 1.0
46 47 1.0
46 73 1.0
46 74 1.0
47 48 1.0
47 74 1.0
47 75 1.0
48 49 1.0
48 75 1.0
48 76 1.0
49 50 1.0
49 76 1.0
49 77 1.0
50 51 1.0
50 77 1.0
50 78 1.0
51 52 1.0
51 78 1.0
51 79 1.0
52 53 1.0
52 79 1.0
52 80 1.0
53 27 1.0
53 80 1.0
53 54 1.0
54 55 1.0
54 81 1.0
54 82 1.0
55 56 1.0
55 82 1.0
55 83 1.0
56 57 1.0
56 83 1.0
56 84 1.0
57 58 1.0
57 84 1.0
57 85 1.0
58 59 1.0
58 85 1.0
58 86 1.0
59 60 1.0
59 86 1.0
59 87 1.0
60 61 1.0
60 87 1.0
60 88 1.0
61 62 1.0
61 88 1.0
61 89 1.0
62 63 1.0
62 89 1.0
62 90 1.0
63 64 1.0
63 90 1.0
63 91 1.0
64 65 1.0
64 91 1.0
64 92 1.0
65 66 1.0
65 92 1.0
65 93 1.0
66 67 1.0
66 93 1.0
66 94 1.0
67 68 1.0
67 94 1.0
67 95 1.0
68 69 1.0
68 95 1.0
68 96 1.0
69 70 1.0
69 96 1.0
69 97 1.0
70 71 1.0
70 97 1.0
70 98 1.0
71 72 1.0
71 98 1.0
71 99 1.0
72 73 1.0
72 99 1.0
72 100 1.0
73 74 1.0
73 100 1.0
73 101 1.0
74 75 1.0
74 101 1.0
74 102 1.0
75 76 1.0
75 102 1.0
75 103 1.0
76 77 1.0
76 103 1.0
76 104 1.0
77 78 1.0
77 104 1.0
77 105 1.0
78 79 1.0
78 105 1.0
78 106 1.0
79 80 1.0
79 106 1.0
79 107 1.0
80 54 1.0
80 107 1.0
80 81 1.0
81 82 1.0
81 108 1.0
81 109 1.0
82 83 1.0
82 109 1.0
82 110 1.0
83 84 1.0
83 110 1.0
83 111 1.0
84 85 1.0
84 111 1.0
84 112 1.0
85 86 1.0
85 112 1.0
85 113 1.0
86 87 1.0
86 113 1.0
86 114 1.0
87 88 1.0
87 114 1.0
87 115 1.0
88 89 1.0
88 115 1.0
88 116 1.0
89 90 1.0
89 116 1.0
89 117 1.0
90 91 1.0
90 117 1.0
90 118 1.0
91 92 1.0
91 118 1.0
91 119 1.0
92 93 1.0
92 119 1.0
92 120 1.0
93 94 1.0
93 120 1.0
93 121 1.0
94 95 1.0
94 121 1.0
94 122 1.0
95 96 1.0
95 122 1.0
95 123 1.0
96 97 1.0
96 123 1.0
96 124 1.0
97 98 1.0
97 124 1.0
97 125 1.0
98 99 1.0
98 125 1.0
98 126 1.0
99 100 1.0
99 126 1.0
99 127 1.0
100 101 1.0
100 127 1.0
100 128 1.0
101 102 1.0
101 128 1.0
101 129 1.0
102 103 1.0
102 129 1.0
102 130 1.0
103 104 1.0
103 130 1.0
103 131 1.0
104 105 1.0
104 131 1.0
104 132 1.0
105 106 1.0
105 132 1.0
105 133 1.0
106 107 1.0
106 133 1.0
106 134 1.0
107 81 1.0
107 134 1.0
107 108 1.0
108 109 1.0
108 135 1.0
108 136 1.0
109 110 1.0
109 136 1.0
109 137 1.0
110 111 1.0
110 137 1.0
110 138 1.0
111 112 1.0
111 138 1.0
111 139 1.0
112 113 1.0
112 139 1.0
112 140 1.0
113 114 1.0
113 140 1.0
113 141 1.0
114 115 1.0
114 141 1.0
114 142 1.0
115 116 1.0
115 142 1.0
115 143 1.0
116 117 1.0
116 143 1.0
116 144 1.0
117 118 1.0
117 144 1.0
117 145 1.0
118 119 1.0
118 145 1.0
118 146 1.0
119 120 1.0
119 146 1.0
119 147 1.0
120 121 1.0
120 147 1.0
120 148 1.0
121 122 1.0
121 148 1.0
121 149 1.0
122 123 1.0
122 149 1.0
122 150 1.0
123 124 1.0
123 150 1.0
123 151 1.0
124 125 1.0
124 151 1.0
124 152 1.0
125 126 1.0
125 152 1.0
125 153 1.0
126 127 1.0
126 153 1.0
126 154 1.0
127 128 1.0
127 154 1.0
127 155 1.0
128 129 1.0
128 155 1.0
128 156 1.0
129 130 1.0
129 156 1.0
129 157 1.0
130 131 1.0
130 157 1.0
130 158 1.0
131 132 1.0
131 158 1.0
131 159 1.0
132 133 1.0
132 159 1.0
132 160 1.0
133 134 1.0
133 160 1.0
133 161 1.0
134 108 1.0
134 161 1.0
134 135 1.0
135 136 1.0
135 162 1.0
135 163 1.0
136 137 1.0
136 163 1.0
136 164 1.0
137 138 1.0
137 164 1.0
137 165 1.0
138 139 1.0
138 165 1.0
138 166 1.0
139 140 1.0
139 166 1.0
139 167 1.0
140 141 1.0
140 167 1.0
140 168 1.0
141 142 1.0
141 168 1.0
141 169 1.0
142 143 1.0
142 169 1.0
142 170 1.0
143 144 1.0
143 170 1.0
143 171 1.0
144 145 1.0
144 171 1.0
144 172 1.0
145 146 1.0
145 172 1.0
145 173 1.0
146 147 1.0
146 173 1.0
146 174 1.0
147 148 1.0
147 174 1.0
147 175 1.0
148 149 1.0
148 175 1.0
148 176 1.0
149 150 1.0
149 176 1.0
149 177 1.0
150 151 1.0
150 177 1.0
150 178 1.0
151 152 1.0
151 178 1.0
151 179 1.0
152 153 1.0
152 179 1.0
152 180 1.0
153 154 1.0
153 180 1.0
153 181 1.0
154 155 1.0
154 181 1.0
154 182 1.0
155 156 1.0
155 182 1.0
155 183 1.0
156 157 1.0
156 183 1.0
156 184 1.0
157 158 1.0
157 184 1.0
157 185 1.0
158 159 1.0
158 185 1.0
158 186 1.0
159 160 1.0
159 186 1.0
159 187 1.0
160 161 1.0
160 187 1.0
160 188 1.0
161 135 1.0
161 188 1.0
161 162 1.0
162 163 1.0
162 189 1.0
162 190 1.0
163 164 1.0
163 190 1.0
163 191 1.0
164 165 1.0
164 191 1.0
164 192 1.0
165 166 1.0
165 192 1.0
165 193 1.0
166 167 1.0
166 193 1.0
166 194 1.0
167 168 1.0
167 194 1.0
167 195 1.0
168 169 1.0
168 195 1.0
168 196 1.0
169 170 1.0
169 196 1.0
169 197 1.0
170 171 1.0
170 197 1.0
170 198 1.0
171 172 1.0
171 198 1.0
171 199 1.0
172 173 1.0
172 199 1.0
172 200 1.0
173 174 1.0
173 200 1.0
173 201 1.0
174 175 1.0
174 201 1.0
174 202 1.0
175 176 1.0
175 202 1.0
175 203 1.0
176 177 1.0
176 203 1.0
176 204 1.0
177 178 1.0
177 204 1.0
177 205 1.0
178 179 1.0
178 205 1.0
178 206 1.0
179 180 1.0
179 206 1.0
179 207 1.0
180 181 1.0
180 207 1.0
180 208 1.0
181 182 1.0
181 208 1.0
181 209 1.0
182 183 1.0
182 209 1.0
182 210 1.0
183 184 1.0
183 210 1.0
183 211 1.0
184 185 1.0
184 211 1.0
184 212 1.0
185 186 1.0
185 212 1.0
185 213 1.0
186 187 1.0
186 213 1.0
186 214 1.0
187 188 1.0
187 214 1.0
187 215 1.0
188 162 1.0
188 215 1.0
188 189 1.0
189 190 1.0
189 216 1.0
189 217 1.0
190 191 1.0
190 217 1.0
190 218 1.0
191 192 1.0
191 218 1.0
191 219 1.0
192 193 1.0
192 219 1.0
192 220 1.0
193 194 1.0
193 220 1.0
193 221 1.0
194 195 1.0
194 221 1.0
194 222 1.0
195 196 1.0
195 222 1.0
195 223 1.0
196 197 1.0
196 223 1.0
196 224 1.0
197 198 1.0
197 224 1.0
197 225 1.0
198 199 1.0
198 225 1.0
198 226 1.0
199 200 1.0
199 226 1.0
199 227 1.0
200 201 1.0
200 227 1.0
200 228 1.0
201 202 1.0
201 228 1.0
201 229 1.0
202 203 1.0
202 229 1.0
202 230 1.0
203 204 1.0
203 230 1.0
203 231 1.0
204 205 1.0
204 231 1.0
204 232 1.0
205 206 1.0
205 232 1.0
205 233 1.0
206 207 1.0
206 233 1.0
206 234 1.0
207 208 1.0
207 234 1.0
207 235 1.0
208 209 1.0
208 235 1.0
208 236 1.0
209 210 1.0
209 236 1.0
209 237 1.0
210 211 1.0
210 237 1.0
210 238 1.0
211 212 1.0
211 238 1.0
211 239 1.0
212 213 1.0
212 239 1.0
212 240 1.0
213 214 1.0
213 240 1.0
213 241 1.0
214 215 1.0
214 241 1.0
214 242 1.0
215 189 1.0
215 242 1.0
215 216 1.0
216 217 1.0
216 243 1.0
216 244 1.0
217 218 1.0
217 244 1.0
217 245 1.0
218 219 1.0
218 245 1.0
218 246 1.0
219 220 1.0
219 246 1.0
219 247 1.0
220 221 1.0
220 247 1.0
220 248 1.0
221 222 1.0
221 248 1.0
221 249 1.0
222 223 1.0
222 249 1.0
222 250 1.0
223 224 1.0
223 250 1.0
223 251 1.0
224 225 1.0
224 251 1.0
224 252 1.0
225 226 1.0
225 252 1.0
225 253 1.0
226 227 1.0
226 253 1.0
226 254 1.0
227 228 1.0
227 254 1.0
227 255 1.0
228 229 1.0
228 255 1.0
228 256 1.0
229 230 1.0
229 256 1.0
229 257 1.0
230 231 1.0
230 257 1.0
230 258 1.0
231 232 1.0
231 258 1.0
231 259 1.0
232 233 1.0
232 259 1.0
232 260 1.0
233 234 1.0
233 260 1.0
233 261 1.0
234 235 1.0
234 261 1.0
234 262 1.0
235 236 1.0
235 262 1.0
235 263 1.0
236 237 1.0
236 263 1.0
236 264 1.0
237 238 1.0
237 264 1.0
237 265 1.0
238 239 1.0
238 265 1.0
238 266 1.0
239 240 1.0
239 266 1.0
239 267 1.0
240 241 1.0
240 267 1.0
240 268 1.0
241 242 1.0
241 268 1.0
241 269 1.0
242 216 1.0
242 269 1.0
242 243 1.0
243 244 1.0
243 270 1.0
243 271 1.0
244 245 1.0
244 271 1.0
244 272 1.0
245 246 1.0
245 272 1.0
245 273 1.0
246 247 1.0
246 273 1.0
246 274 1.0
247 248 1.0
247 274 1.0
247 275 1.0
248 249 1.0
248 275 1.0
248 276 1.0
249 250 1.0
249 276 1.0
249 277 1.0
250 251 1.0
250 277 1.0
250 278 1.0
251 252 1.0
251 278 1.0
251 279 1.0
252 253 1.0
252 279 1.0
252 280 1.0
253 254 1.0
253 280 1.0
253 281 1.0
254 255 1.0
254 281 1.0
254 282 1.0
255 256 1.0
255 282 1.0
255 283 1.0
256 257 1.0
256 283 1.0
256 284 1.0
257 258 1.0
257 284 1.0
257 285 1.0
258 259 1.0
258 285 1.0
258 286 1.0
259 260 1.0
259 286 1.0
259 287 1.0
260 261 1.0
260 287 1.0
260 288 1.0
261 262 1.0
261 288 1.0
261 289 1.0
262 263 1.0
262 289 1.0
262 290 1.0
263 264 1.0
263 290 1.0
263 291 1.0
264 265 1.0
264 291 1.0
264 292 1.0
265 266 1.0
265 292 1.0
265 293 1.0
266 267 1.0
266 293 1.0
266 294 1.0
267 268 1.0
267 294 1.0
267 295 1.0
268 269 1.0
268 295 1.0
268 296 1.0
269 243 1.0
269 296 1.0
269 270 1.0
270 271 1.0
270 297 1.0
270 298 1.0
271 272 1.0
271 298 1.0
271 299 1.0
272 273 1.0
272 299 1.0
272 300 1.0
273 274 1.0
273 300 1.0
273 301 1.0
274 275 1.0
274 301 1.0
274 302 1.0
275 276 1.0
275 302 1.0
275 303 1.0
276 277 1.0
276 303 1.0
276 304 1.0
277 278 1.0
277 304 1.0
277 305 1.0
278 279 1.0
278 305 1.0
278 306 1.0
279 280 1.0
279 306 1.0
279 307 1.0
280 281 1.0
280 307 1.0
280 308 1.0
281 282 1.0
281 308 1.0
281 309 1.0
282 283 1.0
282 309 1.0
282 310 1.0
283 284 1.0
283 310 1.0
283 311 1.0
284 285 1.0
284 311 1.0
284 312 1.0
285 286 1.0
285 312 1.0
285 313 1.0
286 287 1.0
286 313 1.0
286 314 1.0
287 288 1.0
287 314 1.0
287 315 1.0
288 289 1.0
288 315 1.0
288 316 1.0
289 290 1.0
289 316 1.0
289 317 1.0
290 291 1.0
290 317 1.0
290 318 1.0
291 292 1.0
291 318 1.0
291 319 1.0
292 293 1.0
292 319 1.0
292 320 1.0
293 294 1.0
293 320 1.0
293 321 1.0
294 295 1.0
294 321 1.0
294 322 1.0
295 296 1.0
295 322 1.0
295 323 1.0
296 270 1.0
296 323 1.0
296 297 1.0
297 298 1.0
297 324 1.0
297 325 1.0
298 299 1.0
298 325 1.0
298 326 1.0
299 300 1.0
299 326 1.0
299 327 1.0
300 301 1.0
300 327 1.0
300 328 1.0
301 302 1.0
301 328 1.0
301 329 1.0
302 303 1.0
302 329 1.0
302 330 1.0
303 304 1.0
303 330 1.0
303 331 1.0
304 305 1.0
304 331 1.0
304 332 1.0
305 306 1.0
305 332 1.0
305 333 1.0
306 307 1.0
306 333 1.0
306 334 1.0
307 308 1.0
307 334 1.0
307 335 1.0
308 309 1.0
308 335 1.0
308 336 1.0
309 310 1.0
309 336 1.0
309 337 1.0
310 311 1.0
310 337 1.0
310 338 1.0
311 312 1.0
311 338 1.0
311 339 1.0
312 313 1.0
312 339 1.0
312 340 1.0
313 314 1.0
313 340 1.0
313 341 1.0
314 315 1.0
314 341 1.0
314 342 1.0
315 316 1.0
315 342 1.0
315 343 1.0
316 317 1.0
316 343 1.0
316 344 1.0
317 318 1.0
317 344 1.0
317 345 1.0
318 319 1.0
318 345 1.0
318 346 1.0
319 320 1.0
319 346 1.0
319 347 1.0
320 321 1.0
320 347 1.0
320 348 1.0
321 322 1.0
321 348 1.0
321 349 1.0
322 323 1.0
322 349 1.0
322 350 1.0
323 297 1.0
323 350 1.0
323 324 1.0
324 325 1.0
324 351 1.0
324 352 1.0
325 326 1.0
325 352 1.0
325 353 1.0
326 327 1.0
326 353 1.0
326 354 1.0
327 328 1.0
327 354 1.0
327 355 1.0
328 329 1.0
328 355 1.0
328 356 1.0
329 330 1.0
329 356 1.0
329 357 1.0
330 331 1.0
330 357 1.0
330 358 1.0
331 332 1.0
331 358 1.0
331 359 1.0
332 333 1.0
332 359 1.0
332 360 1.0
333 334 1.0
333 360 1.0
333 361 1.0
334 335 1.0
334 361 1.0
334 362 1.0
335 336 1.0
335 362 1.0
335 363 1.0
336 337 1.0
336 363 1.0
336 364 1.0
337 338 1.0
337 364 1.0
337 365 1.0
338 339 1.0
338 365 1.0
338 366 1.0
339 340 1.0
339 366 1.0
339 367 1.0
340 341 1.0
340 367 1.0
340 368 1.0
341 342 1.0
341 368 1.0
341 369 1.0
342 343 1.0
342 369 1.0
342 370 1.0
343 344 1.0
343 370 1.0
343 371 1.0
344 345 1.0
344 371 1.0
344 372 1.0
345 346 1.0
345 372 1.0
345 373 1.0
346 347 1.0
346 373 1.0
346 374 1.0
347 348 1.0
347 374 1.0
347 375 1.0
348 349 1.0
348 375 1.0
348 376 1.0
349 350 1.0
349 376 1.0
349 377 1.0
350 324 1.0
350 377 1.0
350 351 1.0
351 352 1.0
351 378 1.0
351 379 1.0
352 353 1.0
352 379 1.0
352 380 1.0
353 354 1.0
353 380 1.0
353 381 1.0
354 355 1.0
354 381 1.0
354 382 1.0
355 356 1.0
355 382 1.0
355 383 1.0
356 357 1.0
356 383 1.0
356 384 1.0
357 358 1.0
357 384 1.0
357 385 1.0
358 359 1.0
358 385 1.0
358 386 1.0
359 360 1.0
359 386 1.0
359 387 1.0
360 361 1.0
360 387 1.0
360 388 1.0
361 362 1.0
361 388 1.0
361 389 1.0
362 363 1.0
362 389 1.0
362 390 1.0
363 364 1.0
363 390 1.0
363 391 1.0
364 365 1.0
364 391 1.0
364 392 1.0
365 366 1.0
365 392 1.0
365 393 1.0
366 367 1.0
366 393 1.0
366 394 1.0
367 368 1.0
367 394 1.0
367 395 1.0
368 369 1.0
368 395 1.0
368 396 1.0
369 370 1.0
369 396 1.0
369 397 1.0
370 371 1.0
370 397 1.0
370 398 1.0
371 372 1.0
371 398 1.0
371 399 1.0
372 373 1.0
372 399 1.0
372 400 1.0
373 374 1.0
373 400 1.0
373 401 1.0
374 375 1.0
374 401 1.0
374 402 1.0
375 376 1.0
375 402 1.0
375 403 1.0
376 377 1.0
376 403 1.0
376 404 1.0
377 351 1.0
377 404 1.0
377 378 1.0
378 379 1.0
378 405 1.0
378 406 1.0
379 380 1.0
379 406 1.0
379 407 1.0
380 381 1.0
380 407 1.0
380 408 1.0
381 382 1.0
381 408 1.0
381 409 1.0
382 383 1.0
382 409 1.0
382 410 1.0
383 384 1.0
383 410 1.0
383 411 1.0
384 385 1.0
384 411 1.0
384 412 1.0
385 386 1.0
385 412 1.0
385 413 1.0
386 387 1.0
386 413 1.0
386 414 1.0
387 388 1.0
387 414 1.0
387 415 1.0
388 389 1.0
388 415 1.0
388 416 1.0
389 390 1.0
389 416 1.0
389 417 1.0
390 391 1.0
390 417 1.0
390 418 1.0
391 392 1.0
391 418 1.0
391 419 1.0
392 393 1.0
392 419 1.0
392 420 1.0
393 394 1.0
393 420 1.0
393 421 1.0
394 395 1.0
394 421 1.0
394 422 1.0
395 396 1.0
395 422 1.0
395 423 1.0
396 397 1.0
396 423 1.0
396 424 1.0
397 398 1.0
397 424 1.0
397 425 1.0
398 399 1.0
398 425 1.0
398 426 1.0
399 400 1.0
399 426 1.0
399 427 1.0
400 401 1.0
400 427 1.0
400 428 1.0
401 402 1.0
401 428 1.0
401 429 1.0
402 403 1.0
402 429 1.0
402 430 1.0
403 404 1.0
403 430 1.0
403 431 1.0
404 378 1.0
404 431 1.0
404 405 1.0
405 406 1.0
405 432 1.0
405 433 1.0
406 407 1.0
406 433 1.0
406 434 1.0
407 408 1.0
407 434 1.0
407 435 1.0
408 409 1.0
408 435 1.0
408 436 1.0
409 410 1.0
409 436 1.0
409 437 1.0
410 411 1.0
410 437 1.0
410 438 1.0
411 412 1.0
411 438 1.0
411 439 1.0
412 413 1.0
412 439 1.0
412 440 1.0
413 414 1.0
413 440 1.0
413 441 1.0
414 415 1.0
414 441 1.0
414 442 1.0
415 416 1.0
415 442 1.0
415 443 1.0
416 417 1.0
416 443 1.0
416 444 1.0
417 418 1.0
417 444 1.0
417 445 1.0
418 419 1.0
418 445 1.0
418 446 1.0
419 420 1.0
419 446 1.0
419 447 1.0
420 421 1.0
420 447 1.0
420 448 1.0
421 422 1.0
421 448 1.0
421 449 1.0
422 423 1.0
422 449 1.0
422 450 1.0
423 424 1.0
423 450 1.0
423 451 1.0
424 425 1.0
424 451 1.0
424 452 1.0
425 426 1.0
425 452 1.0
425 453 1.0
426 427 1.0
426 453 1.0
426 454 1.0
427 428 1.0
427 454 1.0
427 455 1.0
428 429 1.0
428 455 1.0
428 456 1.0
429 430 1.0
429 456 1.0
429 457 1.0
430 431 1.0
430 457 1.0
430 458 1.0
431 405 1.0
431 458 1.0
431 432 1.0
432 433 1.0
432 459 1.0
432 460 1.0
433 434 1.0
433 460 1.0
433 461 1.0
434 435 1.0
434 461 1.0
434 462 1.0
435 436 1.0
435 462 1.0
435 463 1.0
436 437 1.0
436 463 1.0
436 464 1.0
437 438 1.0
437 464 1.0
437 465 1.0
438 439 1.0
438 465 1.0
438 466 1.0
439 440 1.0
439 466 1.0
439 467 1.0
440 441 1.0
440 467 1.0
440 468 1.0
441 442 1.0
441 468 1.0
441 469 1.0
442 443 1.0
442 469 1.0
442 470 1.0
443 444 1.0
443 470 1.0
443 471 1.0
444 445 1.0
444 471 1.0
444 472 1.0
445 446 1.0
445 472 1.0
445 473 1.0
446 447 1.0
446 473 1.0
446 474 1.0
447 448 1.0
447 474 1.0
447 475 1.0
448 449 1.0
448 475 1.0
448 476 1.0
449 450 1.0
449 476 1.0
449 477 1.0
450 451 1.0
450 477 1.0
450 478 1.0
451 452 1.0
451 478 1.0
451 479 1.0
452 453 1.0
452 479 1.0
452 480 1.0
453 454 1.0
453 480 1.0
453 481 1.0
454 455 1.0
454 481 1.0
454 482 1.0
455 456 1.0
455 482 1.0
455 483 1.0
456 457 1.0
456 483 1.0
456 484 1.0
457 458 1.0
457 484 1.0
457 485 1.0
458 432 1.0
458 485 1.0
458 459 1.0
459 460 1.0
459 486 1.0
459 487 1.0
460 461 1.0
460 487 1.0
460 488 1.0
461 462 1.0
461 488 1.0
461 489 1.0
462 463 1.0
462 489 1.0
462 490 1.0
463 464 1.0
463 490 1.0
463 491 1.0
464 465 1.0
464 491 1.0
464 492 1.0
465 466 1.0
465 492 1.0
465 493 1.0
466 467 1.0
466 493 1.0
466 494 1.0
467 468 1.0
467 494 1.0
467 495 1.0
468 469 1.0
468 495 1.0
468 496 1.0
469 470 1.0
469 496 1.0
469 497 1.0
470 471 1.0
470 497 1.0
470 498 1.0
471 472 1.0
471 498 1.0
471 499 1.0
472 473 1.0
472 499 1.0
472 500 1.0
473 474 1.0
473 500 1.0
473 501 1.0
474 475 1.0
474 501 1.0
474 502 1.0
475 476 1.0
475 502 1.0
475 503 1.0
476 477 1.0
476 503 1.0
476 504 1.0
477 478 1.0
477 504 1.0
477 505 1.0
478 479 1.0
478 505 1.0
478 506 1.0
479 480 1.0
479 506 1.0
479 507 1.0
480 481 1.0
480 507 1.0
480 508 1.0
481 482 1.0
481 508 1.0
481 509 1.0
482 483 1.0
482 509 1.0
482 510 1.0
483 484 1.0
483 510 1.0
483 511 1.0
484 485 1.0
484 511 1.0
484 512 1.0
485 459 1.0
485 512 1.0
485 486 1.0
486 487 1.0
486 513 1.0
486 514 1.0
487 488 1.0
487 514 1.0
487 515 1.0
488 489 1.0
488 515 1.0
488 516 1.0
489 490 1.0
489 516 1.0
489 517 1.0
490 491 1.0
490 517 1.0
490 518 1.0
491 492 1.0
491 518 1.0
491 519 1.0
492 493 1.0
492 519 1.0
492 520 1.0
493 494 1.0
493 520 1.0
493 521 1.0
494 495 1.0
494 521 1.0
494 522 1.0
495 496 1.0
495 522 1.0
495 523 1.0
496 497 1.0
496 523 1.0
496 524 1.0
497 498 1.0
497 524 1.0
497 525 1.0
498 499 1.0
498 525 1.0
498 526 1.0
499 500 1.0
499 526 1.0
499 527 1.0
500 501 1.0
500 527 1.0
500 528 1.0
501 502 1.0
501 528 1.0
501 529 1.0
502 503 1.0
502 529 1.0
502 530 1.0
503 504 1.0
503 530 1.0
503 531 1.0
504 505 1.0
504 531 1.0
504 532 1.0
505 506 1.0
505 532 1.0
505 533 1.0
506 507 1.0
506 533 1.0
506 534 1.0
507 508 1.0
507 534 1.0
507 535 1.0
508 509 1.0
508 535 1.0
508 536 1.0
509 510 1.0
509 536 1.0
509 537 1.0
510 511 1.0
510 537 1.0
510 538 1.0
511 512 1.0
511 538 1.0
511 539 1.0
512 486 1.0
512 539 1.0
512 513 1.0
513 514 1.0
513 540 1.0
513 541 1.0
514 515 1.0
514 541 1.0
514 542 1.0
515 516 1.0
515 542 1.0
515 543 1.0
516 517 1.0
516 543 1.0
516 544 1.0
517 518 1.0
517 544 1.0
517 545 1.0
518 519 1.0
518 545 1.0
518 546 1.0
519 520 1.0
519 546 1.0
519 547 1.0
520 521 1.0
520 547 1.0
520 548 1.0
521 522 1.0
521 548 1.0
521 549 1.0
522 523 1.0
522 549 1.0
522 550 1.0
523 524 1.0
523 550 1.0
523 551 1.0
524 525 1.0
524 551 1.0
524 552 1.0
525 526 1.0
525 552 1.0
525 553 1.0
526 527 1.0
526 553 1.0
526 554 1.0
527 528 1.0
527 554 1.0
527 555 1.0
528 529 1.0
528 555 1.0
528 556 1.0
529 530 1.0
529 556 1.0
529 557 1.0
530 531 1.0
530 557 1.0
530 558 1.0
531 532 1.0
531 558 1.0
531 559 1.0
532 533 1.0
532 559 1.0
532 560 1.0
533 534 1.0
533 560 1.0
533 561 1.0
534 535 1.0
534 561 1.0
534 562 1.0
535 536 1.0
535 562 1.0
535 563 1.0
536 537 1.0
536 563 1.0
536 564 1.0
537 538 1.0
537 564 1.0
537 565 1.0
538 539 1.0
538 565 1.0
538 566 1.0
539 513 1.0
539 566 1.0
539 540 1.0
540 541 1.0
540 567 1.0
540 568 1.0
541 542 1.0
541 568 1.0
541 569 1.0
542 543 1.0
542 569 1.0
542 570 1.0
543 544 1.0
543 570 1.0
543 571 1.0
544 545 1.0
544 571 1.0
544 572 1.0
545 546 1.0
545 572 1.0
545 573 1.0
546 547 1.0
546 573 1.0
546 574 1.0
547 548 1.0
547 574 1.0
547 575 1.0
548 549 1.0
548 575 1.0
548 576 1.0
549 550 1.0
549 576 1.0
549 577 1.0
550 551 1.0
550 577 1.0
550 578 1.0
551 552 1.0
551 578 1.0
551 579 1.0
552 553 1.0
552 579 1.0
552 580 1.0
553 554 1.0
553 580 1.0
553 581 1.0
554 555 1.0
554 581 1.0
554 582 1.0
555 556 1.0
555 582 1.0
555 583 1.0
556 557 1.0
556 583 1.0
556 584 1.0
557 558 1.0
557 584 1.0
557 585 1.0
558 559 1.0
558 585 1.0
558 586 1.0
559 560 1.0
559 586 1.0
559 587 1.0
560 561 1.0
560 587 1.0
560 588 1.0
561 562 1.0
561 588 1.0
561 589 1.0
562 563 1.0
562 589 1.0
562 590 1.0
563 564 1.0
563 590 1.0
563 591 1.0
564 565 1.0
564 591 1.0
564 592 1.0
565 566 1.0
565 592 1.0
565 593 1.0
566 540 1.0
566 593 1.0
566 567 1.0
567 568 1.0
567 594 1.0
567 595 1.0
568 569 1.0
568 595 1.0
568 596 1.0
569 570 1.0
569 596 1.0
569 597 1.0
570 571 1.0
570 597 1.0
570 598 1.0
571 572 1.0
571 598 1.0
571 599 1.0
572 573 1.0
572 599 1.0
572 600 1.0
573 574 1.0
573 600 1.0
573 601 1.0
574 575 1.0
574 601 1.0
574 602 1.0
575 576 1.0
575 602 1.0
575 603 1.0
576 577 1.0
576 603 1.0
576 604 1.0
577 578 1.0
577 604 1.0
577 605 1.0
578 579 1.0
578 605 1.0
578 606 1.0
579 580 1.0
579 606 1.0
579 607 1.0
580 581 1.0
580 607 1.0
580 608 1.0
581 582 1.0
581 608 1.0
581 609 1.0
582 583 1.0
582 609 1.0
582 610 1.0
583 584 1.0
583 610 1.0
583 611 1.0
584 585 1.0
584 611 1.0
584 612 1.0
585 586 1.0
585 612 1.0
585 613 1.0
586 587 1.0
586 613 1.0
586 614 1.0
587 588 1.0
587 614 1.0
587 615 1.0
588 589 1.0
588 615 1.0
588 616 1.0
589 590 1.0
589 616 1.0
589 617 1.0
590 591 1.0
590 617 1.0
590 618 1.0
591 592 1.0
591 618 1.0
591 619 1.0
592 593 1.0
592 619 1.0
592 620 1.0
593 567 1.0
593 620 1.0
593 594 1.0
594 595 1.0
594 621 1.0
594 622 1.0
595 596 1.0
595 622 1.0
595 623 1.0
596 597 1.0
596 623 1.0
596 624 1.0
597 598 1.0
597 624 1.0
597 625 1.0
598 599 1.0
598 625 1.0
598 626 1.0
599 600 1.0
599 626 1.0
599 627 1.0
600 601 1.0
600 627 1.0
600 628 1.0
601 602 1.0
601 628 1.0
601 629 1.0
602 603 1.0
602 629 1.0
602 630 1.0
603 604 1.0
603 630 1.0
603 631 1.0
604 605 1.0
604 631 1.0
604 632 1.0
605 606 1.0
605 632 1.0
605 633 1.0
606 607 1.0
606 633 1.0
606 634 1.0
607 608 1.0
607 634 1.0
607 635 1.0
608 609 1.0
608 635 1.0
608 636 1.0
609 610 1.0
609 636 1.0
609 637 1.0
610 611 1.0
610 637 1.0
610 638 1.0
611 612 1.0
611 638 1.0
611 639 1.0
612 613 1.0
612 639 1.0
612 640 1.0
613 614 1.0
613 640 1.0
613 641 1.0
614 615 1.0
614 641 1.0
614 642 1.0
615 616 1.0
615 642 1.0
615 643 1.0
616 617 1.0
616 643 1.0
616 644 1.0
617 618 1.0
617 644 1.0
617 645 1.0
618 619 1.0
618 645 1.0
618 646 1.0
619 620 1.0
619 646 1.0
619 647 1.0
620 594 1.0
620 647 1.0
620 621 1.0
621 622 1.0
621 648 1.0
621 649 1.0
622 623 1.0
622 649 1.0
622 650 1.0
623 624 1.0
623 650 1.0
623 651 1.0
624 625 1.0
624 651 1.0
624 652 1.0
625 626 1.0
625 652 1.0
625 653 1.0
626 627 1.0
626 653 1.0
626 654 1.0
627 628 1.0
627 654 1.0
627 655 1.0
628 629 1.0
628 655 1.0
628 656 1.0
629 630 1.0
629 656 1.0
629 657 1.0
630 631 1.0
630 657 1.0
630 658 1.0
631 632 1.0
631 658 1.0
631 659 1.0
632 633 1.0
632 659 1.0
632 660 1.0
633 634 1.0
633 660 1.0
633 661 1.0
634 635 1.0
634 661 1.0
634 662 1.0
635 636 1.0
635 662 1.0
635 663 1.0
636 637 1.0
636 663 1.0
636 664 1.0
637 638 1.0
637 664 1.0
637 665 1.0
638 639 1.0
638 665 1.0
638 666 1.0
639 640 1.0
639 666 1.0
639 667 1.0
640 641 1.0
640 667 1.0
640 668 1.0
641 642 1.0
641 668 1.0
641 669 1.0
642 643 1.0
642 669 1.0
642 670 1.0
643 644 1.0
643 670 1.0
643 671 1.0
644 645 1.0
644 671 1.0
644 672 1.0
645 646 1.0
645 672 1.0
645 673 1.0
646 647 1.0
646 673 1.0
646 674 1.0
647 621 1.0
647 674 1.0
647 648 1.0
648 649 1.0
648 675 1.0
648 676 1.0
649 650 1.0
649 676 1.0
649 677 1.0
650 651 1.0
650 677 1.0
650 678 1.0
651 652 1.0
651 678 1.0
651 679 1.0
652 653 1.0
652 679 1.0
652 680 1.0
653 654 1.0
653 680 1.0
653 681 1.0
654 655 1.0
654 681 1.0
654 682 1.0
655 656 1.0
655 682 1.0
655 683 1.0
656 657 1.0
656 683 1.0
656 684 1.0
657 658 1.0
657 684 1.0
657 685 1.0
658 659 1.0
658 685 1.0
658 686 1.0
659 660 1.0
659 686 1.0
659 687 1.0
660 661 1.0
660 687 1.0
660 688 1.0
661 662 1.0
661 688 1.0
661 689 1.0
662 663 1.0
662 689 1.0
662 690 1.0
663 664 1.0
663 690 1.0
663 691 1.0
664 665 1.0
664 691 1.0
664 692 1.0
665 666 1.0
665 692 1.0
665 693 1.0
666 667 1.0
666 693 1.0
666 694 1.0
667 668 1.0
667 694 1.0
667 695 1.0
668 669 1.0
668 695 1.0
668 696 1.0
669 670 1.0
669 696 1.0
669 697 1.0
670 671 1.0
670 697 1.0
670 698 1.0
671 672 1.0
671 698 1.0
671 699 1.0
672 673 1.0
672 699 1.0
672 700 1.0
673 674 1.0
673 700 1.0
673 701 1.0
674 648 1.0
674 701 1.0
674 675 1.0
675 676 1.0
675 702 1.0
675 703 1.0
676 677 1.0
676 703 1.0
676 704 1.0
677 678 1.0
677 704 1.0
677 705 1.0
678 679 1.0
678 705 1.0
678 706 1.0
679 680 1.0
679 706 1.0
679 707 1.0
680 681 1.0
680 707 1.0
680 708 1.0
681 682 1.0
681 708 1.0
681 709 1.0
682 683 1.0
682 709 1.0
682 710 1.0
683 684 1.0
683 710 1.0
683 711 1.0
684 685 1.0
684 711 1.0
684 712 1.0
685 686 1.0
685 712 1.0
685 713 1.0
686 687 1.0
686 713 1.0
686 714 1.0
687 688 1.0
687 714 1.0
687 715 1.0
688 689 1.0
688 715 1.0
688 716 1.0
689 690 1.0
689 716 1.0
689 717 1.0
690 691 1.0
690 717 1.0
690 718 1.0
691 692 1.0
691 718 1.0
691 719 1.0
692 693 1.0
692 719 1.0
692 720 1.0
693 694 1.0
693 720 1.0
693 721 1.0
694 695 1.0
694 721 1.0
694 722 1.0
695 696 1.0
695 722 1.0
695 723 1.0
696 697 1.0
696 723 1.0
696 724 1.0
697 698 1.0
697 724 1.0
697 725 1.0
698 699 1.0
698 725 1.0
698 726 1.0
699 700 1.0
699 726 1.0
699 727 1.0
700 701 1.0
700 727 1.0
700 728 1.0
701 675 1.0
701 728 1.0
701 702 1.0
702 703 1.0
702 0 1.0
702 1 1.0
703 704 1.0
703 1 1.0
703 2 1.0
704 705 1.0
704 2 1.0
704 3 1.0
705 706 1.0
705 3 1.0
705 4 1.0
706 707 1.0
706 4 1.0
706 5 1.0
707 708 1.0
707 5 1.0
707 6 1.0
708 709 1.0
708 6 1.0
708 7 1.0
709 710 1.0
709 7 1.0
709 8 1.0
710 711 1.0
710 8 1.0
710 9 1.0
711 712 1.0
711 9 1.0
711 10 1.0
712 713 1.0
712 10 1.0
712 11 1.0
713 714 1.0
713 11 1.0
713 12 1.0
714 715 1.0
714 12 1.0
714 13 1.0
715 716 1.0
715 13 1.0
715 14 1.0
716 717 1.0
716 14 1.0
716 15 1.0
717 718 1.0
717 15 1.0
717 16 1.0
718 719 1.0
718 16 1.0
718 17 1.0
719 720 1.0
719 17 1.0
719 18 1.0
720 721 1.0
720 18 1.0
720 19 1.0
721 722 1.0
721 19 1.0
721 20 1.0
722 723 1.0
722 20 1.0
722 21 1.0
723 724 1.0
723 21 1.0
723 22 1.0
724 725 1.0
724 22 1.0
724 23 1.0
725 726 1.0
725 23 1.0
725 24 1.0
726 727 1.0
726 24 1.0
726 25 1.0
727 728 1.0
727 25 1.0
727 26 1.0
728 702 1.0
728 26 1.0
728 0 1.0
