0 1 1.0
0 48 1.0
0 49 1.0
1 2 1.0
1 49 1.0
1 50 1.0
2 3 1.0
2 50 1.0
2 51 1.0
3 4 1.0
3 51 1.0
3 52 1.0
4 5 1.0
4 52 1.0
4 53 1.0
5 6 1.0
5 53 1.0
5 54 1.0
6 7 1.0
6 54 1.0
6 55 1.0
7 8 1.0
7 55 1.0
7 56 1.0
8 9 1.0
8 56 1.0
8 57 1.0
9 10 1.0
9 57 1.0
9 58 1.0
10 11 1.0
10 58 1.0
10 59 1.0
11 12 1.0
11 59 1.0
11 60 1.0
12 13 1.0
12 60 1.0
12 61 1.0
13 14 1.0
13 61 1.0
13 62 1.0
14 15 1.0
14 62 1.0
14 63 1.0
15 16 1.0
15 63 1.0
15 64 1.0
16 17 1.0
16 64 1.0
16 65 1.0
17 18 1.0
17 65 1.0
17 66 1.0
18 19 1.0
18 66 1.0
18 67 1.0
19 20 1.0
19 67 1.0
19 68 1.0
20 21 1.0
20 68 1.0
20 69 1.0
21 22 1.0
21 69 1.0
21 70 1.0
22 23 1.0
22 70 1.0
22 71 1.0
23 24 1.0
23 71 1.0
23 72 1.0
24 25 1.0
24 72 1.0
24 73 1.0
25 26 1.0
25 73 1.0
25 74 1.0
26 27 1.0
26 74 1.0
26 75 1.0
27 28 1.0
27 75 1.0
27 76 1.0
28 29 1.0
28 76 1.0
28 77 1.0
29 30 1.0
29 77 1.0
29 78 1.0
30 31 1.0
30 78 1.0
30 79 1.0
31 32 1.0
31 79 1.0
31 80 1.0
32 33 1.0
32 80 1.0
32 81 1.0
33 34 1.0
33 81 1.0
33 82 1.0
34 35 1.0
34 82 1.0
34 83 1.0
35 36 1.0
35 83 1.0
35 84 1.0
36 37 1.0
36 84 1.0
36 85 1.0
37 38 1.0
37 85 1.0
37 86 1.0
38 39 1.0
38 86 1.0
38 87 1.0
39 40 1.0
39 87 1.0
39 88 1.0
40 41 1.0
40 88 1.0
40 89 1.0
41 42 1.0
41 89 1.0
41 90 1.0
42 43 1.0
42 90 1.0
42 91 1.0
43 44 1.0
43 91 1.0
43 92 1.0
44 45 1.0
44 92 1.0
44 93 1.0
45 46 1.0
45 93 1.0
45 94 1.0
46 47 1.0
46 94 1.0
46 95 1.0
47 0 1.0
47 95 1.0
47 48 1.0
48 49 1.0
48 96 1.0
48 97 1.0
49 50 1.0
49 97 1.0
49 98 1.0
50 51 1.0
50 98 1.0
50 99 1.0
51 52 1.0
51 99 1.0
51 100 1.0
52 53 1.0
52 100 1.0
52 101 1.0
53 54 1.0
53 101 1.0
53 102 1.0
54 55 1.0
54 102 1.0
54 103 1.0
55 56 1.0
55 103 1.0
55 104 1.0
56 57 1.0
56 104 1.0
56 105 1.0
57 58 1.0
57 105 1.0
57 106 1.0
58 59 1.0
58 106 1.0
58 107 1.0
59 60 1.0
59 107 1.0
59 108 1.0
60 61 1.0
60 108 1.0
60 109 1.0
61 62 1.0
61 109 1.0
61 110 1.0
62 63 1.0
62 110 1.0
62 111 1.0
63 64 1.0
63 111 1.0
63 112 1.0
64 65 1.0
64 112 1.0
64 113 1.0
65 66 1.0
65 113 1.0
65 114 1.0
66 67 1.0
66 114 1.0
66 115 1.0
67 68 1.0
67 115 1.0
67 116 1.0
68 69 1.0
68 116 1.0
68 117 1.0
69 70 1.0
69 117 1.0
69 118 1.0
70 71 1.0
70 118 1.0
70 119 1.0
71 72 1.0
71 119 1.0
71 120 1.0
72 73 1.0
72 120 1.0
72 121 1.0
73 74 1.0
73 121 1.0
73 122 1.0
74 75 1.0
74 122 1.0
74 123 1.0
75 76 1.0
75 123 1.0
75 124 1.0
76 77 1.0
76 124 1.0
76 125 1.0
77 78 1.0
77 125 1.0
77 126 1.0
78 79 1.0
78 126 1.0
78 127 1.0
79 80 1.0
79 127 1.0
79 128 1.0
80 81 1.0
80 128 1.0
80 129 1.0
81 82 1.0
81 129 1.0
81 130 1.0
82 83 1.0
82 130 1.0
82 131 1.0
83 84 1.0
83 131 1.0
83 132 1.0
84 85 1.0
84 132 1.0
84 133 1.0
85 86 1.0
85 133 1.0
85 134 1.0
86 87 1.0
86 134 1.0
86 135 1.0
87 88 1.0
87 135 1.0
87 136 1.0
88 89 1.0
88 136 1.0
88 137 1.0
89 90 1.0
89 137 1.0
89 138 1.0
90 91 1.0
90 138 1.0
90 139 1.0
91 92 1.0
91 139 1.0
91 140 1.0
92 93 1.0
92 140 1.0
92 141 1.0
93 94 1.0
93 141 1.0
93 142 1.0
94 95 1.0
94 142 1.0
94 143 1.0
95 48 1.0
95 143 1.0
95 96 1.0
96 97 1.0
96 144 1.0
96 145 1.0
97 98 1.0
97 145 1.0
97 146 1.0
98 99 1.0
98 146 1.0
98 147 1.0
99 100 1.0
99 147 1.0
99 148 1.0
100 101 1.0
100 148 1.0
100 149 1.0
101 102 1.0
101 149 1.0
101 150 1.0
102 103 1.0
102 150 1.0
102 151 1.0
103 104 1.0
103 151 1.0
103 152 1.0
104 105 1.0
104 152 1.0
104 153 1.0
105 106 1.0
105 153 1.0
105 154 1.0
106 107 1.0
106 154 1.0
106 155 1.0
107 108 1.0
107 155 1.0
107 156 1.0
108 109 1.0
108 156 1.0
108 157 1.0
109 110 1.0
109 157 1.0
109 158 1.0
110 111 1.0
110 158 1.0
110 159 1.0
111 112 1.0
111 159 1.0
111 160 1.0
112 113 1.0
112 160 1.0
112 161 1.0
113 114 1.0
113 161 1.0
113 162 1.0
114 115 1.0
114 162 1.0
114 163 1.0
115 116 1.0
115 163 1.0
115 164 1.0
116 117 1.0
116 164 1.0
116 165 1.0
117 118 1.0
117 165 1.0
117 166 1.0
118 119 1.0
118 166 1.0
118 167 1.0
119 120 1.0
119 167 1.0
119 168 1.0
120 121 1.0
120 168 1.0
120 169 1.0
121 122 1.0
121 169 1.0
121 170 1.0
122 123 1.0
122 170 1.0
122 171 1.0
123 124 1.0
123 171 1.0
123 172 1.0
124 125 1.0
124 172 1.0
124 173 1.0
125 126 1.0
125 173 1.0
125 174 1.0
126 127 1.0
126 174 1.0
126 175 1.0
127 128 1.0
127 175 1.0
127 176 1.0
128 129 1.0
128 176 1.0
128 177 1.0
129 130 1.0
129 177 1.0
129 178 1.0
130 131 1.0
130 178 1.0
130 179 1.0
131 132 1.0
131 179 1.0
131 180 1.0
132 133 1.0
132 180 1.0
132 181 1.0
133 134 1.0
133 181 1.0
133 182 1.0
134 135 1.0
134 182 1.0
134 183 1.0
135 136 1.0
135 183 1.0
135 184 1.0
136 137 1.0
136 184 1.0
136 185 1.0
137 138 1.0
137 185 1.0
137 186 1.0
138 139 1.0
138 186 1.0
138 187 1.0
139 140 1.0
139 187 1.0
139 188 1.0
140 141 1.0
140 188 1.0
140 189 1.0
141 142 1.0
141 189 1.0
141 190 1.0
142 143 1.0
142 190 1.0
142 191 1.0
143 96 1.0
143 191 1.0
143 144 1.0
144 145 1.0
144 192 1.0
144 193 1.0
145 146 1.0
145 193 1.0
145 194 1.0
146 147 1.0
146 194 1.0
146 195 1.0
147 148 1.0
147 195 1.0
147 196 1.0
148 149 1.0
148 196 1.0
148 197 1.0
149 150 1.0
149 197 1.0
149 198 1.0
150 151 1.0
150 198 1.0
150 199 1.0
151 152 1.0
151 199 1.0
151 200 1.0
152 153 1.0
152 200 1.0
152 201 1.0
153 154 1.0
153 201 1.0
153 202 1.0
154 155 1.0
154 202 1.0
154 203 1.0
155 156 1.0
155 203 1.0
155 204 1.0
156 157 1.0
156 204 1.0
156 205 1.0
157 158 1.0
157 205 1.0
157 206 1.0
158 159 1.0
158 206 1.0
158 207 1.0
159 160 1.0
159 207 1.0
159 208 1.0
160 161 1.0
160 208 1.0
160 209 1.0
161 162 1.0
161 209 1.0
161 210 1.0
162 163 1.0
162 210 1.0
162 211 1.0
163 164 1.0
163 211 1.0
163 212 1.0
164 165 1.0
164 212 1.0
164 213 1.0
165 166 1.0
165 213 1.0
165 214 1.0
166 167 1.0
166 214 1.0
166 215 1.0
167 168 1.0
167 215 1.0
167 216 1.0
168 169 1.0
168 216 1.0
168 217 1.0
169 170 1.0
169 217 1.0
169 218 1.0
170 171 1.0
170 218 1.0
170 219 1.0
171 172 1.0
171 219 1.0
171 220 1.0
172 173 1.0
172 220 1.0
172 221 1.0
173 174 1.0
173 221 1.0
173 222 1.0
174 175 1.0
174 222 1.0
174 223 1.0
175 176 1.0
175 223 1.0
175 224 1.0
176 177 1.0
176 224 1.0
176 225 1.0
177 178 1.0
177 225 1.0
177 226 1.0
178 179 1.0
178 226 1.0
178 227 1.0
179 180 1.0
179 227 1.0
179 228 1.0
180 181 1.0
180 228 1.0
180 229 1.0
181 182 1.0
181 229 1.0
181 230 1.0
182 183 1.0
182 230 1.0
182 231 1.0
183 184 1.0
183 231 1.0
183 232 1.0
184 185 1.0
184 232 1.0
184 233 1.0
185 186 1.0
185 233 1.0
185 234 1.0
186 187 1.0
186 234 1.0
186 235 1.0
187 188 1.0
187 235 1.0
187 236 1.0
188 189 1.0
188 236 1.0
188 237 1.0
189 190 1.0
189 237 1.0
189 238 1.0
190 191 1.0
190 238 1.0
190 239 1.0
191 144 1.0
191 239 1.0
191 192 1.0
192 193 1.0
192 240 1.0
192 241 1.0
193 194 1.0
193 241 1.0
193 242 1.0
194 195 1.0
194 242 1.0
194 243 1.0
195 196 1.0
195 243 1.0
195 244 1.0
196 197 1.0
196 244 1.0
196 245 1.0
197 198 1.0
197 245 1.0
197 246 1.0
198 199 1.0
198 246 1.0
198 247 1.0
199 200 1.0
199 247 1.0
199 248 1.0
200 201 1.0
200 248 1.0
200 249 1.0
201 202 1.0
201 249 1.0
201 250 1.0
202 203 1.0
202 250 1.0
202 251 1.0
203 204 1.0
203 251 1.0
203 252 1.0
204 205 1.0
204 252 1.0
204 253 1.0
205 206 1.0
205 253 1.0
205 254 1.0
206 207 1.0
206 254 1.0
206 255 1.0
207 208 1.0
207 255 1.0
207 256 1.0
208 209 1.0
208 256 1.0
208 257 1.0
209 210 1.0
209 257 1.0
209 258 1.0
210 211 1.0
210 258 1.0
210 259 1.0
211 212 1.0
211 259 1.0
211 260 1.0
212 213 1.0
212 260 1.0
212 261 1.0
213 214 1.0
213 261 1.0
213 262 1.0
214 215 1.0
214 262 1.0
214 263 1.0
215 216 1.0
215 263 1.0
215 264 1.0
216 217 1.0
216 264 1.0
216 265 1.0
217 218 1.0
217 265 1.0
217 266 1.0
218 219 1.0
218 266 1.0
218 267 1.0
219 220 1.0
219 267 1.0
219 268 1.0
220 221 1.0
220 268 1.0
220 269 1.0
221 222 1.0
221 269 1.0
221 270 1.0
222 223 1.0
222 270 1.0
222 271 1.0
223 224 1.0
223 271 1.0
223 272 1.0
224 225 1.0
224 272 1.0
224 273 1.0
225 226 1.0
225 273 1.0
225 274 1.0
226 227 1.0
226 274 1.0
226 275 1.0
227 228 1.0
227 275 1.0
227 276 1.0
228 229 1.0
228 276 1.0
228 277 1.0
229 230 1.0
229 277 1.0
229 278 1.0
230 231 1.0
230 278 1.0
230 279 1.0
231 232 1.0
231 279 1.0
231 280 1.0
232 233 1.0
232 280 1.0
232 281 1.0
233 234 1.0
233 281 1.0
233 282 1.0
234 235 1.0
234 282 1.0
234 283 1.0
235 236 1.0
235 283 1.0
235 284 1.0
236 237 1.0
236 284 1.0
236 285 1.0
237 238 1.0
237 285 1.0
237 286 1.0
238 239 1.0
238 286 1.0
238 287 1.0
239 192 1.0
239 287 1.0
239 240 1.0
240 241 1.0
240 288 1.0
240 289 1.0
241 242 1.0
241 289 1.0
241 290 1.0
242 243 1.0
242 290 1.0
242 291 1.0
243 244 1.0
243 291 1.0
243 292 1.0
244 245 1.0
244 292 1.0
244 293 1.0
245 246 1.0
245 293 1.0
245 294 1.0
246 247 1.0
246 294 1.0
246 295 1.0
247 248 1.0
247 295 1.0
247 296 1.0
248 249 1.0
248 296 1.0
248 297 1.0
249 250 1.0
249 297 1.0
249 298 1.0
250 251 1.0
250 298 1.0
250 299 1.0
251 252 1.0
251 299 1.0
251 300 1.0
252 253 1.0
252 300 1.0
252 301 1.0
253 254 1.0
253 301 1.0
253 302 1.0
254 255 1.0
254 302 1.0
254 303 1.0
255 256 1.0
255 303 1.0
255 304 1.0
256 257 1.0
256 304 1.0
256 305 1.0
257 258 1.0
257 305 1.0
257 306 1.0
258 259 1.0
258 306 1.0
258 307 1.0
259 260 1.0
259 307 1.0
259 308 1.0
260 261 1.0
260 308 1.0
260 309 1.0
261 262 1.0
261 309 1.0
261 310 1.0
262 263 1.0
262 310 1.0
262 311 1.0
263 264 1.0
263 311 1.0
263 312 1.0
264 265 1.0
264 312 1.0
264 313 1.0
265 266 1.0
265 313 1.0
265 314 1.0
266 267 1.0
266 314 1.0
266 315 1.0
267 268 1.0
267 315 1.0
267 316 1.0
268 269 1.0
268 316 1.0
268 317 1.0
269 270 1.0
269 317 1.0
269 318 1.0
270 271 1.0
270 318 1.0
270 319 1.0
271 272 1.0
271 319 1.0
271 320 1.0
272 273 1.0
272 320 1.0
272 321 1.0
273 274 1.0
273 321 1.0
273 322 1.0
274 275 1.0
274 322 1.0
274 323 1.0
275 276 1.0
275 323 1.0
275 324 1.0
276 277 1.0
276 324 1.0
276 325 1.0
277 278 1.0
277 325 1.0
277 326 1.0
278 279 1.0
278 326 1.0
278 327 1.0
279 280 1.0
279 327 1.0
279 328 1.0
280 281 1.0
280 328 1.0
280 329 1.0
281 282 1.0
281 329 1.0
281 330 1.0
282 283 1.0
282 330 1.0
282 331 1.0
283 284 1.0
283 331 1.0
283 332 1.0
284 285 1.0
284 332 1.0
284 333 1.0
285 286 1.0
285 333 1.0
285 334 1.0
286 287 1.0
286 334 1.0
286 335 1.0
287 240 1.0
287 335 1.0
287 288 1.0
288 289 1.0
288 336 1.0
288 337 1.0
289 290 1.0
289 337 1.0
289 338 1.0
290 291 1.0
290 338 1.0
290 339 1.0
291 292 1.0
291 339 1.0
291 340 1.0
292 293 1.0
292 340 1.0
292 341 1.0
293 294 1.0
293 341 1.0
293 342 1.0
294 295 1.0
294 342 1.0
294 343 1.0
295 296 1.0
295 343 1.0
295 344 1.0
296 297 1.0
296 344 1.0
296 345 1.0
297 298 1.0
297 345 1.0
297 346 1.0
298 299 1.0
298 346 1.0
298 347 1.0
299 300 1.0
299 347 1.0
299 348 1.0
300 301 1.0
300 348 1.0
300 349 1.0
301 302 1.0
301 349 1.0
301 350 1.0
302 303 1.0
302 350 1.0
302 351 1.0
303 304 1.0
303 351 1.0
303 352 1.0
304 305 1.0
304 352 1.0
304 353 1.0
305 306 1.0
305 353 1.0
305 354 1.0
306 307 1.0
306 354 1.0
306 355 1.0
307 308 1.0
307 355 1.0
307 356 1.0
308 309 1.0
308 356 1.0
308 357 1.0
309 310 1.0
309 357 1.0
309 358 1.0
310 311 1.0
310 358 1.0
310 359 1.0
311 312 1.0
311 359 1.0
311 360 1.0
312 313 1.0
312 360 1.0
312 361 1.0
313 314 1.0
313 361 1.0
313 362 1.0
314 315 1.0
314 362 1.0
314 363 1.0
315 316 1.0
315 363 1.0
315 364 1.0
316 317 1.0
316 364 1.0
316 365 1.0
317 318 1.0
317 365 1.0
317 366 1.0
318 319 1.0
318 366 1.0
318 367 1.0
319 320 1.0
319 367 1.0
319 368 1.0
320 321 1.0
320 368 1.0
320 369 1.0
321 322 1.0
321 369 1.0
321 370 1.0
322 323 1.0
322 370 1.0
322 371 1.0
323 324 1.0
323 371 1.0
323 372 1.0
324 325 1.0
324 372 1.0
324 373 1.0
325 326 1.0
325 373 1.0
325 374 1.0
326 327 1.0
326 374 1.0
326 375 1.0
327 328 1.0
327 375 1.0
327 376 1.0
328 329 1.0
328 376 1.0
328 377 1.0
329 330 1.0
329 377 1.0
329 378 1.0
330 331 1.0
330 378 1.0
330 379 1.0
331 332 1.0
331 379 1.0
331 380 1.0
332 333 1.0
332 380 1.0
332 381 1.0
333 334 1.0
333 381 1.0
333 382 1.0
334 335 1.0
334 382 1.0
334 383 1.0
335 288 1.0
335 383 1.0
335 336 1.0
336 337 1.0
336 384 1.0
336 385 1.0
337 338 1.0
337 385 1.0
337 386 1.0
338 339 1.0
338 386 1.0
338 387 1.0
339 340 1.0
339 387 1.0
339 388 1.0
340 341 1.0
340 388 1.0
340 389 1.0
341 342 1.0
341 389 1.0
341 390 1.0
342 343 1.0
342 390 1.0
342 391 1.0
343 344 1.0
343 391 1.0
343 392 1.0
344 345 1.0
344 392 1.0
344 393 1.0
345 346 1.0
345 393 1.0
345 394 1.0
346 347 1.0
346 394 1.0
346 395 1.0
347 348 1.0
347 395 1.0
347 396 1.0
348 349 1.0
348 396 1.0
348 397 1.0
349 350 1.0
349 397 1.0
349 398 1.0
350 351 1.0
350 398 1.0
350 399 1.0
351 352 1.0
351 399 1.0
351 400 1.0
352 353 1.0
352 400 1.0
352 401 1.0
353 354 1.0
353 401 1.0
353 402 1.0
354 355 1.0
354 402 1.0
354 403 1.0
355 356 1.0
355 403 1.0
355 404 1.0
356 357 1.0
356 404 1.0
356 405 1.0
357 358 1.0
357 405 1.0
357 406 1.0
358 359 1.0
358 406 1.0
358 407 1.0
359 360 1.0
359 407 1.0
359 408 1.0
360 361 1.0
360 408 1.0
360 409 1.0
361 362 1.0
361 409 1.0
361 410 1.0
362 363 1.0
362 410 1.0
362 411 1.0
363 364 1.0
363 411 1.0
363 412 1.0
364 365 1.0
364 412 1.0
364 413 1.0
365 366 1.0
365 413 1.0
365 414 1.0
366 367 1.0
366 414 1.0
366 415 1.0
367 368 1.0
367 415 1.0
367 416 1.0
368 369 1.0
368 416 1.0
368 417 1.0
369 370 1.0
369 417 1.0
369 418 1.0
370 371 1.0
370 418 1.0
370 419 1.0
371 372 1.0
371 419 1.0
371 420 1.0
372 373 1.0
372 420 1.0
372 421 1.0
373 374 1.0
373 421 1.0
373 422 1.0
374 375 1.0
374 422 1.0
374 423 1.0
375 376 1.0
375 423 1.0
375 424 1.0
376 377 1.0
376 424 1.0
376 425 1.0
377 378 1.0
377 425 1.0
377 426 1.0
378 379 1.0
378 426 1.0
378 427 1.0
379 380 1.0
379 427 1.0
379 428 1.0
380 381 1.0
380 428 1.0
380 429 1.0
381 382 1.0
381 429 1.0
381 430 1.0
382 383 1.0
382 430 1.0
382 431 1.0
383 336 1.0
383 431 1.0
383 384 1.0
384 385 1.0
384 432 1.0
384 433 1.0
385 386 1.0
385 433 1.0
385 434 1.0
386 387 1.0
386 434 1.0
386 435 1.0
387 388 1.0
387 435 1.0
387 436 1.0
388 389 1.0
388 436 1.0
388 437 1.0
389 390 1.0
389 437 1.0
389 438 1.0
390 391 1.0
390 438 1.0
390 439 1.0
391 392 1.0
391 439 1.0
391 440 1.0
392 393 1.0
392 440 1.0
392 441 1.0
393 394 1.0
393 441 1.0
393 442 1.0
394 395 1.0
394 442 1.0
394 443 1.0
395 396 1.0
395 443 1.0
395 444 1.0
396 397 1.0
396 444 1.0
396 445 1.0
397 398 1.0
397 445 1.0
397 446 1.0
398 399 1.0
398 446 1.0
398 447 1.0
399 400 1.0
399 447 1.0
399 448 1.0
400 401 1.0
400 448 1.0
400 449 1.0
401 402 1.0
401 449 1.0
401 450 1.0
402 403 1.0
402 450 1.0
402 451 1.0
403 404 1.0
403 451 1.0
403 452 1.0
404 405 1.0
404 452 1.0
404 453 1.0
405 406 1.0
405 453 1.0
405 454 1.0
406 407 1.0
406 454 1.0
406 455 1.0
407 408 1.0
407 455 1.0
407 456 1.0
408 409 1.0
408 456 1.0
408 457 1.0
409 410 1.0
409 457 1.0
409 458 1.0
410 411 1.0
410 458 1.0
410 459 1.0
411 412 1.0
411 459 1.0
411 460 1.0
412 413 1.0
412 460 1.0
412 461 1.0
413 414 1.0
413 461 1.0
413 462 1.0
414 415 1.0
414 462 1.0
414 463 1.0
415 416 1.0
415 463 1.0
415 464 1.0
416 417 1.0
416 464 1.0
416 465 1.0
417 418 1.0
417 465 1.0
417 466 1.0
418 419 1.0
418 466 1.0
418 467 1.0
419 420 1.0
419 467 1.0
419 468 1.0
420 421 1.0
420 468 1.0
420 469 1.0
421 422 1.0
421 469 1.0
421 470 1.0
422 423 1.0
422 470 1.0
422 471 1.0
423 424 1.0
423 471 1.0
423 472 1.0
424 425 1.0
424 472 1.0
424 473 1.0
425 426 1.0
425 473 1.0
425 474 1.0
426 427 1.0
426 474 1.0
426 475 1.0
427 428 1.0
427 475 1.0
427 476 1.0
428 429 1.0
428 476 1.0
428 477 1.0
429 430 1.0
429 477 1.0
429 478 1.0
430 431 1.0
430 478 1.0
430 479 1.0
431 384 1.0
431 479 1.0
431 432 1.0
432 433 1.0
432 480 1.0
432 481 1.0
433 434 1.0
433 481 1.0
433 482 1.0
434 435 1.0
434 482 1.0
434 483 1.0
435 436 1.0
435 483 1.0
435 484 1.0
436 437 1.0
436 484 1.0
436 485 1.0
437 438 1.0
437 485 1.0
437 486 1.0
438 439 1.0
438 486 1.0
438 487 1.0
439 440 1.0
439 487 1.0
439 488 1.0
440 441 1.0
440 488 1.0
440 489 1.0
441 442 1.0
441 489 1.0
441 490 1.0
442 443 1.0
442 490 1.0
442 491 1.0
443 444 1.0
443 491 1.0
443 492 1.0
444 445 1.0
444 492 1.0
444 493 1.0
445 446 1.0
445 493 1.0
445 494 1.0
446 447 1.0
446 494 1.0
446 495 1.0
447 448 1.0
447 495 1.0
447 496 1.0
448 449 1.0
448 496 1.0
448 497 1.0
449 450 1.0
449 497 1.0
449 498 1.0
450 451 1.0
450 498 1.0
450 499 1.0
451 452 1.0
451 499 1.0
451 500 1.0
452 453 1.0
452 500 1.0
452 501 1.0
453 454 1.0
453 501 1.0
453 502 1.0
454 455 1.0
454 502 1.0
454 503 1.0
455 456 1.0
455 503 1.0
455 504 1.0
456 457 1.0
456 504 1.0
456 505 1.0
457 458 1.0
457 505 1.0
457 506 1.0
458 459 1.0
458 506 1.0
458 507 1.0
459 460 1.0
459 507 1.0
459 508 1.0
460 461 1.0
460 508 1.0
460 509 1.0
461 462 1.0
461 509 1.0
461 510 1.0
462 463 1.0
462 510 1.0
462 511 1.0
463 464 1.0
463 511 1.0
463 512 1.0
464 465 1.0
464 512 1.0
464 513 1.0
465 466 1.0
465 513 1.0
465 514 1.0
466 467 1.0
466 514 1.0
466 515 1.0
467 468 1.0
467 515 1.0
467 516 1.0
468 469 1.0
468 516 1.0
468 517 1.0
469 470 1.0
469 517 1.0
469 518 1.0
470 471 1.0
470 518 1.0
470 519 1.0
471 472 1.0
471 519 1.0
471 520 1.0
472 473 1.0
472 520 1.0
472 521 1.0
473 474 1.0
473 521 1.0
473 522 1.0
474 475 1.0
474 522 1.0
474 523 1.0
475 476 1.0
475 523 1.0
475 524 1.0
476 477 1.0
476 524 1.0
476 525 1.0
477 478 1.0
477 525 1.0
477 526 1.0
478 479 1.0
478 526 1.0
478 527 1.0
479 432 1.0
479 527 1.0
479 480 1.0
480 481 1.0
480 528 1.0
480 529 1.0
481 482 1.0
481 529 1.0
481 530 1.0
482 483 1.0
482 530 1.0
482 531 1.0
483 484 1.0
483 531 1.0
483 532 1.0
484 485 1.0
484 532 1.0
484 533 1.0
485 486 1.0
485 533 1.0
485 534 1.0
486 487 1.0
486 534 1.0
486 535 1.0
487 488 1.0
487 535 1.0
487 536 1.0
488 489 1.0
488 536 1.0
488 537 1.0
489 490 1.0
489 537 1.0
489 538 1.0
490 491 1.0
490 538 1.0
490 539 1.0
491 492 1.0
491 539 1.0
491 540 1.0
492 493 1.0
492 540 1.0
492 541 1.0
493 494 1.0
493 541 1.0
493 542 1.0
494 495 1.0
494 542 1.0
494 543 1.0
495 496 1.0
495 543 1.0
495 544 1.0
496 497 1.0
496 544 1.0
496 545 1.0
497 498 1.0
497 545 1.0
497 546 1.0
498 499 1.0
498 546 1.0
498 547 1.0
499 500 1.0
499 547 1.0
499 548 1.0
500 501 1.0
500 548 1.0
500 549 1.0
501 502 1.0
501 549 1.0
501 550 1.0
502 503 1.0
502 550 1.0
502 551 1.0
503 504 1.0
503 551 1.0
503 552 1.0
504 505 1.0
504 552 1.0
504 553 1.0
505 506 1.0
505 553 1.0
505 554 1.0
506 507 1.0
506 554 1.0
506 555 1.0
507 508 1.0
507 555 1.0
507 556 1.0
508 509 1.0
508 556 1.0
508 557 1.0
509 510 1.0
509 557 1.0
509 558 1.0
510 511 1.0
510 558 1.0
510 559 1.0
511 512 1.0
511 559 1.0
511 560 1.0
512 513 1.0
512 560 1.0
512 561 1.0
513 514 1.0
513 561 1.0
513 562 1.0
514 515 1.0
514 562 1.0
514 563 1.0
515 516 1.0
515 563 1.0
515 564 1.0
516 517 1.0
516 564 1.0
516 565 1.0
517 518 1.0
517 565 1.0
517 566 1.0
518 519 1.0
518 566 1.0
518 567 1.0
519 520 1.0
519 567 1.0
519 568 1.0
520 521 1.0
520 568 1.0
520 569 1.0
521 522 1.0
521 569 1.0
521 570 1.0
522 523 1.0
522 570 1.0
522 571 1.0
523 524 1.0
523 571 1.0
523 572 1.0
524 525 1.0
524 572 1.0
524 573 1.0
525 526 1.0
525 573 1.0
525 574 1.0
526 527 1.0
526 574 1.0
526 575 1.0
527 480 1.0
527 575 1.0
527 528 1.0
528 529 1.0
528 576 1.0
528 577 1.0
529 530 1.0
529 577 1.0
529 578 1.0
530 531 1.0
530 578 1.0
530 579 1.0
531 532 1.0
531 579 1.0
531 580 1.0
532 533 1.0
532 580 1.0
532 581 1.0
533 534 1.0
533 581 1.0
533 582 1.0
534 535 1.0
534 582 1.0
534 583 1.0
535 536 1.0
535 583 1.0
535 584 1.0
536 537 1.0
536 584 1.0
536 585 1.0
537 538 1.0
537 585 1.0
537 586 1.0
538 539 1.0
538 586 1.0
538 587 1.0
539 540 1.0
539 587 1.0
539 588 1.0
540 541 1.0
540 588 1.0
540 589 1.0
541 542 1.0
541 589 1.0
541 590 1.0
542 543 1.0
542 590 1.0
542 591 1.0
543 544 1.0
543 591 1.0
543 592 1.0
544 545 1.0
544 592 1.0
544 593 1.0
545 546 1.0
545 593 1.0
545 594 1.0
546 547 1.0
546 594 1.0
546 595 1.0
547 548 1.0
547 595 1.0
547 596 1.0
548 549 1.0
548 596 1.0
548 597 1.0
549 550 1.0
549 597 1.0
549 598 1.0
550 551 1.0
550 598 1.0
550 599 1.0
551 552 1.0
551 599 1.0
551 600 1.0
552 553 1.0
552 600 1.0
552 601 1.0
553 554 1.0
553 601 1.0
553 602 1.0
554 555 1.0
554 602 1.0
554 603 1.0
555 556 1.0
555 603 1.0
555 604 1.0
556 557 1.0
556 604 1.0
556 605 1.0
557 558 1.0
557 605 1.0
557 606 1.0
558 559 1.0
558 606 1.0
558 607 1.0
559 560 1.0
559 607 1.0
559 608 1.0
560 561 1.0
560 608 1.0
560 609 1.0
561 562 1.0
561 609 1.0
561 610 1.0
562 563 1.0
562 610 1.0
562 611 1.0
563 564 1.0
563 611 1.0
563 612 1.0
564 565 1.0
564 612 1.0
564 613 1.0
565 566 1.0
565 613 1.0
565 614 1.0
566 567 1.0
566 614 1.0
566 615 1.0
567 568 1.0
567 615 1.0
567 616 1.0
568 569 1.0
568 616 1.0
568 617 1.0
569 570 1.0
569 617 1.0
569 618 1.0
570 571 1.0
570 618 1.0
570 619 1.0
571 572 1.0
571 619 1.0
571 620 1.0
572 573 1.0
572 620 1.0
572 621 1.0
573 574 1.0
573 621 1.0
573 622 1.0
574 575 1.0
574 622 1.0
574 623 1.0
575 528 1.0
575 623 1.0
575 576 1.0
576 577 1.0
576 624 1.0
576 625 1.0
577 578 1.0
577 625 1.0
577 626 1.0
578 579 1.0
578 626 1.0
578 627 1.0
579 580 1.0
579 627 1.0
579 628 1.0
580 581 1.0
580 628 1.0
580 629 1.0
581 582 1.0
581 629 1.0
581 630 1.0
582 583 1.0
582 630 1.0
582 631 1.0
583 584 1.0
583 631 1.0
583 632 1.0
584 585 1.0
584 632 1.0
584 633 1.0
585 586 1.0
585 633 1.0
585 634 1.0
586 587 1.0
586 634 1.0
586 635 1.0
587 588 1.0
587 635 1.0
587 636 1.0
588 589 1.0
588 636 1.0
588 637 1.0
589 590 1.0
589 637 1.0
589 638 1.0
590 591 1.0
590 638 1.0
590 639 1.0
591 592 1.0
591 639 1.0
591 640 1.0
592 593 1.0
592 640 1.0
592 641 1.0
593 594 1.0
593 641 1.0
593 642 1.0
594 595 1.0
594 642 1.0
594 643 1.0
595 596 1.0
595 643 1.0
595 644 1.0
596 597 1.0
596 644 1.0
596 645 1.0
597 598 1.0
597 645 1.0
597 646 1.0
598 599 1.0
598 646 1.0
598 647 1.0
599 600 1.0
599 647 1.0
599 648 1.0
600 601 1.0
600 648 1.0
600 649 1.0
601 602 1.0
601 649 1.0
601 650 1.0
602 603 1.0
602 650 1.0
602 651 1.0
603 604 1.0
603 651 1.0
603 652 1.0
604 605 1.0
604 652 1.0
604 653 1.0
605 606 1.0
605 653 1.0
605 654 1.0
606 607 1.0
606 654 1.0
606 655 1.0
607 608 1.0
607 655 1.0
607 656 1.0
608 609 1.0
608 656 1.0
608 657 1.0
609 610 1.0
609 657 1.0
609 658 1.0
610 611 1.0
610 658 1.0
610 659 1.0
611 612 1.0
611 659 1.0
611 660 1.0
612 613 1.0
612 660 1.0
612 661 1.0
613 614 1.0
613 661 1.0
613 662 1.0
614 615 1.0
614 662 1.0
614 663 1.0
615 616 1.0
615 663 1.0
615 664 1.0
616 617 1.0
616 664 1.0
616 665 1.0
617 618 1.0
617 665 1.0
617 666 1.0
618 619 1.0
618 666 1.0
618 667 1.0
619 620 1.0
619 667 1.0
619 668 1.0
620 621 1.0
620 668 1.0
620 669 1.0
621 622 1.0
621 669 1.0
621 670 1.0
622 623 1.0
622 670 1.0
622 671 1.0
623 576 1.0
623 671 1.0
623 624 1.0
624 625 1.0
624 672 1.0
624 673 1.0
625 626 1.0
625 673 1.0
625 674 1.0
626 627 1.0
626 674 1.0
626 675 1.0
627 628 1.0
627 675 1.0
627 676 1.0
628 629 1.0
628 676 1.0
628 677 1.0
629 630 1.0
629 677 1.0
629 678 1.0
630 631 1.0
630 678 1.0
630 679 1.0
631 632 1.0
631 679 1.0
631 680 1.0
632 633 1.0
632 680 1.0
632 681 1.0
633 634 1.0
633 681 1.0
633 682 1.0
634 635 1.0
634 682 1.0
634 683 1.0
635 636 1.0
635 683 1.0
635 684 1.0
636 637 1.0
636 684 1.0
636 685 1.0
637 638 1.0
637 685 1.0
637 686 1.0
638 639 1.0
638 686 1.0
638 687 1.0
639 640 1.0
639 687 1.0
639 688 1.0
640 641 1.0
640 688 1.0
640 689 1.0
641 642 1.0
641 689 1.0
641 690 1.0
642 643 1.0
642 690 1.0
642 691 1.0
643 644 1.0
643 691 1.0
643 692 1.0
644 645 1.0
644 692 1.0
644 693 1.0
645 646 1.0
645 693 1.0
645 694 1.0
646 647 1.0
646 694 1.0
646 695 1.0
647 648 1.0
647 695 1.0
647 696 1.0
648 649 1.0
648 696 1.0
648 697 1.0
649 650 1.0
649 697 1.0
649 698 1.0
650 651 1.0
650 698 1.0
650 699 1.0
651 652 1.0
651 699 1.0
651 700 1.0
652 653 1.0
652 700 1.0
652 701 1.0
653 654 1.0
653 701 1.0
653 702 1.0
654 655 1.0
654 702 1.0
654 703 1.0
655 656 1.0
655 703 1.0
655 704 1.0
656 657 1.0
656 704 1.0
656 705 1.0
657 658 1.0
657 705 1.0
657 706 1.0
658 659 1.0
658 706 1.0
658 707 1.0
659 660 1.0
659 707 1.0
659 708 1.0
660 661 1.0
660 708 1.0
660 709 1.0
661 662 1.0
661 709 1.0
661 710 1.0
662 663 1.0
662 710 1.0
662 711 1.0
663 664 1.0
663 711 1.0
663 712 1.0
664 665 1.0
664 712 1.0
664 713 1.0
665 666 1.0
665 713 1.0
665 714 1.0
666 667 1.0
666 714 1.0
666 715 1.0
667 668 1.0
667 715 1.0
667 716 1.0
668 669 1.0
668 716 1.0
668 717 1.0
669 670 1.0
669 717 1.0
669 718 1.0
670 671 1.0
670 718 1.0
670 719 1.0
671 624 1.0
671 719 1.0
671 672 1.0
672 673 1.0
672 720 1.0
672 721 1.0
673 674 1.0
673 721 1.0
673 722 1.0
674 675 1.0
674 722 1.0
674 723 1.0
675 676 1.0
675 723 1.0
675 724 1.0
676 677 1.0
676 724 1.0
676 725 1.0
677 678 1.0
677 725 1.0
677 726 1.0
678 679 1.0
678 726 1.0
678 727 1.0
679 680 1.0
679 727 1.0
679 728 1.0
680 681 1.0
680 728 1.0
680 729 1.0
681 682 1.0
681 729 1.0
681 730 1.0
682 683 1.0
682 730 1.0
682 731 1.0
683 684 1.0
683 731 1.0
683 732 1.0
684 685 1.0
684 732 1.0
684 733 1.0
685 686 1.0
685 733 1.0
685 734 1.0
686 687 1.0
686 734 1.0
686 735 1.0
687 688 1.0
687 735 1.0
687 736 1.0
688 689 1.0
688 736 1.0
688 737 1.0
689 690 1.0
689 737 1.0
689 738 1.0
690 691 1.0
690 738 1.0
690 739 1.0
691 692 1.0
691 739 1.0
691 740 1.0
692 693 1.0
692 740 1.0
692 741 1.0
693 694 1.0
693 741 1.0
693 742 1.0
694 695 1.0
694 742 1.0
694 743 1.0
695 696 1.0
695 743 1.0
695 744 1.0
696 697 1.0
696 744 1.0
696 745 1.0
697 698 1.0
697 745 1.0
697 746 1.0
698 699 1.0
698 746 1.0
698 747 1.0
699 700 1.0
699 747 1.0
699 748 1.0
700 701 1.0
700 748 1.0
700 749 1.0
701 702 1.0
701 749 1.0
701 750 1.0
702 703 1.0
702 750 1.0
702 751 1.0
703 704 1.0
703 751 1.0
703 752 1.0
704 705 1.0
704 752 1.0
704 753 1.0
705 706 1.0
705 753 1.0
705 754 1.0
706 707 1.0
706 754 1.0
706 755 1.0
707 708 1.0
707 755 1.0
707 756 1.0
708 709 1.0
708 756 1.0
708 757 1.0
709 710 1.0
709 757 1.0
709 758 1.0
710 711 1.0
710 758 1.0
710 759 1.0
711 712 1.0
711 759 1.0
711 760 1.0
712 713 1.0
712 760 1.0
712 761 1.0
713 714 1.0
713 761 1.0
713 762 1.0
714 715 1.0
714 762 1.0
714 763 1.0
715 716 1.0
715 763 1.0
715 764 1.0
716 717 1.0
716 764 1.0
716 765 1.0
717 718 1.0
717 765 1.0
717 766 1.0
718 719 1.0
718 766 1.0
718 767 1.0
719 672 1.0
719 767 1.0
719 720 1.0
720 721 1.0
720 768 1.0
720 769 1.0
721 722 1.0
721 769 1.0
721 770 1.0
722 723 1.0
722 770 1.0
722 771 1.0
723 724 1.0
723 771 1.0
723 772 1.0
724 725 1.0
724 772 1.0
724 773 1.0
725 726 1.0
725 773 1.0
725 774 1.0
726 727 1.0
726 774 1.0
726 775 1.0
727 728 1.0
727 775 1.0
727 776 1.0
728 729 1.0
728 776 1.0
728 777 1.0
729 730 1.0
729 777 1.0
729 778 1.0
730 731 1.0
730 778 1.0
730 779 1.0
731 732 1.0
731 779 1.0
731 780 1.0
732 733 1.0
732 780 1.0
732 781 1.0
733 734 1.0
733 781 1.0
733 782 1.0
734 735 1.0
734 782 1.0
734 783 1.0
735 736 1.0
735 783 1.0
735 784 1.0
736 737 1.0
736 784 1.0
736 785 1.0
737 738 1.0
737 785 1.0
737 786 1.0
738 739 1.0
738 786 1.0
738 787 1.0
739 740 1.0
739 787 1.0
739 788 1.0
740 741 1.0
740 788 1.0
740 789 1.0
741 742 1.0
741 789 1.0
741 790 1.0
742 743 1.0
742 790 1.0
742 791 1.0
743 744 1.0
743 791 1.0
743 792 1.0
744 745 1.0
744 792 1.0
744 793 1.0
745 746 1.0
745 793 1.0
745 794 1.0
746 747 1.0
746 794 1.0
746 795 1.0
747 748 1.0
747 795 1.0
747 796 1.0
748 749 1.0
748 796 1.0
748 797 1.0
749 750 1.0
749 797 1.0
749 798 1.0
750 751 1.0
750 798 1.0
750 799 1.0
751 752 1.0
751 799 1.0
751 800 1.0
752 753 1.0
752 800 1.0
752 801 1.0
753 754 1.0
753 801 1.0
753 802 1.0
754 755 1.0
754 802 1.0
754 803 1.0
755 756 1.0
755 803 1.0
755 804 1.0
756 757 1.0
756 804 1.0
756 805 1.0
757 758 1.0
757 805 1.0
757 806 1.0
758 759 1.0
758 806 1.0
758 807 1.0
759 760 1.0
759 807 1.0
759 808 1.0
760 761 1.0
760 808 1.0
760 809 1.0
761 762 1.0
761 809 1.0
761 810 1.0
762 763 1.0
762 810 1.0
762 811 1.0
763 764 1.0
763 811 1.0
763 812 1.0
764 765 1.0
764 812 1.0
764 813 1.0
765 766 1.0
765 813 1.0
765 814 1.0
766 767 1.0
766 814 1.0
766 815 1.0
767 720 1.0
767 815 1.0
767 768 1.0
768 769 1.0
768 816 1.0
768 817 1.0
769 770 1.0
769 817 1.0
769 818 1.0
770 771 1.0
770 818 1.0
770 819 1.0
771 772 1.0
771 819 1.0
771 820 1.0
772 773 1.0
772 820 1.0
772 821 1.0
773 774 1.0
773 821 1.0
773 822 1.0
774 775 1.0
774 822 1.0
774 823 1.0
775 776 1.0
775 823 1.0
775 824 1.0
776 777 1.0
776 824 1.0
776 825 1.0
777 778 1.0
777 825 1.0
777 826 1.0
778 779 1.0
778 826 1.0
778 827 1.0
779 780 1.0
779 827 1.0
779 828 1.0
780 781 1.0
780 828 1.0
780 829 1.0
781 782 1.0
781 829 1.0
781 830 1.0
782 783 1.0
782 830 1.0
782 831 1.0
783 784 1.0
783 831 1.0
783 832 1.0
784 785 1.0
784 832 1.0
784 833 1.0
785 786 1.0
785 833 1.0
785 834 1.0
786 787 1.0
786 834 1.0
786 835 1.0
787 788 1.0
787 835 1.0
787 836 1.0
788 789 1.0
788 836 1.0
788 837 1.0
789 790 1.0
789 837 1.0
789 838 1.0
790 791 1.0
790 838 1.0
790 839 1.0
791 792 1.0
791 839 1.0
791 840 1.0
792 793 1.0
792 840 1.0
792 841 1.0
793 794 1.0
793 841 1.0
793 842 1.0
794 795 1.0
794 842 1.0
794 843 1.0
795 796 1.0
795 843 1.0
795 844 1.0
796 797 1.0
796 844 1.0
796 845 1.0
797 798 1.0
797 845 1.0
797 846 1.0
798 799 1.0
798 846 1.0
798 847 1.0
799 800 1.0
799 847 1.0
799 848 1.0
800 801 1.0
800 848 1.0
800 849 1.0
801 802 1.0
801 849 1.0
801 850 1.0
802 803 1.0
802 850 1.0
802 851 1.0
803 804 1.0
803 851 1.0
803 852 1.0
804 805 1.0
804 852 1.0
804 853 1.0
805 806 1.0
805 853 1.0
805 854 1.0
806 807 1.0
806 854 1.0
806 855 1.0
807 808 1.0
807 855 1.0
807 856 1.0
808 809 1.0
808 856 1.0
808 857 1.0
809 810 1.0
809 857 1.0
809 858 1.0
810 811 1.0
810 858 1.0
810 859 1.0
811 812 1.0
811 859 1.0
811 860 1.0
812 813 1.0
812 860 1.0
812 861 1.0
813 814 1.0
813 861 1.0
813 862 1.0
814 815 1.0
814 862 1.0
814 863 1.0
815 768 1.0
815 863 1.0
815 816 1.0
816 817 1.0
816 864 1.0
816 865 1.0
817 818 1.0
817 865 1.0
817 866 1.0
818 819 1.0
818 866 1.0
818 867 1.0
819 820 1.0
819 867 1.0
819 868 1.0
820 821 1.0
820 868 1.0
820 869 1.0
821 822 1.0
821 869 1.0
821 870 1.0
822 823 1.0
822 870 1.0
822 871 1.0
823 824 1.0
823 871 1.0
823 872 1.0
824 825 1.0
824 872 1.0
824 873 1.0
825 826 1.0
825 873 1.0
825 874 1.0
826 827 1.0
826 874 1.0
826 875 1.0
827 828 1.0
827 875 1.0
827 876 1.0
828 829 1.0
828 876 1.0
828 877 1.0
829 830 1.0
829 877 1.0
829 878 1.0
830 831 1.0
830 878 1.0
830 879 1.0
831 832 1.0
831 879 1.0
831 880 1.0
832 833 1.0
832 880 1.0
832 881 1.0
833 834 1.0
833 881 1.0
833 882 1.0
834 835 1.0
834 882 1.0
834 883 1.0
835 836 1.0
835 883 1.0
835 884 1.0
836 837 1.0
836 884 1.0
836 885 1.0
837 838 1.0
837 885 1.0
837 886 1.0
838 839 1.0
838 886 1.0
838 887 1.0
839 840 1.0
839 887 1.0
839 888 1.0
840 841 1.0
840 888 1.0
840 889 1.0
841 842 1.0
841 889 1.0
841 890 1.0
842 843 1.0
842 890 1.0
842 891 1.0
843 844 1.0
843 891 1.0
843 892 1.0
844 845 1.0
844 892 1.0
844 893 1.0
845 846 1.0
845 893 1.0
845 894 1.0
846 847 1.0
846 894 1.0
846 895 1.0
847 848 1.0
847 895 1.0
847 896 1.0
848 849 1.0
848 896 1.0
848 897 1.0
849 850 1.0
849 897 1.0
849 898 1.0
850 851 1.0
850 898 1.0
850 899 1.0
851 852 1.0
851 899 1.0
851 900 1.0
852 853 1.0
852 900 1.0
852 901 1.0
853 854 1.0
853 901 1.0
853 902 1.0
854 855 1.0
854 902 1.0
854 903 1.0
855 856 1.0
855 903 1.0
855 904 1.0
856 857 1.0
856 904 1.0
856 905 1.0
857 858 1.0
857 905 1.0
857 906 1.0
858 859 1.0
858 906 1.0
858 907 1.0
859 860 1.0
859 907 1.0
859 908 1.0
860 861 1.0
860 908 1.0
860 909 1.0
861 862 1.0
861 909 1.0
861 910 1.0
862 863 1.0
862 910 1.0
862 911 1.0
863 816 1.0
863 911 1.0
863 864 1.0
864 865 1.0
864 912 1.0
864 913 1.0
865 866 1.0
865 913 1.0
865 914 1.0
866 867 1.0
866 914 1.0
866 915 1.0
867 868 1.0
867 915 1.0
867 916 1.0
868 869 1.0
868 916 1.0
868 917 1.0
869 870 1.0
869 917 1.0
869 918 1.0
870 871 1.0
870 918 1.0
870 919 1.0
871 872 1.0
871 919 1.0
871 920 1.0
872 873 1.0
872 920 1.0
872 921 1.0
873 874 1.0
873 921 1.0
873 922 1.0
874 875 1.0
874 922 1.0
874 923 1.0
875 876 1.0
875 923 1.0
875 924 1.0
876 877 1.0
876 924 1.0
876 925 1.0
877 878 1.0
877 925 1.0
877 926 1.0
878 879 1.0
878 926 1.0
878 927 1.0
879 880 1.0
879 927 1.0
879 928 1.0
880 881 1.0
880 928 1.0
880 929 1.0
881 882 1.0
881 929 1.0
881 930 1.0
882 883 1.0
882 930 1.0
882 931 1.0
883 884 1.0
883 931 1.0
883 932 1.0
884 885 1.0
884 932 1.0
884 933 1.0
885 886 1.0
885 933 1.0
885 934 1.0
886 887 1.0
886 934 1.0
886 935 1.0
887 888 1.0
887 935 1.0
887 936 1.0
888 889 1.0
888 936 1.0
888 937 1.0
889 890 1.0
889 937 1.0
889 938 1.0
890 891 1.0
890 938 1.0
890 939 1.0
891 892 1.0
891 939 1.0
891 940 1.0
892 893 1.0
892 940 1.0
892 941 1.0
893 894 1.0
893 941 1.0
893 942 1.0
894 895 1.0
894 942 1.0
894 943 1.0
895 896 1.0
895 943 1.0
895 944 1.0
896 897 1.0
896 944 1.0
896 945 1.0
897 898 1.0
897 945 1.0
897 946 1.0
898 899 1.0
898 946 1.0
898 947 1.0
899 900 1.0
899 947 1.0
899 948 1.0
900 901 1.0
900 948 1.0
900 949 1.0
901 902 1.0
901 949 1.0
901 950 1.0
902 903 1.0
902 950 1.0
902 951 1.0
903 904 1.0
903 951 1.0
903 952 1.0
904 905 1.0
904 952 1.0
904 953 1.0
905 906 1.0
905 953 1.0
905 954 1.0
906 907 1.0
906 954 1.0
906 955 1.0
907 908 1.0
907 955 1.0
907 956 1.0
908 909 1.0
908 956 1.0
908 957 1.0
909 910 1.0
909 957 1.0
909 958 1.0
910 911 1.0
910 958 1.0
910 959 1.0
911 864 1.0
911 959 1.0
911 912 1.0
912 913 1.0
912 960 1.0
912 961 1.0
913 914 1.0
913 961 1.0
913 962 1.0
914 915 1.0
914 962 1.0
914 963 1.0
915 916 1.0
915 963 1.0
915 964 1.0
916 917 1.0
916 964 1.0
916 965 1.0
917 918 1.0
917 965 1.0
917 966 1.0
918 919 1.0
918 966 1.0
918 967 1.0
919 920 1.0
919 967 1.0
919 968 1.0
920 921 1.0
920 968 1.0
920 969 1.0
921 922 1.0
921 969 1.0
921 970 1.0
922 923 1.0
922 970 1.0
922 971 1.0
923 924 1.0
923 971 1.0
923 972 1.0
924 925 1.0
924 972 1.0
924 973 1.0
925 926 1.0
925 973 1.0
925 974 1.0
926 927 1.0
926 974 1.0
926 975 1.0
927 928 1.0
927 975 1.0
927 976 1.0
928 929 1.0
928 976 1.0
928 977 1.0
929 930 1.0
929 977 1.0
929 978 1.0
930 931 1.0
930 978 1.0
930 979 1.0
931 932 1.0
931 979 1.0
931 980 1.0
932 933 1.0
932 980 1.0
932 981 1.0
933 934 1.0
933 981 1.0
933 982 1.0
934 935 1.0
934 982 1.0
934 983 1.0
935 936 1.0
935 983 1.0
935 984 1.0
936 937 1.0
936 984 1.0
936 985 1.0
937 938 1.0
937 985 1.0
937 986 1.0
938 939 1.0
938 986 1.0
938 987 1.0
939 940 1.0
939 987 1.0
939 988 1.0
940 941 1.0
940 988 1.0
940 989 1.0
941 942 1.0
941 989 1.0
941 990 1.0
942 943 1.0
942 990 1.0
942 991 1.0
943 944 1.0
943 991 1.0
943 992 1.0
944 945 1.0
944 992 1.0
944 993 1.0
945 946 1.0
945 993 1.0
945 994 1.0
946 947 1.0
946 994 1.0
946 995 1.0
947 948 1.0
947 995 1.0
947 996 1.0
948 949 1.0
948 996 1.0
948 997 1.0
949 950 1.0
949 997 1.0
949 998 1.0
950 951 1.0
950 998 1.0
950 999 1.0
951 952 1.0
951 999 1.0
951 1000 1.0
952 953 1.0
952 1000 1.0
952 1001 1.0
953 954 1.0
953 1001 1.0
953 1002 1.0
954 955 1.0
954 1002 1.0
954 1003 1.0
955 956 1.0
955 1003 1.0
955 1004 1.0
956 957 1.0
956 1004 1.0
956 1005 1.0
957 958 1.0
957 1005 1.0
957 1006 1.0
958 959 1.0
958 1006 1.0
958 1007 1.0
959 912 1.0
959 1007 1.0
959 960 1.0
960 961 1.0
960 1008 1.0
960 1009 1.0
961 962 1.0
961 1009 1.0
961 1010 1.0
962 963 1.0
962 1010 1.0
962 1011 1.0
963 964 1.0
963 1011 1.0
963 1012 1.0
964 965 1.0
964 1012 1.0
964 1013 1.0
965 966 1.0
965 1013 1.0
965 1014 1.0
966 967 1.0
966 1014 1.0
966 1015 1.0
967 968 1.0
967 1015 1.0
967 1016 1.0
968 969 1.0
968 1016 1.0
968 1017 1.0
969 970 1.0
969 1017 1.0
969 1018 1.0
970 971 1.0
970 1018 1.0
970 1019 1.0
971 972 1.0
971 1019 1.0
971 1020 1.0
972 973 1.0
972 1020 1.0
972 1021 1.0
973 974 1.0
973 1021 1.0
973 1022 1.0
974 975 1.0
974 1022 1.0
974 1023 1.0
975 976 1.0
975 1023 1.0
975 1024 1.0
976 977 1.0
976 1024 1.0
976 1025 1.0
977 978 1.0
977 1025 1.0
977 1026 1.0
978 979 1.0
978 1026 1.0
978 1027 1.0
979 980 1.0
979 1027 1.0
979 1028 1.0
980 981 1.0
980 1028 1.0
980 1029 1.0
981 982 1.0
981 1029 1.0
981 1030 1.0
982 983 1.0
982 1030 1.0
982 1031 1.0
983 984 1.0
983 1031 1.0
983 1032 1.0
984 985 1.0
984 1032 1.0
984 1033 1.0
985 986 1.0
985 1033 1.0
985 1034 1.0
986 987 1.0
986 1034 1.0
986 1035 1.0
987 988 1.0
987 1035 1.0
987 1036 1.0
988 989 1.0
988 1036 1.0
988 1037 1.0
989 990 1.0
989 1037 1.0
989 1038 1.0
990 991 1.0
990 1038 1.0
990 1039 1.0
991 992 1.0
991 1039 1.0
991 1040 1.0
992 993 1.0
992 1040 1.0
992 1041 1.0
993 994 1.0
993 1041 1.0
993 1042 1.0
994 995 1.0
994 1042 1.0
994 1043 1.0
995 996 1.0
995 1043 1.0
995 1044 1.0
996 997 1.0
996 1044 1.0
996 1045 1.0
997 998 1.0
997 1045 1.0
997 1046 1.0
998 999 1.0
998 1046 1.0
998 1047 1.0
999 1000 1.0
999 1047 1.0
999 1048 1.0
1000 1001 1.0
1000 1048 1.0
1000 1049 1.0
1001 1002 1.0
1001 1049 1.0
1001 1050 1.0
1002 1003 1.0
1002 1050 1.0
1002 1051 1.0
1003 1004 1.0
1003 1051 1.0
1003 1052 1.0
1004 1005 1.0
1004 1052 1.0
1004 1053 1.0
1005 1006 1.0
1005 1053 1.0
1005 1054 1.0
1006 1007 1.0
1006 1054 1.0
1006 1055 1.0
1007 960 1.0
1007 1055 1.0
1007 1008 1.0
1008 1009 1.0
1008 1056 1.0
1008 1057 1.0
1009 1010 1.0
1009 1057 1.0
1009 1058 1.0
1010 1011 1.0
1010 1058 1.0
1010 1059 1.0
1011 1012 1.0
1011 1059 1.0
1011 1060 1.0
1012 1013 1.0
1012 1060 1.0
1012 1061 1.0
1013 1014 1.0
1013 1061 1.0
1013 1062 1.0
1014 1015 1.0
1014 1062 1.0
1014 1063 1.0
1015 1016 1.0
1015 1063 1.0
1015 1064 1.0
1016 1017 1.0
1016 1064 1.0
1016 1065 1.0
1017 1018 1.0
1017 1065 1.0
1017 1066 1.0
1018 1019 1.0
1018 1066 1.0
1018 1067 1.0
1019 1020 1.0
1019 1067 1.0
1019 1068 1.0
1020 1021 1.0
1020 1068 1.0
1020 1069 1.0
1021 1022 1.0
1021 1069 1.0
1021 1070 1.0
1022 1023 1.0
1022 1070 1.0
1022 1071 1.0
1023 1024 1.0
1023 1071 1.0
1023 1072 1.0
1024 1025 1.0
1024 1072 1.0
1024 1073 1.0
1025 1026 1.0
1025 1073 1.0
1025 1074 1.0
1026 1027 1.0
1026 1074 1.0
1026 1075 1.0
1027 1028 1.0
1027 1075 1.0
1027 1076 1.0
1028 1029 1.0
1028 1076 1.0
1028 1077 1.0
1029 1030 1.0
1029 1077 1.0
1029 1078 1.0
1030 1031 1.0
1030 1078 1.0
1030 1079 1.0
1031 1032 1.0
1031 1079 1.0
1031 1080 1.0
1032 1033 1.0
1032 1080 1.0
1032 1081 1.0
1033 1034 1.0
1033 1081 1.0
1033 1082 1.0
1034 1035 1.0
1034 1082 1.0
1034 1083 1.0
1035 1036 1.0
1035 1083 1.0
1035 1084 1.0
1036 1037 1.0
1036 1084 1.0
1036 1085 1.0
1037 1038 1.0
1037 1085 1.0
1037 1086 1.0
1038 1039 1.0
1038 1086 1.0
1038 1087 1.0
1039 1040 1.0
1039 1087 1.0
1039 1088 1.0
1040 1041 1.0
1040 1088 1.0
1040 1089 1.0
1041 1042 1.0
1041 1089 1.0
1041 1090 1.0
1042 1043 1.0
1042 1090 1.0
1042 1091 1.0
1043 1044 1.0
1043 1091 1.0
1043 1092 1.0
1044 1045 1.0
1044 1092 1.0
1044 1093 1.0
1045 1046 1.0
1045 1093 1.0
1045 1094 1.0
1046 1047 1.0
1046 1094 1.0
1046 1095 1.0
1047 1048 1.0
1047 1095 1.0
1047 1096 1.0
1048 1049 1.0
1048 1096 1.0
1048 1097 1.0
1049 1050 1.0
1049 1097 1.0
1049 1098 1.0
1050 1051 1.0
1050 1098 1.0
1050 1099 1.0
1051 1052 1.0
1051 1099 1.0
1051 1100 1.0
1052 1053 1.0
1052 1100 1.0
1052 1101 1.0
1053 1054 1.0
1053 1101 1.0
1053 1102 1.0
1054 1055 1.0
1054 1102 1.0
1054 1103 1.0
1055 1008 1.0
1055 1103 1.0
1055 1056 1.0
1056 1057 1.0
1056 1104 1.0
1056 1105 1.0
1057 1058 1.0
1057 1105 1.0
1057 1106 1.0
1058 1059 1.0
1058 1106 1.0
1058 1107 1.0
1059 1060 1.0
1059 1107 1.0
1059 1108 1.0
1060 1061 1.0
1060 1108 1.0
1060 1109 1.0
1061 1062 1.0
1061 1109 1.0
1061 1110 1.0
1062 1063 1.0
1062 1110 1.0
1062 1111 1.0
1063 1064 1.0
1063 1111 1.0
1063 1112 1.0
1064 1065 1.0
1064 1112 1.0
1064 1113 1.0
1065 1066 1.0
1065 1113 1.0
1065 1114 1.0
1066 1067 1.0
1066 1114 1.0
1066 1115 1.0
1067 1068 1.0
1067 1115 1.0
1067 1116 1.0
1068 1069 1.0
1068 1116 1.0
1068 1117 1.0
1069 1070 1.0
1069 1117 1.0
1069 1118 1.0
1070 1071 1.0
1070 1118 1.0
1070 1119 1.0
1071 1072 1.0
1071 1119 1.0
1071 1120 1.0
1072 1073 1.0
1072 1120 1.0
1072 1121 1.0
1073 1074 1.0
1073 1121 1.0
1073 1122 1.0
1074 1075 1.0
1074 1122 1.0
1074 1123 1.0
1075 1076 1.0
1075 1123 1.0
1075 1124 1.0
1076 1077 1.0
1076 1124 1.0
1076 1125 1.0
1077 1078 1.0
1077 1125 1.0
1077 1126 1.0
1078 1079 1.0
1078 1126 1.0
1078 1127 1.0
1079 1080 1.0
1079 1127 1.0
1079 1128 1.0
1080 1081 1.0
1080 1128 1.0
1080 1129 1.0
1081 1082 1.0
1081 1129 1.0
1081 1130 1.0
1082 1083 1.0
1082 1130 1.0
1082 1131 1.0
1083 1084 1.0
1083 1131 1.0
1083 1132 1.0
1084 1085 1.0
1084 1132 1.0
1084 1133 1.0
1085 1086 1.0
1085 1133 1.0
1085 1134 1.0
1086 1087 1.0
1086 1134 1.0
1086 1135 1.0
1087 1088 1.0
1087 1135 1.0
1087 1136 1.0
1088 1089 1.0
1088 1136 1.0
1088 1137 1.0
1089 1090 1.0
1089 1137 1.0
1089 1138 1.0
1090 1091 1.0
1090 1138 1.0
1090 1139 1.0
1091 1092 1.0
1091 1139 1.0
1091 1140 1.0
1092 1093 1.0
1092 1140 1.0
1092 1141 1.0
1093 1094 1.0
1093 1141 1.0
1093 1142 1.0
1094 1095 1.0
1094 1142 1.0
1094 1143 1.0
1095 1096 1.0
1095 1143 1.0
1095 1144 1.0
1096 1097 1.0
1096 1144 1.0
1096 1145 1.0
1097 1098 1.0
1097 1145 1.0
1097 1146 1.0
1098 1099 1.0
1098 1146 1.0
1098 1147 1.0
1099 1100 1.0
1099 1147 1.0
1099 1148 1.0
1100 1101 1.0
1100 1148 1.0
1100 1149 1.0
1101 1102 1.0
1101 1149 1.0
1101 1150 1.0
1102 1103 1.0
1102 1150 1.0
1102 1151 1.0
1103 1056 1.0
1103 1151 1.0
1103 1104 1.0
1104 1105 1.0
1104 1152 1.0
1104 1153 1.0
1105 1106 1.0
1105 1153 1.0
1105 1154 1.0
1106 1107 1.0
1106 1154 1.0
1106 1155 1.0
1107 1108 1.0
1107 1155 1.0
1107 1156 1.0
1108 1109 1.0
1108 1156 1.0
1108 1157 1.0
1109 1110 1.0
1109 1157 1.0
1109 1158 1.0
1110 1111 1.0
1110 1158 1.0
1110 1159 1.0
1111 1112 1.0
1111 1159 1.0
1111 1160 1.0
1112 1113 1.0
1112 1160 1.0
1112 1161 1.0
1113 1114 1.0
1113 1161 1.0
1113 1162 1.0
1114 1115 1.0
1114 1162 1.0
1114 1163 1.0
1115 1116 1.0
1115 1163 1.0
1115 1164 1.0
1116 1117 1.0
1116 1164 1.0
1116 1165 1.0
1117 1118 1.0
1117 1165 1.0
1117 1166 1.0
1118 1119 1.0
1118 1166 1.0
1118 1167 1.0
1119 1120 1.0
1119 1167 1.0
1119 1168 1.0
1120 1121 1.0
1120 1168 1.0
1120 1169 1.0
1121 1122 1.0
1121 1169 1.0
1121 1170 1.0
1122 1123 1.0
1122 1170 1.0
1122 1171 1.0
1123 1124 1.0
1123 1171 1.0
1123 1172 1.0
1124 1125 1.0
1124 1172 1.0
1124 1173 1.0
1125 1126 1.0
1125 1173 1.0
1125 1174 1.0
1126 1127 1.0
1126 1174 1.0
1126 1175 1.0
1127 1128 1.0
1127 1175 1.0
1127 1176 1.0
1128 1129 1.0
1128 1176 1.0
1128 1177 1.0
1129 1130 1.0
1129 1177 1.0
1129 1178 1.0
1130 1131 1.0
1130 1178 1.0
1130 1179 1.0
1131 1132 1.0
1131 1179 1.0
1131 1180 1.0
1132 1133 1.0
1132 1180 1.0
1132 1181 1.0
1133 1134 1.0
1133 1181 1.0
1133 1182 1.0
1134 1135 1.0
1134 1182 1.0
1134 1183 1.0
1135 1136 1.0
1135 1183 1.0
1135 1184 1.0
1136 1137 1.0
1136 1184 1.0
1136 1185 1.0
1137 1138 1.0
1137 1185 1.0
1137 1186 1.0
1138 1139 1.0
1138 1186 1.0
1138 1187 1.0
1139 1140 1.0
1139 1187 1.0
1139 1188 1.0
1140 1141 1.0
1140 1188 1.0
1140 1189 1.0
1141 1142 1.0
1141 1189 1.0
1141 1190 1.0
1142 1143 1.0
1142 1190 1.0
1142 1191 1.0
1143 1144 1.0
1143 1191 1.0
1143 1192 1.0
1144 1145 1.0
1144 1192 1.0
1144 1193 1.0
1145 1146 1.0
1145 1193 1.0
1145 1194 1.0
1146 1147 1.0
1146 1194 1.0
1146 1195 1.0
1147 1148 1.0
1147 1195 1.0
1147 1196 1.0
1148 1149 1.0
1148 1196 1.0
1148 1197 1.0
1149 1150 1.0
1149 1197 1.0
1149 1198 1.0
1150 1151 1.0
1150 1198 1.0
1150 1199 1.0
1151 1104 1.0
1151 1199 1.0
1151 1152 1.0
1152 1153 1.0
1152 1200 1.0
1152 1201 1.0
1153 1154 1.0
1153 1201 1.0
1153 1202 1.0
1154 1155 1.0
1154 1202 1.0
1154 1203 1.0
1155 1156 1.0
1155 1203 1.0
1155 1204 1.0
1156 1157 1.0
1156 1204 1.0
1156 1205 1.0
1157 1158 1.0
1157 1205 1.0
1157 1206 1.0
1158 1159 1.0
1158 1206 1.0
1158 1207 1.0
1159 1160 1.0
1159 1207 1.0
1159 1208 1.0
1160 1161 1.0
1160 1208 1.0
1160 1209 1.0
1161 1162 1.0
1161 1209 1.0
1161 1210 1.0
1162 1163 1.0
1162 1210 1.0
1162 1211 1.0
1163 1164 1.0
1163 1211 1.0
1163 1212 1.0
1164 1165 1.0
1164 1212 1.0
1164 1213 1.0
1165 1166 1.0
1165 1213 1.0
1165 1214 1.0
1166 1167 1.0
1166 1214 1.0
1166 1215 1.0
1167 1168 1.0
1167 1215 1.0
1167 1216 1.0
1168 1169 1.0
1168 1216 1.0
1168 1217 1.0
1169 1170 1.0
1169 1217 1.0
1169 1218 1.0
1170 1171 1.0
1170 1218 1.0
1170 1219 1.0
1171 1172 1.0
1171 1219 1.0
1171 1220 1.0
1172 1173 1.0
1172 1220 1.0
1172 1221 1.0
1173 1174 1.0
1173 1221 1.0
1173 1222 1.0
1174 1175 1.0
1174 1222 1.0
1174 1223 1.0
1175 1176 1.0
1175 1223 1.0
1175 1224 1.0
1176 1177 1.0
1176 1224 1.0
1176 1225 1.0
1177 1178 1.0
1177 1225 1.0
1177 1226 1.0
1178 1179 1.0
1178 1226 1.0
1178 1227 1.0
1179 1180 1.0
1179 1227 1.0
1179 1228 1.0
1180 1181 1.0
1180 1228 1.0
1180 1229 1.0
1181 1182 1.0
1181 1229 1.0
1181 1230 1.0
1182 1183 1.0
1182 1230 1.0
1182 1231 1.0
1183 1184 1.0
1183 1231 1.0
1183 1232 1.0
1184 1185 1.0
1184 1232 1.0
1184 1233 1.0
1185 1186 1.0
1185 1233 1.0
1185 1234 1.0
1186 1187 1.0
1186 1234 1.0
1186 1235 1.0
1187 1188 1.0
1187 1235 1.0
1187 1236 1.0
1188 1189 1.0
1188 1236 1.0
1188 1237 1.0
1189 1190 1.0
1189 1237 1.0
1189 1238 1.0
1190 1191 1.0
1190 1238 1.0
1190 1239 1.0
1191 1192 1.0
1191 1239 1.0
1191 1240 1.0
1192 1193 1.0
1192 1240 1.0
1192 1241 1.0
1193 1194 1.0
1193 1241 1.0
1193 1242 1.0
1194 1195 1.0
1194 1242 1.0
1194 1243 1.0
1195 1196 1.0
1195 1243 1.0
1195 1244 1.0
1196 1197 1.0
1196 1244 1.0
1196 1245 1.0
1197 1198 1.0
1197 1245 1.0
1197 1246 1.0
1198 1199 1.0
1198 1246 1.0
1198 1247 1.0
1199 1152 1.0
1199 1247 1.0
1199 1200 1.0
1200 1201 1.0
1200 1248 1.0
1200 1249 1.0
1201 1202 1.0
1201 1249 1.0
1201 1250 1.0
1202 1203 1.0
1202 1250 1.0
1202 1251 1.0
1203 1204 1.0
1203 1251 1.0
1203 1252 1.0
1204 1205 1.0
1204 1252 1.0
1204 1253 1.0
1205 1206 1.0
1205 1253 1.0
1205 1254 1.0
1206 1207 1.0
1206 1254 1.0
1206 1255 1.0
1207 1208 1.0
1207 1255 1.0
1207 1256 1.0
1208 1209 1.0
1208 1256 1.0
1208 1257 1.0
1209 1210 1.0
1209 1257 1.0
1209 1258 1.0
1210 1211 1.0
1210 1258 1.0
1210 1259 1.0
1211 1212 1.0
1211 1259 1.0
1211 1260 1.0
1212 1213 1.0
1212 1260 1.0
1212 1261 1.0
1213 1214 1.0
1213 1261 1.0
1213 1262 1.0
1214 1215 1.0
1214 1262 1.0
1214 1263 1.0
1215 1216 1.0
1215 1263 1.0
1215 1264 1.0
1216 1217 1.0
1216 1264 1.0
1216 1265 1.0
1217 1218 1.0
1217 1265 1.0
1217 1266 1.0
1218 1219 1.0
1218 1266 1.0
1218 1267 1.0
1219 1220 1.0
1219 1267 1.0
1219 1268 1.0
1220 1221 1.0
1220 1268 1.0
1220 1269 1.0
1221 1222 1.0
1221 1269 1.0
1221 1270 1.0
1222 1223 1.0
1222 1270 1.0
1222 1271 1.0
1223 1224 1.0
1223 1271 1.0
1223 1272 1.0
1224 1225 1.0
1224 1272 1.0
1224 1273 1.0
1225 1226 1.0
1225 1273 1.0
1225 1274 1.0
1226 1227 1.0
1226 1274 1.0
1226 1275 1.0
1227 1228 1.0
1227 1275 1.0
1227 1276 1.0
1228 1229 1.0
1228 1276 1.0
1228 1277 1.0
1229 1230 1.0
1229 1277 1.0
1229 1278 1.0
1230 1231 1.0
1230 1278 1.0
1230 1279 1.0
1231 1232 1.0
1231 1279 1.0
1231 1280 1.0
1232 1233 1.0
1232 1280 1.0
1232 1281 1.0
1233 1234 1.0
1233 1281 1.0
1233 1282 1.0
1234 1235 1.0
1234 1282 1.0
1234 1283 1.0
1235 1236 1.0
1235 1283 1.0
1235 1284 1.0
1236 1237 1.0
1236 1284 1.0
1236 1285 1.0
1237 1238 1.0
1237 1285 1.0
1237 1286 1.0
1238 1239 1.0
1238 1286 1.0
1238 1287 1.0
1239 1240 1.0
1239 1287 1.0
1239 1288 1.0
1240 1241 1.0
1240 1288 1.0
1240 1289 1.0
1241 1242 1.0
1241 1289 1.0
1241 1290 1.0
1242 1243 1.0
1242 1290 1.0
1242 1291 1.0
1243 1244 1.0
1243 1291 1.0
1243 1292 1.0
1244 1245 1.0
1244 1292 1.0
1244 1293 1.0
1245 1246 1.0
1245 1293 1.0
1245 1294 1.0
1246 1247 1.0
1246 1294 1.0
1246 1295 1.0
1247 1200 1.0
1247 1295 1.0
1247 1248 1.0
1248 1249 1.0
1248 1296 1.0
1248 1297 1.0
1249 1250 1.0
1249 1297 1.0
1249 1298 1.0
1250 1251 1.0
1250 1298 1.0
1250 1299 1.0
1251 1252 1.0
1251 1299 1.0
1251 1300 1.0
1252 1253 1.0
1252 1300 1.0
1252 1301 1.0
1253 1254 1.0
1253 1301 1.0
1253 1302 1.0
1254 1255 1.0
1254 1302 1.0
1254 1303 1.0
1255 1256 1.0
1255 1303 1.0
1255 1304 1.0
1256 1257 1.0
1256 1304 1.0
1256 1305 1.0
1257 1258 1.0
1257 1305 1.0
1257 1306 1.0
1258 1259 1.0
1258 1306 1.0
1258 1307 1.0
1259 1260 1.0
1259 1307 1.0
1259 1308 1.0
1260 1261 1.0
1260 1308 1.0
1260 1309 1.0
1261 1262 1.0
1261 1309 1.0
1261 1310 1.0
1262 1263 1.0
1262 1310 1.0
1262 1311 1.0
1263 1264 1.0
1263 1311 1.0
1263 1312 1.0
1264 1265 1.0
1264 1312 1.0
1264 1313 1.0
1265 1266 1.0
1265 1313 1.0
1265 1314 1.0
1266 1267 1.0
1266 1314 1.0
1266 1315 1.0
1267 1268 1.0
1267 1315 1.0
1267 1316 1.0
1268 1269 1.0
1268 1316 1.0
1268 1317 1.0
1269 1270 1.0
1269 1317 1.0
1269 1318 1.0
1270 1271 1.0
1270 1318 1.0
1270 1319 1.0
1271 1272 1.0
1271 1319 1.0
1271 1320 1.0
1272 1273 1.0
1272 1320 1.0
1272 1321 1.0
1273 1274 1.0
1273 1321 1.0
1273 1322 1.0
1274 1275 1.0
1274 1322 1.0
1274 1323 1.0
1275 1276 1.0
1275 1323 1.0
1275 1324 1.0
1276 1277 1.0
1276 1324 1.0
1276 1325 1.0
1277 1278 1.0
1277 1325 1.0
1277 1326 1.0
1278 1279 1.0
1278 1326 1.0
1278 1327 1.0
1279 1280 1.0
1279 1327 1.0
1279 1328 1.0
1280 1281 1.0
1280 1328 1.0
1280 1329 1.0
1281 1282 1.0
1281 1329 1.0
1281 1330 1.0
1282 1283 1.0
1282 1330 1.0
1282 1331 1.0
1283 1284 1.0
1283 1331 1.0
1283 1332 1.0
1284 1285 1.0
1284 1332 1.0
1284 1333 1.0
1285 1286 1.0
1285 1333 1.0
1285 1334 1.0
1286 1287 1.0
1286 1334 1.0
1286 1335 1.0
1287 1288 1.0
1287 1335 1.0
1287 1336 1.0
1288 1289 1.0
1288 1336 1.0
1288 1337 1.0
1289 1290 1.0
1289 1337 1.0
1289 1338 1.0
1290 1291 1.0
1290 1338 1.0
1290 1339 1.0
1291 1292 1.0
1291 1339 1.0
1291 1340 1.0
1292 1293 1.0
1292 1340 1.0
1292 1341 1.0
1293 1294 1.0
1293 1341 1.0
1293 1342 1.0
1294 1295 1.0
1294 1342 1.0
1294 1343 1.0
1295 1248 1.0
1295 1343 1.0
1295 1296 1.0
1296 1297 1.0
1296 1344 1.0
1296 1345 1.0
1297 1298 1.0
1297 1345 1.0
1297 1346 1.0
1298 1299 1.0
1298 1346 1.0
1298 1347 1.0
1299 1300 1.0
1299 1347 1.0
1299 1348 1.0
1300 1301 1.0
1300 1348 1.0
1300 1349 1.0
1301 1302 1.0
1301 1349 1.0
1301 1350 1.0
1302 1303 1.0
1302 1350 1.0
1302 1351 1.0
1303 1304 1.0
1303 1351 1.0
1303 1352 1.0
1304 1305 1.0
1304 1352 1.0
1304 1353 1.0
1305 1306 1.0
1305 1353 1.0
1305 1354 1.0
1306 1307 1.0
1306 1354 1.0
1306 1355 1.0
1307 1308 1.0
1307 1355 1.0
1307 1356 1.0
1308 1309 1.0
1308 1356 1.0
1308 1357 1.0
1309 1310 1.0
1309 1357 1.0
1309 1358 1.0
1310 1311 1.0
1310 1358 1.0
1310 1359 1.0
1311 1312 1.0
1311 1359 1.0
1311 1360 1.0
1312 1313 1.0
1312 1360 1.0
1312 1361 1.0
1313 1314 1.0
1313 1361 1.0
1313 1362 1.0
1314 1315 1.0
1314 1362 1.0
1314 1363 1.0
1315 1316 1.0
1315 1363 1.0
1315 1364 1.0
1316 1317 1.0
1316 1364 1.0
1316 1365 1.0
1317 1318 1.0
1317 1365 1.0
1317 1366 1.0
1318 1319 1.0
1318 1366 1.0
1318 1367 1.0
1319 1320 1.0
1319 1367 1.0
1319 1368 1.0
1320 1321 1.0
1320 1368 1.0
1320 1369 1.0
1321 1322 1.0
1321 1369 1.0
1321 1370 1.0
1322 1323 1.0
1322 1370 1.0
1322 1371 1.0
1323 1324 1.0
1323 1371 1.0
1323 1372 1.0
1324 1325 1.0
1324 1372 1.0
1324 1373 1.0
1325 1326 1.0
1325 1373 1.0
1325 1374 1.0
1326 1327 1.0
1326 1374 1.0
1326 1375 1.0
1327 1328 1.0
1327 1375 1.0
1327 1376 1.0
1328 1329 1.0
1328 1376 1.0
1328 1377 1.0
1329 1330 1.0
1329 1377 1.0
1329 1378 1.0
1330 1331 1.0
1330 1378 1.0
1330 1379 1.0
1331 1332 1.0
1331 1379 1.0
1331 1380 1.0
1332 1333 1.0
1332 1380 1.0
1332 1381 1.0
1333 1334 1.0
1333 1381 1.0
1333 1382 1.0
1334 1335 1.0
1334 1382 1.0
1334 1383 1.0
1335 1336 1.0
1335 1383 1.0
1335 1384 1.0
1336 1337 1.0
1336 1384 1.0
1336 1385 1.0
1337 1338 1.0
1337 1385 1.0
1337 1386 1.0
1338 1339 1.0
1338 1386 1.0
1338 1387 1.0
1339 1340 1.0
1339 1387 1.0
1339 1388 1.0
1340 1341 1.0
1340 1388 1.0
1340 1389 1.0
1341 1342 1.0
1341 1389 1.0
1341 1390 1.0
1342 1343 1.0
1342 1390 1.0
1342 1391 1.0
1343 1296 1.0
1343 1391 1.0
1343 1344 1.0
1344 1345 1.0
1344 1392 1.0
1344 1393 1.0
1345 1346 1.0
1345 1393 1.0
1345 1394 1.0
1346 1347 1.0
1346 1394 1.0
1346 1395 1.0
1347 1348 1.0
1347 1395 1.0
1347 1396 1.0
1348 1349 1.0
1348 1396 1.0
1348 1397 1.0
1349 1350 1.0
1349 1397 1.0
1349 1398 1.0
1350 1351 1.0
1350 1398 1.0
1350 1399 1.0
1351 1352 1.0
1351 1399 1.0
1351 1400 1.0
1352 1353 1.0
1352 1400 1.0
1352 1401 1.0
1353 1354 1.0
1353 1401 1.0
1353 1402 1.0
1354 1355 1.0
1354 1402 1.0
1354 1403 1.0
1355 1356 1.0
1355 1403 1.0
1355 1404 1.0
1356 1357 1.0
1356 1404 1.0
1356 1405 1.0
1357 1358 1.0
1357 1405 1.0
1357 1406 1.0
1358 1359 1.0
1358 1406 1.0
1358 1407 1.0
1359 1360 1.0
1359 1407 1.0
1359 1408 1.0
1360 1361 1.0
1360 1408 1.0
1360 1409 1.0
1361 1362 1.0
1361 1409 1.0
1361 1410 1.0
1362 1363 1.0
1362 1410 1.0
1362 1411 1.0
1363 1364 1.0
1363 1411 1.0
1363 1412 1.0
1364 1365 1.0
1364 1412 1.0
1364 1413 1.0
1365 1366 1.0
1365 1413 1.0
1365 1414 1.0
1366 1367 1.0
1366 1414 1.0
1366 1415 1.0
1367 1368 1.0
1367 1415 1.0
1367 1416 1.0
1368 1369 1.0
1368 1416 1.0
1368 1417 1.0
1369 1370 1.0
1369 1417 1.0
1369 1418 1.0
1370 1371 1.0
1370 1418 1.0
1370 1419 1.0
1371 1372 1.0
1371 1419 1.0
1371 1420 1.0
1372 1373 1.0
1372 1420 1.0
1372 1421 1.0
1373 1374 1.0
1373 1421 1.0
1373 1422 1.0
1374 1375 1.0
1374 1422 1.0
1374 1423 1.0
1375 1376 1.0
1375 1423 1.0
1375 1424 1.0
1376 1377 1.0
1376 1424 1.0
1376 1425 1.0
1377 1378 1.0
1377 1425 1.0
1377 1426 1.0
1378 1379 1.0
1378 1426 1.0
1378 1427 1.0
1379 1380 1.0
1379 1427 1.0
1379 1428 1.0
1380 1381 1.0
1380 1428 1.0
1380 1429 1.0
1381 1382 1.0
1381 1429 1.0
1381 1430 1.0
1382 1383 1.0
1382 1430 1.0
1382 1431 1.0
1383 1384 1.0
1383 1431 1.0
1383 1432 1.0
1384 1385 1.0
1384 1432 1.0
1384 1433 1.0
1385 1386 1.0
1385 1433 1.0
1385 1434 1.0
1386 1387 1.0
1386 1434 1.0
1386 1435 1.0
1387 1388 1.0
1387 1435 1.0
1387 1436 1.0
1388 1389 1.0
1388 1436 1.0
1388 1437 1.0
1389 1390 1.0
1389 1437 1.0
1389 1438 1.0
1390 1391 1.0
1390 1438 1.0
1390 1439 1.0
1391 1344 1.0
1391 1439 1.0
1391 1392 1.0
1392 1393 1.0
1392 1440 1.0
1392 1441 1.0
1393 1394 1.0
1393 1441 1.0
1393 1442 1.0
1394 1395 1.0
1394 1442 1.0
1394 1443 1.0
1395 1396 1.0
1395 1443 1.0
1395 1444 1.0
1396 1397 1.0
1396 1444 1.0
1396 1445 1.0
1397 1398 1.0
1397 1445 1.0
1397 1446 1.0
1398 1399 1.0
1398 1446 1.0
1398 1447 1.0
1399 1400 1.0
1399 1447 1.0
1399 1448 1.0
1400 1401 1.0
1400 1448 1.0
1400 1449 1.0
1401 1402 1.0
1401 1449 1.0
1401 1450 1.0
1402 1403 1.0
1402 1450 1.0
1402 1451 1.0
1403 1404 1.0
1403 1451 1.0
1403 1452 1.0
1404 1405 1.0
1404 1452 1.0
1404 1453 1.0
1405 1406 1.0
1405 1453 1.0
1405 1454 1.0
1406 1407 1.0
1406 1454 1.0
1406 1455 1.0
1407 1408 1.0
1407 1455 1.0
1407 1456 1.0
1408 1409 1.0
1408 1456 1.0
1408 1457 1.0
1409 1410 1.0
1409 1457 1.0
1409 1458 1.0
1410 1411 1.0
1410 1458 1.0
1410 1459 1.0
1411 1412 1.0
1411 1459 1.0
1411 1460 1.0
1412 1413 1.0
1412 1460 1.0
1412 1461 1.0
1413 1414 1.0
1413 1461 1.0
1413 1462 1.0
1414 1415 1.0
1414 1462 1.0
1414 1463 1.0
1415 1416 1.0
1415 1463 1.0
1415 1464 1.0
1416 1417 1.0
1416 1464 1.0
1416 1465 1.0
1417 1418 1.0
1417 1465 1.0
1417 1466 1.0
1418 1419 1.0
1418 1466 1.0
1418 1467 1.0
1419 1420 1.0
1419 1467 1.0
1419 1468 1.0
1420 1421 1.0
1420 1468 1.0
1420 1469 1.0
1421 1422 1.0
1421 1469 1.0
1421 1470 1.0
1422 1423 1.0
1422 1470 1.0
1422 1471 1.0
1423 1424 1.0
1423 1471 1.0
1423 1472 1.0
1424 1425 1.0
1424 1472 1.0
1424 1473 1.0
1425 1426 1.0
1425 1473 1.0
1425 1474 1.0
1426 1427 1.0
1426 1474 1.0
1426 1475 1.0
1427 1428 1.0
1427 1475 1.0
1427 1476 1.0
1428 1429 1.0
1428 1476 1.0
1428 1477 1.0
1429 1430 1.0
1429 1477 1.0
1429 1478 1.0
1430 1431 1.0
1430 1478 1.0
1430 1479 1.0
1431 1432 1.0
1431 1479 1.0
1431 1480 1.0
1432 1433 1.0
1432 1480 1.0
1432 1481 1.0
1433 1434 1.0
1433 1481 1.0
1433 1482 1.0
1434 1435 1.0
1434 1482 1.0
1434 1483 1.0
1435 1436 1.0
1435 1483 1.0
1435 1484 1.0
1436 1437 1.0
1436 1484 1.0
1436 1485 1.0
1437 1438 1.0
1437 1485 1.0
1437 1486 1.0
1438 1439 1.0
1438 1486 1.0
1438 1487 1.0
1439 1392 1.0
1439 1487 1.0
1439 1440 1.0
1440 1441 1.0
1440 1488 1.0
1440 1489 1.0
1441 1442 1.0
1441 1489 1.0
1441 1490 1.0
1442 1443 1.0
1442 1490 1.0
1442 1491 1.0
1443 1444 1.0
1443 1491 1.0
1443 1492 1.0
1444 1445 1.0
1444 1492 1.0
1444 1493 1.0
1445 1446 1.0
1445 1493 1.0
1445 1494 1.0
1446 1447 1.0
1446 1494 1.0
1446 1495 1.0
1447 1448 1.0
1447 1495 1.0
1447 1496 1.0
1448 1449 1.0
1448 1496 1.0
1448 1497 1.0
1449 1450 1.0
1449 1497 1.0
1449 1498 1.0
1450 1451 1.0
1450 1498 1.0
1450 1499 1.0
1451 1452 1.0
1451 1499 1.0
1451 1500 1.0
1452 1453 1.0
1452 1500 1.0
1452 1501 1.0
1453 1454 1.0
1453 1501 1.0
1453 1502 1.0
1454 1455 1.0
1454 1502 1.0
1454 1503 1.0
1455 1456 1.0
1455 1503 1.0
1455 1504 1.0
1456 1457 1.0
1456 1504 1.0
1456 1505 1.0
1457 1458 1.0
1457 1505 1.0
1457 1506 1.0
1458 1459 1.0
1458 1506 1.0
1458 1507 1.0
1459 1460 1.0
1459 1507 1.0
1459 1508 1.0
1460 1461 1.0
1460 1508 1.0
1460 1509 1.0
1461 1462 1.0
1461 1509 1.0
1461 1510 1.0
1462 1463 1.0
1462 1510 1.0
1462 1511 1.0
1463 1464 1.0
1463 1511 1.0
1463 1512 1.0
1464 1465 1.0
1464 1512 1.0
1464 1513 1.0
1465 1466 1.0
1465 1513 1.0
1465 1514 1.0
1466 1467 1.0
1466 1514 1.0
1466 1515 1.0
1467 1468 1.0
1467 1515 1.0
1467 1516 1.0
1468 1469 1.0
1468 1516 1.0
1468 1517 1.0
1469 1470 1.0
1469 1517 1.0
1469 1518 1.0
1470 1471 1.0
1470 1518 1.0
1470 1519 1.0
1471 1472 1.0
1471 1519 1.0
1471 1520 1.0
1472 1473 1.0
1472 1520 1.0
1472 1521 1.0
1473 1474 1.0
1473 1521 1.0
1473 1522 1.0
1474 1475 1.0
1474 1522 1.0
1474 1523 1.0
1475 1476 1.0
1475 1523 1.0
1475 1524 1.0
1476 1477 1.0
1476 1524 1.0
1476 1525 1.0
1477 1478 1.0
1477 1525 1.0
1477 1526 1.0
1478 1479 1.0
1478 1526 1.0
1478 1527 1.0
1479 1480 1.0
1479 1527 1.0
1479 1528 1.0
1480 1481 1.0
1480 1528 1.0
1480 1529 1.0
1481 1482 1.0
1481 1529 1.0
1481 1530 1.0
1482 1483 1.0
1482 1530 1.0
1482 1531 1.0
1483 1484 1.0
1483 1531 1.0
1483 1532 1.0
1484 1485 1.0
1484 1532 1.0
1484 1533 1.0
1485 1486 1.0
1485 1533 1.0
1485 1534 1.0
1486 1487 1.0
1486 1534 1.0
1486 1535 1.0
1487 1440 1.0
1487 1535 1.0
1487 1488 1.0
1488 1489 1.0
1488 1536 1.0
1488 1537 1.0
1489 1490 1.0
1489 1537 1.0
1489 1538 1.0
1490 1491 1.0
1490 1538 1.0
1490 1539 1.0
1491 1492 1.0
1491 1539 1.0
1491 1540 1.0
1492 1493 1.0
1492 1540 1.0
1492 1541 1.0
1493 1494 1.0
1493 1541 1.0
1493 1542 1.0
1494 1495 1.0
1494 1542 1.0
1494 1543 1.0
1495 1496 1.0
1495 1543 1.0
1495 1544 1.0
1496 1497 1.0
1496 1544 1.0
1496 1545 1.0
1497 1498 1.0
1497 1545 1.0
1497 1546 1.0
1498 1499 1.0
1498 1546 1.0
1498 1547 1.0
1499 1500 1.0
1499 1547 1.0
1499 1548 1.0
1500 1501 1.0
1500 1548 1.0
1500 1549 1.0
1501 1502 1.0
1501 1549 1.0
1501 1550 1.0
1502 1503 1.0
1502 1550 1.0
1502 1551 1.0
1503 1504 1.0
1503 1551 1.0
1503 1552 1.0
1504 1505 1.0
1504 1552 1.0
1504 1553 1.0
1505 1506 1.0
1505 1553 1.0
1505 1554 1.0
1506 1507 1.0
1506 1554 1.0
1506 1555 1.0
1507 1508 1.0
1507 1555 1.0
1507 1556 1.0
1508 1509 1.0
1508 1556 1.0
1508 1557 1.0
1509 1510 1.0
1509 1557 1.0
1509 1558 1.0
1510 1511 1.0
1510 1558 1.0
1510 1559 1.0
1511 1512 1.0
1511 1559 1.0
1511 1560 1.0
1512 1513 1.0
1512 1560 1.0
1512 1561 1.0
1513 1514 1.0
1513 1561 1.0
1513 1562 1.0
1514 1515 1.0
1514 1562 1.0
1514 1563 1.0
1515 1516 1.0
1515 1563 1.0
1515 1564 1.0
1516 1517 1.0
1516 1564 1.0
1516 1565 1.0
1517 1518 1.0
1517 1565 1.0
1517 1566 1.0
1518 1519 1.0
1518 1566 1.0
1518 1567 1.0
1519 1520 1.0
1519 1567 1.0
1519 1568 1.0
1520 1521 1.0
1520 1568 1.0
1520 1569 1.0
1521 1522 1.0
1521 1569 1.0
1521 1570 1.0
1522 1523 1.0
1522 1570 1.0
1522 1571 1.0
1523 1524 1.0
1523 1571 1.0
1523 1572 1.0
1524 1525 1.0
1524 1572 1.0
1524 1573 1.0
1525 1526 1.0
1525 1573 1.0
1525 1574 1.0
1526 1527 1.0
1526 1574 1.0
1526 1575 1.0
1527 1528 1.0
1527 1575 1.0
1527 1576 1.0
1528 1529 1.0
1528 1576 1.0
1528 1577 1.0
1529 1530 1.0
1529 1577 1.0
1529 1578 1.0
1530 1531 1.0
1530 1578 1.0
1530 1579 1.0
1531 1532 1.0
1531 1579 1.0
1531 1580 1.0
1532 1533 1.0
1532 1580 1.0
1532 1581 1.0
1533 1534 1.0
1533 1581 1.0
1533 1582 1.0
1534 1535 1.0
1534 1582 1.0
1534 1583 1.0
1535 1488 1.0
1535 1583 1.0
1535 1536 1.0
1536 1537 1.0
1536 1584 1.0
1536 1585 1.0
1537 1538 1.0
1537 1585 1.0
1537 1586 1.0
1538 1539 1.0
1538 1586 1.0
1538 1587 1.0
1539 1540 1.0
1539 1587 1.0
1539 1588 1.0
1540 1541 1.0
1540 1588 1.0
1540 1589 1.0
1541 1542 1.0
1541 1589 1.0
1541 1590 1.0
1542 1543 1.0
1542 1590 1.0
1542 1591 1.0
1543 1544 1.0
1543 1591 1.0
1543 1592 1.0
1544 1545 1.0
1544 1592 1.0
1544 1593 1.0
1545 1546 1.0
1545 1593 1.0
1545 1594 1.0
1546 1547 1.0
1546 1594 1.0
1546 1595 1.0
1547 1548 1.0
1547 1595 1.0
1547 1596 1.0
1548 1549 1.0
1548 1596 1.0
1548 1597 1.0
1549 1550 1.0
1549 1597 1.0
1549 1598 1.0
1550 1551 1.0
1550 1598 1.0
1550 1599 1.0
1551 1552 1.0
1551 1599 1.0
1551 1600 1.0
1552 1553 1.0
1552 1600 1.0
1552 1601 1.0
1553 1554 1.0
1553 1601 1.0
1553 1602 1.0
1554 1555 1.0
1554 1602 1.0
1554 1603 1.0
1555 1556 1.0
1555 1603 1.0
1555 1604 1.0
1556 1557 1.0
1556 1604 1.0
1556 1605 1.0
1557 1558 1.0
1557 1605 1.0
1557 1606 1.0
1558 1559 1.0
1558 1606 1.0
1558 1607 1.0
1559 1560 1.0
1559 1607 1.0
1559 1608 1.0
1560 1561 1.0
1560 1608 1.0
1560 1609 1.0
1561 1562 1.0
1561 1609 1.0
1561 1610 1.0
1562 1563 1.0
1562 1610 1.0
1562 1611 1.0
1563 1564 1.0
1563 1611 1.0
1563 1612 1.0
1564 1565 1.0
1564 1612 1.0
1564 1613 1.0
1565 1566 1.0
1565 1613 1.0
1565 1614 1.0
1566 1567 1.0
1566 1614 1.0
1566 1615 1.0
1567 1568 1.0
1567 1615 1.0
1567 1616 1.0
1568 1569 1.0
1568 1616 1.0
1568 1617 1.0
1569 1570 1.0
1569 1617 1.0
1569 1618 1.0
1570 1571 1.0
1570 1618 1.0
1570 1619 1.0
1571 1572 1.0
1571 1619 1.0
1571 1620 1.0
1572 1573 1.0
1572 1620 1.0
1572 1621 1.0
1573 1574 1.0
1573 1621 1.0
1573 1622 1.0
1574 1575 1.0
1574 1622 1.0
1574 1623 1.0
1575 1576 1.0
1575 1623 1.0
1575 1624 1.0
1576 1577 1.0
1576 1624 1.0
1576 1625 1.0
1577 1578 1.0
1577 1625 1.0
1577 1626 1.0
1578 1579 1.0
1578 1626 1.0
1578 1627 1.0
1579 1580 1.0
1579 1627 1.0
1579 1628 1.0
1580 1581 1.0
1580 1628 1.0
1580 1629 1.0
1581 1582 1.0
1581 1629 1.0
1581 1630 1.0
1582 1583 1.0
1582 1630 1.0
1582 1631 1.0
1583 1536 1.0
1583 1631 1.0
1583 1584 1.0
1584 1585 1.0
1584 1632 1.0
1584 1633 1.0
1585 1586 1.0
1585 1633 1.0
1585 1634 1.0
1586 1587 1.0
1586 1634 1.0
1586 1635 1.0
1587 1588 1.0
1587 1635 1.0
1587 1636 1.0
1588 1589 1.0
1588 1636 1.0
1588 1637 1.0
1589 1590 1.0
1589 1637 1.0
1589 1638 1.0
1590 1591 1.0
1590 1638 1.0
1590 1639 1.0
1591 1592 1.0
1591 1639 1.0
1591 1640 1.0
1592 1593 1.0
1592 1640 1.0
1592 1641 1.0
1593 1594 1.0
1593 1641 1.0
1593 1642 1.0
1594 1595 1.0
1594 1642 1.0
1594 1643 1.0
1595 1596 1.0
1595 1643 1.0
1595 1644 1.0
1596 1597 1.0
1596 1644 1.0
1596 1645 1.0
1597 1598 1.0
1597 1645 1.0
1597 1646 1.0
1598 1599 1.0
1598 1646 1.0
1598 1647 1.0
1599 1600 1.0
1599 1647 1.0
1599 1648 1.0
1600 1601 1.0
1600 1648 1.0
1600 1649 1.0
1601 1602 1.0
1601 1649 1.0
1601 1650 1.0
1602 1603 1.0
1602 1650 1.0
1602 1651 1.0
1603 1604 1.0
1603 1651 1.0
1603 1652 1.0
1604 1605 1.0
1604 1652 1.0
1604 1653 1.0
1605 1606 1.0
1605 1653 1.0
1605 1654 1.0
1606 1607 1.0
1606 1654 1.0
1606 1655 1.0
1607 1608 1.0
1607 1655 1.0
1607 1656 1.0
1608 1609 1.0
1608 1656 1.0
1608 1657 1.0
1609 1610 1.0
1609 1657 1.0
1609 1658 1.0
1610 1611 1.0
1610 1658 1.0
1610 1659 1.0
1611 1612 1.0
1611 1659 1.0
1611 1660 1.0
1612 1613 1.0
1612 1660 1.0
1612 1661 1.0
1613 1614 1.0
1613 1661 1.0
1613 1662 1.0
1614 1615 1.0
1614 1662 1.0
1614 1663 1.0
1615 1616 1.0
1615 1663 1.0
1615 1664 1.0
1616 1617 1.0
1616 1664 1.0
1616 1665 1.0
1617 1618 1.0
1617 1665 1.0
1617 1666 1.0
1618 1619 1.0
1618 1666 1.0
1618 1667 1.0
1619 1620 1.0
1619 1667 1.0
1619 1668 1.0
1620 1621 1.0
1620 1668 1.0
1620 1669 1.0
1621 1622 1.0
1621 1669 1.0
1621 1670 1.0
1622 1623 1.0
1622 1670 1.0
1622 1671 1.0
1623 1624 1.0
1623 1671 1.0
1623 1672 1.0
1624 1625 1.0
1624 1672 1.0
1624 1673 1.0
1625 1626 1.0
1625 1673 1.0
1625 1674 1.0
1626 1627 1.0
1626 1674 1.0
1626 1675 1.0
1627 1628 1.0
1627 1675 1.0
1627 1676 1.0
1628 1629 1.0
1628 1676 1.0
1628 1677 1.0
1629 1630 1.0
1629 1677 1.0
1629 1678 1.0
1630 1631 1.0
1630 1678 1.0
1630 1679 1.0
1631 1584 1.0
1631 1679 1.0
1631 1632 1.0
1632 1633 1.0
1632 1680 1.0
1632 1681 1.0
1633 1634 1.0
1633 1681 1.0
1633 1682 1.0
1634 1635 1.0
1634 1682 1.0
1634 1683 1.0
1635 1636 1.0
1635 1683 1.0
1635 1684 1.0
1636 1637 1.0
1636 1684 1.0
1636 1685 1.0
1637 1638 1.0
1637 1685 1.0
1637 1686 1.0
1638 1639 1.0
1638 1686 1.0
1638 1687 1.0
1639 1640 1.0
1639 1687 1.0
1639 1688 1.0
1640 1641 1.0
1640 1688 1.0
1640 1689 1.0
1641 1642 1.0
1641 1689 1.0
1641 1690 1.0
1642 1643 1.0
1642 1690 1.0
1642 1691 1.0
1643 1644 1.0
1643 1691 1.0
1643 1692 1.0
1644 1645 1.0
1644 1692 1.0
1644 1693 1.0
1645 1646 1.0
1645 1693 1.0
1645 1694 1.0
1646 1647 1.0
1646 1694 1.0
1646 1695 1.0
1647 1648 1.0
1647 1695 1.0
1647 1696 1.0
1648 1649 1.0
1648 1696 1.0
1648 1697 1.0
1649 1650 1.0
1649 1697 1.0
1649 1698 1.0
1650 1651 1.0
1650 1698 1.0
1650 1699 1.0
1651 1652 1.0
1651 1699 1.0
1651 1700 1.0
1652 1653 1.0
1652 1700 1.0
1652 1701 1.0
1653 1654 1.0
1653 1701 1.0
1653 1702 1.0
1654 1655 1.0
1654 1702 1.0
1654 1703 1.0
1655 1656 1.0
1655 1703 1.0
1655 1704 1.0
1656 1657 1.0
1656 1704 1.0
1656 1705 1.0
1657 1658 1.0
1657 1705 1.0
1657 1706 1.0
1658 1659 1.0
1658 1706 1.0
1658 1707 1.0
1659 1660 1.0
1659 1707 1.0
1659 1708 1.0
1660 1661 1.0
1660 1708 1.0
1660 1709 1.0
1661 1662 1.0
1661 1709 1.0
1661 1710 1.0
1662 1663 1.0
1662 1710 1.0
1662 1711 1.0
1663 1664 1.0
1663 1711 1.0
1663 1712 1.0
1664 1665 1.0
1664 1712 1.0
1664 1713 1.0
1665 1666 1.0
1665 1713 1.0
1665 1714 1.0
1666 1667 1.0
1666 1714 1.0
1666 1715 1.0
1667 1668 1.0
1667 1715 1.0
1667 1716 1.0
1668 1669 1.0
1668 1716 1.0
1668 1717 1.0
1669 1670 1.0
1669 1717 1.0
1669 1718 1.0
1670 1671 1.0
1670 1718 1.0
1670 1719 1.0
1671 1672 1.0
1671 1719 1.0
1671 1720 1.0
1672 1673 1.0
1672 1720 1.0
1672 1721 1.0
1673 1674 1.0
1673 1721 1.0
1673 1722 1.0
1674 1675 1.0
1674 1722 1.0
1674 1723 1.0
1675 1676 1.0
1675 1723 1.0
1675 1724 1.0
1676 1677 1.0
1676 1724 1.0
1676 1725 1.0
1677 1678 1.0
1677 1725 1.0
1677 1726 1.0
1678 1679 1.0
1678 1726 1.0
1678 1727 1.0
1679 1632 1.0
1679 1727 1.0
1679 1680 1.0
1680 1681 1.0
1680 1728 1.0
1680 1729 1.0
1681 1682 1.0
1681 1729 1.0
1681 1730 1.0
1682 1683 1.0
1682 1730 1.0
1682 1731 1.0
1683 1684 1.0
1683 1731 1.0
1683 1732 1.0
1684 1685 1.0
1684 1732 1.0
1684 1733 1.0
1685 1686 1.0
1685 1733 1.0
1685 1734 1.0
1686 1687 1.0
1686 1734 1.0
1686 1735 1.0
1687 1688 1.0
1687 1735 1.0
1687 1736 1.0
1688 1689 1.0
1688 1736 1.0
1688 1737 1.0
1689 1690 1.0
1689 1737 1.0
1689 1738 1.0
1690 1691 1.0
1690 1738 1.0
1690 1739 1.0
1691 1692 1.0
1691 1739 1.0
1691 1740 1.0
1692 1693 1.0
1692 1740 1.0
1692 1741 1.0
1693 1694 1.0
1693 1741 1.0
1693 1742 1.0
1694 1695 1.0
1694 1742 1.0
1694 1743 1.0
1695 1696 1.0
1695 1743 1.0
1695 1744 1.0
1696 1697 1.0
1696 1744 1.0
1696 1745 1.0
1697 1698 1.0
1697 1745 1.0
1697 1746 1.0
1698 1699 1.0
1698 1746 1.0
1698 1747 1.0
1699 1700 1.0
1699 1747 1.0
1699 1748 1.0
1700 1701 1.0
1700 1748 1.0
1700 1749 1.0
1701 1702 1.0
1701 1749 1.0
1701 1750 1.0
1702 1703 1.0
1702 1750 1.0
1702 1751 1.0
1703 1704 1.0
1703 1751 1.0
1703 1752 1.0
1704 1705 1.0
1704 1752 1.0
1704 1753 1.0
1705 1706 1.0
1705 1753 1.0
1705 1754 1.0
1706 1707 1.0
1706 1754 1.0
1706 1755 1.0
1707 1708 1.0
1707 1755 1.0
1707 1756 1.0
1708 1709 1.0
1708 1756 1.0
1708 1757 1.0
1709 1710 1.0
1709 1757 1.0
1709 1758 1.0
1710 1711 1.0
1710 1758 1.0
1710 1759 1.0
1711 1712 1.0
1711 1759 1.0
1711 1760 1.0
1712 1713 1.0
1712 1760 1.0
1712 1761 1.0
1713 1714 1.0
1713 1761 1.0
1713 1762 1.0
1714 1715 1.0
1714 1762 1.0
1714 1763 1.0
1715 1716 1.0
1715 1763 1.0
1715 1764 1.0
1716 1717 1.0
1716 1764 1.0
1716 1765 1.0
1717 1718 1.0
1717 1765 1.0
1717 1766 1.0
1718 1719 1.0
1718 1766 1.0
1718 1767 1.0
1719 1720 1.0
1719 1767 1.0
1719 1768 1.0
1720 1721 1.0
1720 1768 1.0
1720 1769 1.0
1721 1722 1.0
1721 1769 1.0
1721 1770 1.0
1722 1723 1.0
1722 1770 1.0
1722 1771 1.0
1723 1724 1.0
1723 1771 1.0
1723 1772 1.0
1724 1725 1.0
1724 1772 1.0
1724 1773 1.0
1725 1726 1.0
1725 1773 1.0
1725 1774 1.0
1726 1727 1.0
1726 1774 1.0
1726 1775 1.0
1727 1680 1.0
1727 1775 1.0
1727 1728 1.0
1728 1729 1.0
1728 1776 1.0
1728 1777 1.0
1729 1730 1.0
1729 1777 1.0
1729 1778 1.0
1730 1731 1.0
1730 1778 1.0
1730 1779 1.0
1731 1732 1.0
1731 1779 1.0
1731 1780 1.0
1732 1733 1.0
1732 1780 1.0
1732 1781 1.0
1733 1734 1.0
1733 1781 1.0
1733 1782 1.0
1734 1735 1.0
1734 1782 1.0
1734 1783 1.0
1735 1736 1.0
1735 1783 1.0
1735 1784 1.0
1736 1737 1.0
1736 1784 1.0
1736 1785 1.0
1737 1738 1.0
1737 1785 1.0
1737 1786 1.0
1738 1739 1.0
1738 1786 1.0
1738 1787 1.0
1739 1740 1.0
1739 1787 1.0
1739 1788 1.0
1740 1741 1.0
1740 1788 1.0
1740 1789 1.0
1741 1742 1.0
1741 1789 1.0
1741 1790 1.0
1742 1743 1.0
1742 1790 1.0
1742 1791 1.0
1743 1744 1.0
1743 1791 1.0
1743 1792 1.0
1744 1745 1.0
1744 1792 1.0
1744 1793 1.0
1745 1746 1.0
1745 1793 1.0
1745 1794 1.0
1746 1747 1.0
1746 1794 1.0
1746 1795 1.0
1747 1748 1.0
1747 1795 1.0
1747 1796 1.0
1748 1749 1.0
1748 1796 1.0
1748 1797 1.0
1749 1750 1.0
1749 1797 1.0
1749 1798 1.0
1750 1751 1.0
1750 1798 1.0
1750 1799 1.0
1751 1752 1.0
1751 1799 1.0
1751 1800 1.0
1752 1753 1.0
1752 1800 1.0
1752 1801 1.0
1753 1754 1.0
1753 1801 1.0
1753 1802 1.0
1754 1755 1.0
1754 1802 1.0
1754 1803 1.0
1755 1756 1.0
1755 1803 1.0
1755 1804 1.0
1756 1757 1.0
1756 1804 1.0
1756 1805 1.0
1757 1758 1.0
1757 1805 1.0
1757 1806 1.0
1758 1759 1.0
1758 1806 1.0
1758 1807 1.0
1759 1760 1.0
1759 1807 1.0
1759 1808 1.0
1760 1761 1.0
1760 1808 1.0
1760 1809 1.0
1761 1762 1.0
1761 1809 1.0
1761 1810 1.0
1762 1763 1.0
1762 1810 1.0
1762 1811 1.0
1763 1764 1.0
1763 1811 1.0
1763 1812 1.0
1764 1765 1.0
1764 1812 1.0
1764 1813 1.0
1765 1766 1.0
1765 1813 1.0
1765 1814 1.0
1766 1767 1.0
1766 1814 1.0
1766 1815 1.0
1767 1768 1.0
1767 1815 1.0
1767 1816 1.0
1768 1769 1.0
1768 1816 1.0
1768 1817 1.0
1769 1770 1.0
1769 1817 1.0
1769 1818 1.0
1770 1771 1.0
1770 1818 1.0
1770 1819 1.0
1771 1772 1.0
1771 1819 1.0
1771 1820 1.0
1772 1773 1.0
1772 1820 1.0
1772 1821 1.0
1773 1774 1.0
1773 1821 1.0
1773 1822 1.0
1774 1775 1.0
1774 1822 1.0
1774 1823 1.0
1775 1728 1.0
1775 1823 1.0
1775 1776 1.0
1776 1777 1.0
1776 1824 1.0
1776 1825 1.0
1777 1778 1.0
1777 1825 1.0
1777 1826 1.0
1778 1779 1.0
1778 1826 1.0
1778 1827 1.0
1779 1780 1.0
1779 1827 1.0
1779 1828 1.0
1780 1781 1.0
1780 1828 1.0
1780 1829 1.0
1781 1782 1.0
1781 1829 1.0
1781 1830 1.0
1782 1783 1.0
1782 1830 1.0
1782 1831 1.0
1783 1784 1.0
1783 1831 1.0
1783 1832 1.0
1784 1785 1.0
1784 1832 1.0
1784 1833 1.0
1785 1786 1.0
1785 1833 1.0
1785 1834 1.0
1786 1787 1.0
1786 1834 1.0
1786 1835 1.0
1787 1788 1.0
1787 1835 1.0
1787 1836 1.0
1788 1789 1.0
1788 1836 1.0
1788 1837 1.0
1789 1790 1.0
1789 1837 1.0
1789 1838 1.0
1790 1791 1.0
1790 1838 1.0
1790 1839 1.0
1791 1792 1.0
1791 1839 1.0
1791 1840 1.0
1792 1793 1.0
1792 1840 1.0
1792 1841 1.0
1793 1794 1.0
1793 1841 1.0
1793 1842 1.0
1794 1795 1.0
1794 1842 1.0
1794 1843 1.0
1795 1796 1.0
1795 1843 1.0
1795 1844 1.0
1796 1797 1.0
1796 1844 1.0
1796 1845 1.0
1797 1798 1.0
1797 1845 1.0
1797 1846 1.0
1798 1799 1.0
1798 1846 1.0
1798 1847 1.0
1799 1800 1.0
1799 1847 1.0
1799 1848 1.0
1800 1801 1.0
1800 1848 1.0
1800 1849 1.0
1801 1802 1.0
1801 1849 1.0
1801 1850 1.0
1802 1803 1.0
1802 1850 1.0
1802 1851 1.0
1803 1804 1.0
1803 1851 1.0
1803 1852 1.0
1804 1805 1.0
1804 1852 1.0
1804 1853 1.0
1805 1806 1.0
1805 1853 1.0
1805 1854 1.0
1806 1807 1.0
1806 1854 1.0
1806 1855 1.0
1807 1808 1.0
1807 1855 1.0
1807 1856 1.0
1808 1809 1.0
1808 1856 1.0
1808 1857 1.0
1809 1810 1.0
1809 1857 1.0
1809 1858 1.0
1810 1811 1.0
1810 1858 1.0
1810 1859 1.0
1811 1812 1.0
1811 1859 1.0
1811 1860 1.0
1812 1813 1.0
1812 1860 1.0
1812 1861 1.0
1813 1814 1.0
1813 1861 1.0
1813 1862 1.0
1814 1815 1.0
1814 1862 1.0
1814 1863 1.0
1815 1816 1.0
1815 1863 1.0
1815 1864 1.0
1816 1817 1.0
1816 1864 1.0
1816 1865 1.0
1817 1818 1.0
1817 1865 1.0
1817 1866 1.0
1818 1819 1.0
1818 1866 1.0
1818 1867 1.0
1819 1820 1.0
1819 1867 1.0
1819 1868 1.0
1820 1821 1.0
1820 1868 1.0
1820 1869 1.0
1821 1822 1.0
1821 1869 1.0
1821 1870 1.0
1822 1823 1.0
1822 1870 1.0
1822 1871 1.0
1823 1776 1.0
1823 1871 1.0
1823 1824 1.0
1824 1825 1.0
1824 1872 1.0
1824 1873 1.0
1825 1826 1.0
1825 1873 1.0
1825 1874 1.0
1826 1827 1.0
1826 1874 1.0
1826 1875 1.0
1827 1828 1.0
1827 1875 1.0
1827 1876 1.0
1828 1829 1.0
1828 1876 1.0
1828 1877 1.0
1829 1830 1.0
1829 1877 1.0
1829 1878 1.0
1830 1831 1.0
1830 1878 1.0
1830 1879 1.0
1831 1832 1.0
1831 1879 1.0
1831 1880 1.0
1832 1833 1.0
1832 1880 1.0
1832 1881 1.0
1833 1834 1.0
1833 1881 1.0
1833 1882 1.0
1834 1835 1.0
1834 1882 1.0
1834 1883 1.0
1835 1836 1.0
1835 1883 1.0
1835 1884 1.0
1836 1837 1.0
1836 1884 1.0
1836 1885 1.0
1837 1838 1.0
1837 1885 1.0
1837 1886 1.0
1838 1839 1.0
1838 1886 1.0
1838 1887 1.0
1839 1840 1.0
1839 1887 1.0
1839 1888 1.0
1840 1841 1.0
1840 1888 1.0
1840 1889 1.0
1841 1842 1.0
1841 1889 1.0
1841 1890 1.0
1842 1843 1.0
1842 1890 1.0
1842 1891 1.0
1843 1844 1.0
1843 1891 1.0
1843 1892 1.0
1844 1845 1.0
1844 1892 1.0
1844 1893 1.0
1845 1846 1.0
1845 1893 1.0
1845 1894 1.0
1846 1847 1.0
1846 1894 1.0
1846 1895 1.0
1847 1848 1.0
1847 1895 1.0
1847 1896 1.0
1848 1849 1.0
1848 1896 1.0
1848 1897 1.0
1849 1850 1.0
1849 1897 1.0
1849 1898 1.0
1850 1851 1.0
1850 1898 1.0
1850 1899 1.0
1851 1852 1.0
1851 1899 1.0
1851 1900 1.0
1852 1853 1.0
1852 1900 1.0
1852 1901 1.0
1853 1854 1.0
1853 1901 1.0
1853 1902 1.0
1854 1855 1.0
1854 1902 1.0
1854 1903 1.0
1855 1856 1.0
1855 1903 1.0
1855 1904 1.0
1856 1857 1.0
1856 1904 1.0
1856 1905 1.0
1857 1858 1.0
1857 1905 1.0
1857 1906 1.0
1858 1859 1.0
1858 1906 1.0
1858 1907 1.0
1859 1860 1.0
1859 1907 1.0
1859 1908 1.0
1860 1861 1.0
1860 1908 1.0
1860 1909 1.0
1861 1862 1.0
1861 1909 1.0
1861 1910 1.0
1862 1863 1.0
1862 1910 1.0
1862 1911 1.0
1863 1864 1.0
1863 1911 1.0
1863 1912 1.0
1864 1865 1.0
1864 1912 1.0
1864 1913 1.0
1865 1866 1.0
1865 1913 1.0
1865 1914 1.0
1866 1867 1.0
1866 1914 1.0
1866 1915 1.0
1867 1868 1.0
1867 1915 1.0
1867 1916 1.0
1868 1869 1.0
1868 1916 1.0
1868 1917 1.0
1869 1870 1.0
1869 1917 1.0
1869 1918 1.0
1870 1871 1.0
1870 1918 1.0
1870 1919 1.0
1871 1824 1.0
1871 1919 1.0
1871 1872 1.0
1872 1873 1.0
1872 1920 1.0
1872 1921 1.0
1873 1874 1.0
1873 1921 1.0
1873 1922 1.0
1874 1875 1.0
1874 1922 1.0
1874 1923 1.0
1875 1876 1.0
1875 1923 1.0
1875 1924 1.0
1876 1877 1.0
1876 1924 1.0
1876 1925 1.0
1877 1878 1.0
1877 1925 1.0
1877 1926 1.0
1878 1879 1.0
1878 1926 1.0
1878 1927 1.0
1879 1880 1.0
1879 1927 1.0
1879 1928 1.0
1880 1881 1.0
1880 1928 1.0
1880 1929 1.0
1881 1882 1.0
1881 1929 1.0
1881 1930 1.0
1882 1883 1.0
1882 1930 1.0
1882 1931 1.0
1883 1884 1.0
1883 1931 1.0
1883 1932 1.0
1884 1885 1.0
1884 1932 1.0
1884 1933 1.0
1885 1886 1.0
1885 1933 1.0
1885 1934 1.0
1886 1887 1.0
1886 1934 1.0
1886 1935 1.0
1887 1888 1.0
1887 1935 1.0
1887 1936 1.0
1888 1889 1.0
1888 1936 1.0
1888 1937 1.0
1889 1890 1.0
1889 1937 1.0
1889 1938 1.0
1890 1891 1.0
1890 1938 1.0
1890 1939 1.0
1891 1892 1.0
1891 1939 1.0
1891 1940 1.0
1892 1893 1.0
1892 1940 1.0
1892 1941 1.0
1893 1894 1.0
1893 1941 1.0
1893 1942 1.0
1894 1895 1.0
1894 1942 1.0
1894 1943 1.0
1895 1896 1.0
1895 1943 1.0
1895 1944 1.0
1896 1897 1.0
1896 1944 1.0
1896 1945 1.0
1897 1898 1.0
1897 1945 1.0
1897 1946 1.0
1898 1899 1.0
1898 1946 1.0
1898 1947 1.0
1899 1900 1.0
1899 1947 1.0
1899 1948 1.0
1900 1901 1.0
1900 1948 1.0
1900 1949 1.0
1901 1902 1.0
1901 1949 1.0
1901 1950 1.0
1902 1903 1.0
1902 1950 1.0
1902 1951 1.0
1903 1904 1.0
1903 1951 1.0
1903 1952 1.0
1904 1905 1.0
1904 1952 1.0
1904 1953 1.0
1905 1906 1.0
1905 1953 1.0
1905 1954 1.0
1906 1907 1.0
1906 1954 1.0
1906 1955 1.0
1907 1908 1.0
1907 1955 1.0
1907 1956 1.0
1908 1909 1.0
1908 1956 1.0
1908 1957 1.0
1909 1910 1.0
1909 1957 1.0
1909 1958 1.0
1910 1911 1.0
1910 1958 1.0
1910 1959 1.0
1911 1912 1.0
1911 1959 1.0
1911 1960 1.0
1912 1913 1.0
1912 1960 1.0
1912 1961 1.0
1913 1914 1.0
1913 1961 1.0
1913 1962 1.0
1914 1915 1.0
1914 1962 1.0
1914 1963 1.0
1915 1916 1.0
1915 1963 1.0
1915 1964 1.0
1916 1917 1.0
1916 1964 1.0
1916 1965 1.0
1917 1918 1.0
1917 1965 1.0
1917 1966 1.0
1918 1919 1.0
1918 1966 1.0
1918 1967 1.0
1919 1872 1.0
1919 1967 1.0
1919 1920 1.0
1920 1921 1.0
1920 1968 1.0
1920 1969 1.0
1921 1922 1.0
1921 1969 1.0
1921 1970 1.0
1922 1923 1.0
1922 1970 1.0
1922 1971 1.0
1923 1924 1.0
1923 1971 1.0
1923 1972 1.0
1924 1925 1.0
1924 1972 1.0
1924 1973 1.0
1925 1926 1.0
1925 1973 1.0
1925 1974 1.0
1926 1927 1.0
1926 1974 1.0
1926 1975 1.0
1927 1928 1.0
1927 1975 1.0
1927 1976 1.0
1928 1929 1.0
1928 1976 1.0
1928 1977 1.0
1929 1930 1.0
1929 1977 1.0
1929 1978 1.0
1930 1931 1.0
1930 1978 1.0
1930 1979 1.0
1931 1932 1.0
1931 1979 1.0
1931 1980 1.0
1932 1933 1.0
1932 1980 1.0
1932 1981 1.0
1933 1934 1.0
1933 1981 1.0
1933 1982 1.0
1934 1935 1.0
1934 1982 1.0
1934 1983 1.0
1935 1936 1.0
1935 1983 1.0
1935 1984 1.0
1936 1937 1.0
1936 1984 1.0
1936 1985 1.0
1937 1938 1.0
1937 1985 1.0
1937 1986 1.0
1938 1939 1.0
1938 1986 1.0
1938 1987 1.0
1939 1940 1.0
1939 1987 1.0
1939 1988 1.0
1940 1941 1.0
1940 1988 1.0
1940 1989 1.0
1941 1942 1.0
1941 1989 1.0
1941 1990 1.0
1942 1943 1.0
1942 1990 1.0
1942 1991 1.0
1943 1944 1.0
1943 1991 1.0
1943 1992 1.0
1944 1945 1.0
1944 1992 1.0
1944 1993 1.0
1945 1946 1.0
1945 1993 1.0
1945 1994 1.0
1946 1947 1.0
1946 1994 1.0
1946 1995 1.0
1947 1948 1.0
1947 1995 1.0
1947 1996 1.0
1948 1949 1.0
1948 1996 1.0
1948 1997 1.0
1949 1950 1.0
1949 1997 1.0
1949 1998 1.0
1950 1951 1.0
1950 1998 1.0
1950 1999 1.0
1951 1952 1.0
1951 1999 1.0
1951 2000 1.0
1952 1953 1.0
1952 2000 1.0
1952 2001 1.0
1953 1954 1.0
1953 2001 1.0
1953 2002 1.0
1954 1955 1.0
1954 2002 1.0
1954 2003 1.0
1955 1956 1.0
1955 2003 1.0
1955 2004 1.0
1956 1957 1.0
1956 2004 1.0
1956 2005 1.0
1957 1958 1.0
1957 2005 1.0
1957 2006 1.0
1958 1959 1.0
1958 2006 1.0
1958 2007 1.0
1959 1960 1.0
1959 2007 1.0
1959 2008 1.0
1960 1961 1.0
1960 2008 1.0
1960 2009 1.0
1961 1962 1.0
1961 2009 1.0
1961 2010 1.0
1962 1963 1.0
1962 2010 1.0
1962 2011 1.0
1963 1964 1.0
1963 2011 1.0
1963 2012 1.0
1964 1965 1.0
1964 2012 1.0
1964 2013 1.0
1965 1966 1.0
1965 2013 1.0
1965 2014 1.0
1966 1967 1.0
1966 2014 1.0
1966 2015 1.0
1967 1920 1.0
1967 2015 1.0
1967 1968 1.0
1968 1969 1.0
1968 2016 1.0
1968 2017 1.0
1969 1970 1.0
1969 2017 1.0
1969 2018 1.0
1970 1971 1.0
1970 2018 1.0
1970 2019 1.0
1971 1972 1.0
1971 2019 1.0
1971 2020 1.0
1972 1973 1.0
1972 2020 1.0
1972 2021 1.0
1973 1974 1.0
1973 2021 1.0
1973 2022 1.0
1974 1975 1.0
1974 2022 1.0
1974 2023 1.0
1975 1976 1.0
1975 2023 1.0
1975 2024 1.0
1976 1977 1.0
1976 2024 1.0
1976 2025 1.0
1977 1978 1.0
1977 2025 1.0
1977 2026 1.0
1978 1979 1.0
1978 2026 1.0
1978 2027 1.0
1979 1980 1.0
1979 2027 1.0
1979 2028 1.0
1980 1981 1.0
1980 2028 1.0
1980 2029 1.0
1981 1982 1.0
1981 2029 1.0
1981 2030 1.0
1982 1983 1.0
1982 2030 1.0
1982 2031 1.0
1983 1984 1.0
1983 2031 1.0
1983 2032 1.0
1984 1985 1.0
1984 2032 1.0
1984 2033 1.0
1985 1986 1.0
1985 2033 1.0
1985 2034 1.0
1986 1987 1.0
1986 2034 1.0
1986 2035 1.0
1987 1988 1.0
1987 2035 1.0
1987 2036 1.0
1988 1989 1.0
1988 2036 1.0
1988 2037 1.0
1989 1990 1.0
1989 2037 1.0
1989 2038 1.0
1990 1991 1.0
1990 2038 1.0
1990 2039 1.0
1991 1992 1.0
1991 2039 1.0
1991 2040 1.0
1992 1993 1.0
1992 2040 1.0
1992 2041 1.0
1993 1994 1.0
1993 2041 1.0
1993 2042 1.0
1994 1995 1.0
1994 2042 1.0
1994 2043 1.0
1995 1996 1.0
1995 2043 1.0
1995 2044 1.0
1996 1997 1.0
1996 2044 1.0
1996 2045 1.0
1997 1998 1.0
1997 2045 1.0
1997 2046 1.0
1998 1999 1.0
1998 2046 1.0
1998 2047 1.0
1999 2000 1.0
1999 2047 1.0
1999 2048 1.0
2000 2001 1.0
2000 2048 1.0
2000 2049 1.0
2001 2002 1.0
2001 2049 1.0
2001 2050 1.0
2002 2003 1.0
2002 2050 1.0
2002 2051 1.0
2003 2004 1.0
2003 2051 1.0
2003 2052 1.0
2004 2005 1.0
2004 2052 1.0
2004 2053 1.0
2005 2006 1.0
2005 2053 1.0
2005 2054 1.0
2006 2007 1.0
2006 2054 1.0
2006 2055 1.0
2007 2008 1.0
2007 2055 1.0
2007 2056 1.0
2008 2009 1.0
2008 2056 1.0
2008 2057 1.0
2009 2010 1.0
2009 2057 1.0
2009 2058 1.0
2010 2011 1.0
2010 2058 1.0
2010 2059 1.0
2011 2012 1.0
2011 2059 1.0
2011 2060 1.0
2012 2013 1.0
2012 2060 1.0
2012 2061 1.0
2013 2014 1.0
2013 2061 1.0
2013 2062 1.0
2014 2015 1.0
2014 2062 1.0
2014 2063 1.0
2015 1968 1.0
2015 2063 1.0
2015 2016 1.0
2016 2017 1.0
2016 2064 1.0
2016 2065 1.0
2017 2018 1.0
2017 2065 1.0
2017 2066 1.0
2018 2019 1.0
2018 2066 1.0
2018 2067 1.0
2019 2020 1.0
2019 2067 1.0
2019 2068 1.0
2020 2021 1.0
2020 2068 1.0
2020 2069 1.0
2021 2022 1.0
2021 2069 1.0
2021 2070 1.0
2022 2023 1.0
2022 2070 1.0
2022 2071 1.0
2023 2024 1.0
2023 2071 1.0
2023 2072 1.0
2024 2025 1.0
2024 2072 1.0
2024 2073 1.0
2025 2026 1.0
2025 2073 1.0
2025 2074 1.0
2026 2027 1.0
2026 2074 1.0
2026 2075 1.0
2027 2028 1.0
2027 2075 1.0
2027 2076 1.0
2028 2029 1.0
2028 2076 1.0
2028 2077 1.0
2029 2030 1.0
2029 2077 1.0
2029 2078 1.0
2030 2031 1.0
2030 2078 1.0
2030 2079 1.0
2031 2032 1.0
2031 2079 1.0
2031 2080 1.0
2032 2033 1.0
2032 2080 1.0
2032 2081 1.0
2033 2034 1.0
2033 2081 1.0
2033 2082 1.0
2034 2035 1.0
2034 2082 1.0
2034 2083 1.0
2035 2036 1.0
2035 2083 1.0
2035 2084 1.0
2036 2037 1.0
2036 2084 1.0
2036 2085 1.0
2037 2038 1.0
2037 2085 1.0
2037 2086 1.0
2038 2039 1.0
2038 2086 1.0
2038 2087 1.0
2039 2040 1.0
2039 2087 1.0
2039 2088 1.0
2040 2041 1.0
2040 2088 1.0
2040 2089 1.0
2041 2042 1.0
2041 2089 1.0
2041 2090 1.0
2042 2043 1.0
2042 2090 1.0
2042 2091 1.0
2043 2044 1.0
2043 2091 1.0
2043 2092 1.0
2044 2045 1.0
2044 2092 1.0
2044 2093 1.0
2045 2046 1.0
2045 2093 1.0
2045 2094 1.0
2046 2047 1.0
2046 2094 1.0
2046 2095 1.0
2047 2048 1.0
2047 2095 1.0
2047 2096 1.0
2048 2049 1.0
2048 2096 1.0
2048 2097 1.0
2049 2050 1.0
2049 2097 1.0
2049 2098 1.0
2050 2051 1.0
2050 2098 1.0
2050 2099 1.0
2051 2052 1.0
2051 2099 1.0
2051 2100 1.0
2052 2053 1.0
2052 2100 1.0
2052 2101 1.0
2053 2054 1.0
2053 2101 1.0
2053 2102 1.0
2054 2055 1.0
2054 2102 1.0
2054 2103 1.0
2055 2056 1.0
2055 2103 1.0
2055 2104 1.0
2056 2057 1.0
2056 2104 1.0
2056 2105 1.0
2057 2058 1.0
2057 2105 1.0
2057 2106 1.0
2058 2059 1.0
2058 2106 1.0
2058 2107 1.0
2059 2060 1.0
2059 2107 1.0
2059 2108 1.0
2060 2061 1.0
2060 2108 1.0
2060 2109 1.0
2061 2062 1.0
2061 2109 1.0
2061 2110 1.0
2062 2063 1.0
2062 2110 1.0
2062 2111 1.0
2063 2016 1.0
2063 2111 1.0
2063 2064 1.0
2064 2065 1.0
2064 2112 1.0
2064 2113 1.0
2065 2066 1.0
2065 2113 1.0
2065 2114 1.0
2066 2067 1.0
2066 2114 1.0
2066 2115 1.0
2067 2068 1.0
2067 2115 1.0
2067 2116 1.0
2068 2069 1.0
2068 2116 1.0
2068 2117 1.0
2069 2070 1.0
2069 2117 1.0
2069 2118 1.0
2070 2071 1.0
2070 2118 1.0
2070 2119 1.0
2071 2072 1.0
2071 2119 1.0
2071 2120 1.0
2072 2073 1.0
2072 2120 1.0
2072 2121 1.0
2073 2074 1.0
2073 2121 1.0
2073 2122 1.0
2074 2075 1.0
2074 2122 1.0
2074 2123 1.0
2075 2076 1.0
2075 2123 1.0
2075 2124 1.0
2076 2077 1.0
2076 2124 1.0
2076 2125 1.0
2077 2078 1.0
2077 2125 1.0
2077 2126 1.0
2078 2079 1.0
2078 2126 1.0
2078 2127 1.0
2079 2080 1.0
2079 2127 1.0
2079 2128 1.0
2080 2081 1.0
2080 2128 1.0
2080 2129 1.0
2081 2082 1.0
2081 2129 1.0
2081 2130 1.0
2082 2083 1.0
2082 2130 1.0
2082 2131 1.0
2083 2084 1.0
2083 2131 1.0
2083 2132 1.0
2084 2085 1.0
2084 2132 1.0
2084 2133 1.0
2085 2086 1.0
2085 2133 1.0
2085 2134 1.0
2086 2087 1.0
2086 2134 1.0
2086 2135 1.0
2087 2088 1.0
2087 2135 1.0
2087 2136 1.0
2088 2089 1.0
2088 2136 1.0
2088 2137 1.0
2089 2090 1.0
2089 2137 1.0
2089 2138 1.0
2090 2091 1.0
2090 2138 1.0
2090 2139 1.0
2091 2092 1.0
2091 2139 1.0
2091 2140 1.0
2092 2093 1.0
2092 2140 1.0
2092 2141 1.0
2093 2094 1.0
2093 2141 1.0
2093 2142 1.0
2094 2095 1.0
2094 2142 1.0
2094 2143 1.0
2095 2096 1.0
2095 2143 1.0
2095 2144 1.0
2096 2097 1.0
2096 2144 1.0
2096 2145 1.0
2097 2098 1.0
2097 2145 1.0
2097 2146 1.0
2098 2099 1.0
2098 2146 1.0
2098 2147 1.0
2099 2100 1.0
2099 2147 1.0
2099 2148 1.0
2100 2101 1.0
2100 2148 1.0
2100 2149 1.0
2101 2102 1.0
2101 2149 1.0
2101 2150 1.0
2102 2103 1.0
2102 2150 1.0
2102 2151 1.0
2103 2104 1.0
2103 2151 1.0
2103 2152 1.0
2104 2105 1.0
2104 2152 1.0
2104 2153 1.0
2105 2106 1.0
2105 2153 1.0
2105 2154 1.0
2106 2107 1.0
2106 2154 1.0
2106 2155 1.0
2107 2108 1.0
2107 2155 1.0
2107 2156 1.0
2108 2109 1.0
2108 2156 1.0
2108 2157 1.0
2109 2110 1.0
2109 2157 1.0
2109 2158 1.0
2110 2111 1.0
2110 2158 1.0
2110 2159 1.0
2111 2064 1.0
2111 2159 1.0
2111 2112 1.0
2112 2113 1.0
2112 2160 1.0
2112 2161 1.0
2113 2114 1.0
2113 2161 1.0
2113 2162 1.0
2114 2115 1.0
2114 2162 1.0
2114 2163 1.0
2115 2116 1.0
2115 2163 1.0
2115 2164 1.0
2116 2117 1.0
2116 2164 1.0
2116 2165 1.0
2117 2118 1.0
2117 2165 1.0
2117 2166 1.0
2118 2119 1.0
2118 2166 1.0
2118 2167 1.0
2119 2120 1.0
2119 2167 1.0
2119 2168 1.0
2120 2121 1.0
2120 2168 1.0
2120 2169 1.0
2121 2122 1.0
2121 2169 1.0
2121 2170 1.0
2122 2123 1.0
2122 2170 1.0
2122 2171 1.0
2123 2124 1.0
2123 2171 1.0
2123 2172 1.0
2124 2125 1.0
2124 2172 1.0
2124 2173 1.0
2125 2126 1.0
2125 2173 1.0
2125 2174 1.0
2126 2127 1.0
2126 2174 1.0
2126 2175 1.0
2127 2128 1.0
2127 2175 1.0
2127 2176 1.0
2128 2129 1.0
2128 2176 1.0
2128 2177 1.0
2129 2130 1.0
2129 2177 1.0
2129 2178 1.0
2130 2131 1.0
2130 2178 1.0
2130 2179 1.0
2131 2132 1.0
2131 2179 1.0
2131 2180 1.0
2132 2133 1.0
2132 2180 1.0
2132 2181 1.0
2133 2134 1.0
2133 2181 1.0
2133 2182 1.0
2134 2135 1.0
2134 2182 1.0
2134 2183 1.0
2135 2136 1.0
2135 2183 1.0
2135 2184 1.0
2136 2137 1.0
2136 2184 1.0
2136 2185 1.0
2137 2138 1.0
2137 2185 1.0
2137 2186 1.0
2138 2139 1.0
2138 2186 1.0
2138 2187 1.0
2139 2140 1.0
2139 2187 1.0
2139 2188 1.0
2140 2141 1.0
2140 2188 1.0
2140 2189 1.0
2141 2142 1.0
2141 2189 1.0
2141 2190 1.0
2142 2143 1.0
2142 2190 1.0
2142 2191 1.0
2143 2144 1.0
2143 2191 1.0
2143 2192 1.0
2144 2145 1.0
2144 2192 1.0
2144 2193 1.0
2145 2146 1.0
2145 2193 1.0
2145 2194 1.0
2146 2147 1.0
2146 2194 1.0
2146 2195 1.0
2147 2148 1.0
2147 2195 1.0
2147 2196 1.0
2148 2149 1.0
2148 2196 1.0
2148 2197 1.0
2149 2150 1.0
2149 2197 1.0
2149 2198 1.0
2150 2151 1.0
2150 2198 1.0
2150 2199 1.0
2151 2152 1.0
2151 2199 1.0
2151 2200 1.0
2152 2153 1.0
2152 2200 1.0
2152 2201 1.0
2153 2154 1.0
2153 2201 1.0
2153 2202 1.0
2154 2155 1.0
2154 2202 1.0
2154 2203 1.0
2155 2156 1.0
2155 2203 1.0
2155 2204 1.0
2156 2157 1.0
2156 2204 1.0
2156 2205 1.0
2157 2158 1.0
2157 2205 1.0
2157 2206 1.0
2158 2159 1.0
2158 2206 1.0
2158 2207 1.0
2159 2112 1.0
2159 2207 1.0
2159 2160 1.0
2160 2161 1.0
2160 2208 1.0
2160 2209 1.0
2161 2162 1.0
2161 2209 1.0
2161 2210 1.0
2162 2163 1.0
2162 2210 1.0
2162 2211 1.0
2163 2164 1.0
2163 2211 1.0
2163 2212 1.0
2164 2165 1.0
2164 2212 1.0
2164 2213 1.0
2165 2166 1.0
2165 2213 1.0
2165 2214 1.0
2166 2167 1.0
2166 2214 1.0
2166 2215 1.0
2167 2168 1.0
2167 2215 1.0
2167 2216 1.0
2168 2169 1.0
2168 2216 1.0
2168 2217 1.0
2169 2170 1.0
2169 2217 1.0
2169 2218 1.0
2170 2171 1.0
2170 2218 1.0
2170 2219 1.0
2171 2172 1.0
2171 2219 1.0
2171 2220 1.0
2172 2173 1.0
2172 2220 1.0
2172 2221 1.0
2173 2174 1.0
2173 2221 1.0
2173 2222 1.0
2174 2175 1.0
2174 2222 1.0
2174 2223 1.0
2175 2176 1.0
2175 2223 1.0
2175 2224 1.0
2176 2177 1.0
2176 2224 1.0
2176 2225 1.0
2177 2178 1.0
2177 2225 1.0
2177 2226 1.0
2178 2179 1.0
2178 2226 1.0
2178 2227 1.0
2179 2180 1.0
2179 2227 1.0
2179 2228 1.0
2180 2181 1.0
2180 2228 1.0
2180 2229 1.0
2181 2182 1.0
2181 2229 1.0
2181 2230 1.0
2182 2183 1.0
2182 2230 1.0
2182 2231 1.0
2183 2184 1.0
2183 2231 1.0
2183 2232 1.0
2184 2185 1.0
2184 2232 1.0
2184 2233 1.0
2185 2186 1.0
2185 2233 1.0
2185 2234 1.0
2186 2187 1.0
2186 2234 1.0
2186 2235 1.0
2187 2188 1.0
2187 2235 1.0
2187 2236 1.0
2188 2189 1.0
2188 2236 1.0
2188 2237 1.0
2189 2190 1.0
2189 2237 1.0
2189 2238 1.0
2190 2191 1.0
2190 2238 1.0
2190 2239 1.0
2191 2192 1.0
2191 2239 1.0
2191 2240 1.0
2192 2193 1.0
2192 2240 1.0
2192 2241 1.0
2193 2194 1.0
2193 2241 1.0
2193 2242 1.0
2194 2195 1.0
2194 2242 1.0
2194 2243 1.0
2195 2196 1.0
2195 2243 1.0
2195 2244 1.0
2196 2197 1.0
2196 2244 1.0
2196 2245 1.0
2197 2198 1.0
2197 2245 1.0
2197 2246 1.0
2198 2199 1.0
2198 2246 1.0
2198 2247 1.0
2199 2200 1.0
2199 2247 1.0
2199 2248 1.0
2200 2201 1.0
2200 2248 1.0
2200 2249 1.0
2201 2202 1.0
2201 2249 1.0
2201 2250 1.0
2202 2203 1.0
2202 2250 1.0
2202 2251 1.0
2203 2204 1.0
2203 2251 1.0
2203 2252 1.0
2204 2205 1.0
2204 2252 1.0
2204 2253 1.0
2205 2206 1.0
2205 2253 1.0
2205 2254 1.0
2206 2207 1.0
2206 2254 1.0
2206 2255 1.0
2207 2160 1.0
2207 2255 1.0
2207 2208 1.0
2208 2209 1.0
2208 2256 1.0
2208 2257 1.0
2209 2210 1.0
2209 2257 1.0
2209 2258 1.0
2210 2211 1.0
2210 2258 1.0
2210 2259 1.0
2211 2212 1.0
2211 2259 1.0
2211 2260 1.0
2212 2213 1.0
2212 2260 1.0
2212 2261 1.0
2213 2214 1.0
2213 2261 1.0
2213 2262 1.0
2214 2215 1.0
2214 2262 1.0
2214 2263 1.0
2215 2216 1.0
2215 2263 1.0
2215 2264 1.0
2216 2217 1.0
2216 2264 1.0
2216 2265 1.0
2217 2218 1.0
2217 2265 1.0
2217 2266 1.0
2218 2219 1.0
2218 2266 1.0
2218 2267 1.0
2219 2220 1.0
2219 2267 1.0
2219 2268 1.0
2220 2221 1.0
2220 2268 1.0
2220 2269 1.0
2221 2222 1.0
2221 2269 1.0
2221 2270 1.0
2222 2223 1.0
2222 2270 1.0
2222 2271 1.0
2223 2224 1.0
2223 2271 1.0
2223 2272 1.0
2224 2225 1.0
2224 2272 1.0
2224 2273 1.0
2225 2226 1.0
2225 2273 1.0
2225 2274 1.0
2226 2227 1.0
2226 2274 1.0
2226 2275 1.0
2227 2228 1.0
2227 2275 1.0
2227 2276 1.0
2228 2229 1.0
2228 2276 1.0
2228 2277 1.0
2229 2230 1.0
2229 2277 1.0
2229 2278 1.0
2230 2231 1.0
2230 2278 1.0
2230 2279 1.0
2231 2232 1.0
2231 2279 1.0
2231 2280 1.0
2232 2233 1.0
2232 2280 1.0
2232 2281 1.0
2233 2234 1.0
2233 2281 1.0
2233 2282 1.0
2234 2235 1.0
2234 2282 1.0
2234 2283 1.0
2235 2236 1.0
2235 2283 1.0
2235 2284 1.0
2236 2237 1.0
2236 2284 1.0
2236 2285 1.0
2237 2238 1.0
2237 2285 1.0
2237 2286 1.0
2238 2239 1.0
2238 2286 1.0
2238 2287 1.0
2239 2240 1.0
2239 2287 1.0
2239 2288 1.0
2240 2241 1.0
2240 2288 1.0
2240 2289 1.0
2241 2242 1.0
2241 2289 1.0
2241 2290 1.0
2242 2243 1.0
2242 2290 1.0
2242 2291 1.0
2243 2244 1.0
2243 2291 1.0
2243 2292 1.0
2244 2245 1.0
2244 2292 1.0
2244 2293 1.0
2245 2246 1.0
2245 2293 1.0
2245 2294 1.0
2246 2247 1.0
2246 2294 1.0
2246 2295 1.0
2247 2248 1.0
2247 2295 1.0
2247 2296 1.0
2248 2249 1.0
2248 2296 1.0
2248 2297 1.0
2249 2250 1.0
2249 2297 1.0
2249 2298 1.0
2250 2251 1.0
2250 2298 1.0
2250 2299 1.0
2251 2252 1.0
2251 2299 1.0
2251 2300 1.0
2252 2253 1.0
2252 2300 1.0
2252 2301 1.0
2253 2254 1.0
2253 2301 1.0
2253 2302 1.0
2254 2255 1.0
2254 2302 1.0
2254 2303 1.0
2255 2208 1.0
2255 2303 1.0
2255 2256 1.0
2256 2257 1.0
2256 0 1.0
2256 1 1.0
2257 2258 1.0
2257 1 1.0
2257 2 1.0
2258 2259 1.0
2258 2 1.0
2258 3 1.0
2259 2260 1.0
2259 3 1.0
2259 4 1.0
2260 2261 1.0
2260 4 1.0
2260 5 1.0
2261 2262 1.0
2261 5 1.0
2261 6 1.0
2262 2263 1.0
2262 6 1.0
2262 7 1.0
2263 2264 1.0
2263 7 1.0
2263 8 1.0
2264 2265 1.0
2264 8 1.0
2264 9 1.0
2265 2266 1.0
2265 9 1.0
2265 10 1.0
2266 2267 1.0
2266 10 1.0
2266 11 1.0
2267 2268 1.0
2267 11 1.0
2267 12 1.0
2268 2269 1.0
2268 12 1.0
2268 13 1.0
2269 2270 1.0
2269 13 1.0
2269 14 1.0
2270 2271 1.0
2270 14 1.0
2270 15 1.0
2271 2272 1.0
2271 15 1.0
2271 16 1.0
2272 2273 1.0
2272 16 1.0
2272 17 1.0
2273 2274 1.0
2273 17 1.0
2273 18 1.0
2274 2275 1.0
2274 18 1.0
2274 19 1.0
2275 2276 1.0
2275 19 1.0
2275 20 1.0
2276 2277 1.0
2276 20 1.0
2276 21 1.0
2277 2278 1.0
2277 21 1.0
2277 22 1.0
2278 2279 1.0
2278 22 1.0
2278 23 1.0
2279 2280 1.0
2279 23 1.0
2279 24 1.0
2280 2281 1.0
2280 24 1.0
2280 25 1.0
2281 2282 1.0
2281 25 1.0
2281 26 1.0
2282 2283 1.0
2282 26 1.0
2282 27 1.0
2283 2284 1.0
2283 27 1.0
2283 28 1.0
2284 2285 1.0
2284 28 1.0
2284 29 1.0
2285 2286 1.0
2285 29 1.0
2285 30 1.0
2286 2287 1.0
2286 30 1.0
2286 31 1.0
2287 2288 1.0
2287 31 1.0
2287 32 1.0
2288 2289 1.0
2288 32 1.0
2288 33 1.0
2289 2290 1.0
2289 33 1.0
2289 34 1.0
2290 2291 1.0
2290 34 1.0
2290 35 1.0
2291 2292 1.0
2291 35 1.0
2291 36 1.0
2292 2293 1.0
2292 36 1.0
2292 37 1.0
2293 2294 1.0
2293 37 1.0
2293 38 1.0
2294 2295 1.0
2294 38 1.0
2294 39 1.0
2295 2296 1.0
2295 39 1.0
2295 40 1.0
2296 2297 1.0
2296 40 1.0
2296 41 1.0
2297 2298 1.0
2297 41 1.0
2297 42 1.0
2298 2299 1.0
2298 42 1.0
2298 43 1.0
2299 2300 1.0
2299 43 1.0
2299 44 1.0
2300 2301 1.0
2300 44 1.0
2300 45 1.0
2301 2302 1.0
2301 45 1.0
2301 46 1.0
2302 2303 1.0
2302 46 1.0
2302 47 1.0
2303 2256 1.0
2303 47 1.0
2303 0 1.0
