0 1 1.0
0 39 1.0
0 40 1.0
1 2 1.0
1 40 1.0
1 41 1.0
2 3 1.0
2 41 1.0
2 42 1.0
3 4 1.0
3 42 1.0
3 43 1.0
4 5 1.0
4 43 1.0
4 44 1.0
5 6 1.0
5 44 1.0
5 45 1.0
6 7 1.0
6 45 1.0
6 46 1.0
7 8 1.0
7 46 1.0
7 47 1.0
8 9 1.0
8 47 1.0
8 48 1.0
9 10 1.0
9 48 1.0
9 49 1.0
10 11 1.0
10 49 1.0
10 50 1.0
11 12 1.0
11 50 1.0
11 51 1.0
12 13 1.0
12 51 1.0
12 52 1.0
13 14 1.0
13 52 1.0
13 53 1.0
14 15 1.0
14 53 1.0
14 54 1.0
15 16 1.0
15 54 1.0
15 55 1.0
16 17 1.0
16 55 1.0
16 56 1.0
17 18 1.0
17 56 1.0
17 57 1.0
18 19 1.0
18 57 1.0
18 58 1.0
19 20 1.0
19 58 1.0
19 59 1.0
20 21 1.0
20 59 1.0
20 60 1.0
21 22 1.0
21 60 1.0
21 61 1.0
22 23 1.0
22 61 1.0
22 62 1.0
23 24 1.0
23 62 1.0
23 63 1.0
24 25 1.0
24 63 1.0
24 64 1.0
25 26 1.0
25 64 1.0
25 65 1.0
26 27 1.0
26 65 1.0
26 66 1.0
27 28 1.0
27 66 1.0
27 67 1.0
28 29 1.0
28 67 1.0
28 68 1.0
29 30 1.0
29 68 1.0
29 69 1.0
30 31 1.0
30 69 1.0
30 70 1.0
31 32 1.0
31 70 1.0
31 71 1.0
32 33 1.0
32 71 1.0
32 72 1.0
33 34 1.0
33 72 1.0
33 73 1.0
34 35 1.0
34 73 1.0
34 74 1.0
35 36 1.0
35 74 1.0
35 75 1.0
36 37 1.0
36 75 1.0
36 76 1.0
37 38 1.0
37 76 1.0
37 77 1.0
38 0 1.0
38 77 1.0
38 39 1.0
39 40 1.0
39 78 1.0
39 79 1.0
40 41 1.0
40 79 1.0
40 80 1.0
41 42 1.0
41 80 1.0
41 81 1.0
42 43 1.0
42 81 1.0
42 82 1.0
43 44 1.0
43 82 1.0
43 83 1.0
44 45 1.0
44 83 1.0
44 84 1.0
45 46 1.0
45 84 1.0
45 85 1.0
46 47 1.0
46 85 1.0
46 86 1.0
47 48 1.0
47 86 1.0
47 87 1.0
48 49 1.0
48 87 1.0
48 88 1.0
49 50 1.0
49 88 1.0
49 89 1.0
50 51 1.0
50 89 1.0
50 90 1.0
51 52 1.0
51 90 1.0
51 91 1.0
52 53 1.0
52 91 1.0
52 92 1.0
53 54 1.0
53 92 1.0
53 93 1.0
54 55 1.0
54 93 1.0
54 94 1.0
55 56 1.0
55 94 1.0
55 95 1.0
56 57 1.0
56 95 1.0
56 96 1.0
57 58 1.0
57 96 1.0
57 97 1.0
58 59 1.0
58 97 1.0
58 98 1.0
59 60 1.0
59 98 1.0
59 99 1.0
60 61 1.0
60 99 1.0
60 100 1.0
61 62 1.0
61 100 1.0
61 101 1.0
62 63 1.0
62 101 1.0
62 102 1.0
63 64 1.0
63 102 1.0
63 103 1.0
64 65 1.0
64 103 1.0
64 104 1.0
65 66 1.0
65 104 1.0
65 105 1.0
66 67 1.0
66 105 1.0
66 106 1.0
67 68 1.0
67 106 1.0
67 107 1.0
68 69 1.0
68 107 1.0
68 108 1.0
69 70 1.0
69 108 1.0
69 109 1.0
70 71 1.0
70 109 1.0
70 110 1.0
71 72 1.0
71 110 1.0
71 111 1.0
72 73 1.0
72 111 1.0
72 112 1.0
73 74 1.0
73 112 1.0
73 113 1.0
74 75 1.0
74 113 1.0
74 114 1.0
75 76 1.0
75 114 1.0
75 115 1.0
76 77 1.0
76 115 1.0
76 116 1.0
77 39 1.0
77 116 1.0
77 78 1.0
78 79 1.0
78 117 1.0
78 118 1.0
79 80 1.0
79 118 1.0
79 119 1.0
80 81 1.0
80 119 1.0
80 120 1.0
81 82 1.0
81 120 1.0
81 121 1.0
82 83 1.0
82 121 1.0
82 122 1.0
83 84 1.0
83 122 1.0
83 123 1.0
84 85 1.0
84 123 1.0
84 124 1.0
85 86 1.0
85 124 1.0
85 125 1.0
86 87 1.0
86 125 1.0
86 126 1.0
87 88 1.0
87 126 1.0
87 127 1.0
88 89 1.0
88 127 1.0
88 128 1.0
89 90 1.0
89 128 1.0
89 129 1.0
90 91 1.0
90 129 1.0
90 130 1.0
91 92 1.0
91 130 1.0
91 131 1.0
92 93 1.0
92 131 1.0
92 132 1.0
93 94 1.0
93 132 1.0
93 133 1.0
94 95 1.0
94 133 1.0
94 134 1.0
95 96 1.0
95 134 1.0
95 135 1.0
96 97 1.0
96 135 1.0
96 136 1.0
97 98 1.0
97 136 1.0
97 137 1.0
98 99 1.0
98 137 1.0
98 138 1.0
99 100 1.0
99 138 1.0
99 139 1.0
100 101 1.0
100 139 1.0
100 140 1.0
101 102 1.0
101 140 1.0
101 141 1.0
102 103 1.0
102 141 1.0
102 142 1.0
103 104 1.0
103 142 1.0
103 143 1.0
104 105 1.0
104 143 1.0
104 144 1.0
105 106 1.0
105 144 1.0
105 145 1.0
106 107 1.0
106 145 1.0
106 146 1.0
107 108 1.0
107 146 1.0
107 147 1.0
108 109 1.0
108 147 1.0
108 148 1.0
109 110 1.0
109 148 1.0
109 149 1.0
110 111 1.0
110 149 1.0
110 150 1.0
111 112 1.0
111 150 1.0
111 151 1.0
112 113 1.0
112 151 1.0
112 152 1.0
113 114 1.0
113 152 1.0
113 153 1.0
114 115 1.0
114 153 1.0
114 154 1.0
115 116 1.0
115 154 1.0
115 155 1.0
116 78 1.0
116 155 1.0
116 117 1.0
117 118 1.0
117 156 1.0
117 157 1.0
118 119 1.0
118 157 1.0
118 158 1.0
119 120 1.0
119 158 1.0
119 159 1.0
120 121 1.0
120 159 1.0
120 160 1.0
121 122 1.0
121 160 1.0
121 161 1.0
122 123 1.0
122 161 1.0
122 162 1.0
123 124 1.0
123 162 1.0
123 163 1.0
124 125 1.0
124 163 1.0
124 164 1.0
125 126 1.0
125 164 1.0
125 165 1.0
126 127 1.0
126 165 1.0
126 166 1.0
127 128 1.0
127 166 1.0
127 167 1.0
128 129 1.0
128 167 1.0
128 168 1.0
129 130 1.0
129 168 1.0
129 169 1.0
130 131 1.0
130 169 1.0
130 170 1.0
131 132 1.0
131 170 1.0
131 171 1.0
132 133 1.0
132 171 1.0
132 172 1.0
133 134 1.0
133 172 1.0
133 173 1.0
134 135 1.0
134 173 1.0
134 174 1.0
135 136 1.0
135 174 1.0
135 175 1.0
136 137 1.0
136 175 1.0
136 176 1.0
137 138 1.0
137 176 1.0
137 177 1.0
138 139 1.0
138 177 1.0
138 178 1.0
139 140 1.0
139 178 1.0
139 179 1.0
140 141 1.0
140 179 1.0
140 180 1.0
141 142 1.0
141 180 1.0
141 181 1.0
142 143 1.0
142 181 1.0
142 182 1.0
143 144 1.0
143 182 1.0
143 183 1.0
144 145 1.0
144 183 1.0
144 184 1.0
145 146 1.0
145 184 1.0
145 185 1.0
146 147 1.0
146 185 1.0
146 186 1.0
147 148 1.0
147 186 1.0
147 187 1.0
148 149 1.0
148 187 1.0
148 188 1.0
149 150 1.0
149 188 1.0
149 189 1.0
150 151 1.0
150 189 1.0
150 190 1.0
151 152 1.0
151 190 1.0
151 191 1.0
152 153 1.0
152 191 1.0
152 192 1.0
153 154 1.0
153 192 1.0
153 193 1.0
154 155 1.0
154 193 1.0
154 194 1.0
155 117 1.0
155 194 1.0
155 156 1.0
156 157 1.0
156 195 1.0
156 196 1.0
157 158 1.0
157 196 1.0
157 197 1.0
158 159 1.0
158 197 1.0
158 198 1.0
159 160 1.0
159 198 1.0
159 199 1.0
160 161 1.0
160 199 1.0
160 200 1.0
161 162 1.0
161 200 1.0
161 201 1.0
162 163 1.0
162 201 1.0
162 202 1.0
163 164 1.0
163 202 1.0
163 203 1.0
164 165 1.0
164 203 1.0
164 204 1.0
165 166 1.0
165 204 1.0
165 205 1.0
166 167 1.0
166 205 1.0
166 206 1.0
167 168 1.0
167 206 1.0
167 207 1.0
168 169 1.0
168 207 1.0
168 208 1.0
169 170 1.0
169 208 1.0
169 209 1.0
170 171 1.0
170 209 1.0
170 210 1.0
171 172 1.0
171 210 1.0
171 211 1.0
172 173 1.0
172 211 1.0
172 212 1.0
173 174 1.0
173 212 1.0
173 213 1.0
174 175 1.0
174 213 1.0
174 214 1.0
175 176 1.0
175 214 1.0
175 215 1.0
176 177 1.0
176 215 1.0
176 216 1.0
177 178 1.0
177 216 1.0
177 217 1.0
178 179 1.0
178 217 1.0
178 218 1.0
179 180 1.0
179 218 1.0
179 219 1.0
180 181 1.0
180 219 1.0
180 220 1.0
181 182 1.0
181 220 1.0
181 221 1.0
182 183 1.0
182 221 1.0
182 222 1.0
183 184 1.0
183 222 1.0
183 223 1.0
184 185 1.0
184 223 1.0
184 224 1.0
185 186 1.0
185 224 1.0
185 225 1.0
186 187 1.0
186 225 1.0
186 226 1.0
187 188 1.0
187 226 1.0
187 227 1.0
188 189 1.0
188 227 1.0
188 228 1.0
189 190 1.0
189 228 1.0
189 229 1.0
190 191 1.0
190 229 1.0
190 230 1.0
191 192 1.0
191 230 1.0
191 231 1.0
192 193 1.0
192 231 1.0
192 232 1.0
193 194 1.0
193 232 1.0
193 233 1.0
194 156 1.0
194 233 1.0
194 195 1.0
195 196 1.0
195 234 1.0
195 235 1.0
196 197 1.0
196 235 1.0
196 236 1.0
197 198 1.0
197 236 1.0
197 237 1.0
198 199 1.0
198 237 1.0
198 238 1.0
199 200 1.0
199 238 1.0
199 239 1.0
200 201 1.0
200 239 1.0
200 240 1.0
201 202 1.0
201 240 1.0
201 241 1.0
202 203 1.0
202 241 1.0
202 242 1.0
203 204 1.0
203 242 1.0
203 243 1.0
204 205 1.0
204 243 1.0
204 244 1.0
205 206 1.0
205 244 1.0
205 245 1.0
206 207 1.0
206 245 1.0
206 246 1.0
207 208 1.0
207 246 1.0
207 247 1.0
208 209 1.0
208 247 1.0
208 248 1.0
209 210 1.0
209 248 1.0
209 249 1.0
210 211 1.0
210 249 1.0
210 250 1.0
211 212 1.0
211 250 1.0
211 251 1.0
212 213 1.0
212 251 1.0
212 252 1.0
213 214 1.0
213 252 1.0
213 253 1.0
214 215 1.0
214 253 1.0
214 254 1.0
215 216 1.0
215 254 1.0
215 255 1.0
216 217 1.0
216 255 1.0
216 256 1.0
217 218 1.0
217 256 1.0
217 257 1.0
218 219 1.0
218 257 1.0
218 258 1.0
219 220 1.0
219 258 1.0
219 259 1.0
220 221 1.0
220 259 1.0
220 260 1.0
221 222 1.0
221 260 1.0
221 261 1.0
222 223 1.0
222 261 1.0
222 262 1.0
223 224 1.0
223 262 1.0
223 263 1.0
224 225 1.0
224 263 1.0
224 264 1.0
225 226 1.0
225 264 1.0
225 265 1.0
226 227 1.0
226 265 1.0
226 266 1.0
227 228 1.0
227 266 1.0
227 267 1.0
228 229 1.0
228 267 1.0
228 268 1.0
229 230 1.0
229 268 1.0
229 269 1.0
230 231 1.0
230 269 1.0
230 270 1.0
231 232 1.0
231 270 1.0
231 271 1.0
232 233 1.0
232 271 1.0
232 272 1.0
233 195 1.0
233 272 1.0
233 234 1.0
234 235 1.0
234 273 1.0
234 274 1.0
235 236 1.0
235 274 1.0
235 275 1.0
236 237 1.0
236 275 1.0
236 276 1.0
237 238 1.0
237 276 1.0
237 277 1.0
238 239 1.0
238 277 1.0
238 278 1.0
239 240 1.0
239 278 1.0
239 279 1.0
240 241 1.0
240 279 1.0
240 280 1.0
241 242 1.0
241 280 1.0
241 281 1.0
242 243 1.0
242 281 1.0
242 282 1.0
243 244 1.0
243 282 1.0
243 283 1.0
244 245 1.0
244 283 1.0
244 284 1.0
245 246 1.0
245 284 1.0
245 285 1.0
246 247 1.0
246 285 1.0
246 286 1.0
247 248 1.0
247 286 1.0
247 287 1.0
248 249 1.0
248 287 1.0
248 288 1.0
249 250 1.0
249 288 1.0
249 289 1.0
250 251 1.0
250 289 1.0
250 290 1.0
251 252 1.0
251 290 1.0
251 291 1.0
252 253 1.0
252 291 1.0
252 292 1.0
253 254 1.0
253 292 1.0
253 293 1.0
254 255 1.0
254 293 1.0
254 294 1.0
255 256 1.0
255 294 1.0
255 295 1.0
256 257 1.0
256 295 1.0
256 296 1.0
257 258 1.0
257 296 1.0
257 297 1.0
258 259 1.0
258 297 1.0
258 298 1.0
259 260 1.0
259 298 1.0
259 299 1.0
260 261 1.0
260 299 1.0
260 300 1.0
261 262 1.0
261 300 1.0
261 301 1.0
262 263 1.0
262 301 1.0
262 302 1.0
263 264 1.0
263 302 1.0
263 303 1.0
264 265 1.0
264 303 1.0
264 304 1.0
265 266 1.0
265 304 1.0
265 305 1.0
266 267 1.0
266 305 1.0
266 306 1.0
267 268 1.0
267 306 1.0
267 307 1.0
268 269 1.0
268 307 1.0
268 308 1.0
269 270 1.0
269 308 1.0
269 309 1.0
270 271 1.0
270 309 1.0
270 310 1.0
271 272 1.0
271 310 1.0
271 311 1.0
272 234 1.0
272 311 1.0
272 273 1.0
273 274 1.0
273 312 1.0
273 313 1.0
274 275 1.0
274 313 1.0
274 314 1.0
275 276 1.0
275 314 1.0
275 315 1.0
276 277 1.0
276 315 1.0
276 316 1.0
277 278 1.0
277 316 1.0
277 317 1.0
278 279 1.0
278 317 1.0
278 318 1.0
279 280 1.0
279 318 1.0
279 319 1.0
280 281 1.0
280 319 1.0
280 320 1.0
281 282 1.0
281 320 1.0
281 321 1.0
282 283 1.0
282 321 1.0
282 322 1.0
283 284 1.0
283 322 1.0
283 323 1.0
284 285 1.0
284 323 1.0
284 324 1.0
285 286 1.0
285 324 1.0
285 325 1.0
286 287 1.0
286 325 1.0
286 326 1.0
287 288 1.0
287 326 1.0
287 327 1.0
288 289 1.0
288 327 1.0
288 328 1.0
289 290 1.0
289 328 1.0
289 329 1.0
290 291 1.0
290 329 1.0
290 330 1.0
291 292 1.0
291 330 1.0
291 331 1.0
292 293 1.0
292 331 1.0
292 332 1.0
293 294 1.0
293 332 1.0
293 333 1.0
294 295 1.0
294 333 1.0
294 334 1.0
295 296 1.0
295 334 1.0
295 335 1.0
296 297 1.0
296 335 1.0
296 336 1.0
297 298 1.0
297 336 1.0
297 337 1.0
298 299 1.0
298 337 1.0
298 338 1.0
299 300 1.0
299 338 1.0
299 339 1.0
300 301 1.0
300 339 1.0
300 340 1.0
301 302 1.0
301 340 1.0
301 341 1.0
302 303 1.0
302 341 1.0
302 342 1.0
303 304 1.0
303 342 1.0
303 343 1.0
304 305 1.0
304 343 1.0
304 344 1.0
305 306 1.0
305 344 1.0
305 345 1.0
306 307 1.0
306 345 1.0
306 346 1.0
307 308 1.0
307 346 1.0
307 347 1.0
308 309 1.0
308 347 1.0
308 348 1.0
309 310 1.0
309 348 1.0
309 349 1.0
310 311 1.0
310 349 1.0
310 350 1.0
311 273 1.0
311 350 1.0
311 312 1.0
312 313 1.0
312 351 1.0
312 352 1.0
313 314 1.0
313 352 1.0
313 353 1.0
314 315 1.0
314 353 1.0
314 354 1.0
315 316 1.0
315 354 1.0
315 355 1.0
316 317 1.0
316 355 1.0
316 356 1.0
317 318 1.0
317 356 1.0
317 357 1.0
318 319 1.0
318 357 1.0
318 358 1.0
319 320 1.0
319 358 1.0
319 359 1.0
320 321 1.0
320 359 1.0
320 360 1.0
321 322 1.0
321 360 1.0
321 361 1.0
322 323 1.0
322 361 1.0
322 362 1.0
323 324 1.0
323 362 1.0
323 363 1.0
324 325 1.0
324 363 1.0
324 364 1.0
325 326 1.0
325 364 1.0
325 365 1.0
326 327 1.0
326 365 1.0
326 366 1.0
327 328 1.0
327 366 1.0
327 367 1.0
328 329 1.0
328 367 1.0
328 368 1.0
329 330 1.0
329 368 1.0
329 369 1.0
330 331 1.0
330 369 1.0
330 370 1.0
331 332 1.0
331 370 1.0
331 371 1.0
332 333 1.0
332 371 1.0
332 372 1.0
333 334 1.0
333 372 1.0
333 373 1.0
334 335 1.0
334 373 1.0
334 374 1.0
335 336 1.0
335 374 1.0
335 375 1.0
336 337 1.0
336 375 1.0
336 376 1.0
337 338 1.0
337 376 1.0
337 377 1.0
338 339 1.0
338 377 1.0
338 378 1.0
339 340 1.0
339 378 1.0
339 379 1.0
340 341 1.0
340 379 1.0
340 380 1.0
341 342 1.0
341 380 1.0
341 381 1.0
342 343 1.0
342 381 1.0
342 382 1.0
343 344 1.0
343 382 1.0
343 383 1.0
344 345 1.0
344 383 1.0
344 384 1.0
345 346 1.0
345 384 1.0
345 385 1.0
346 347 1.0
346 385 1.0
346 386 1.0
347 348 1.0
347 386 1.0
347 387 1.0
348 349 1.0
348 387 1.0
348 388 1.0
349 350 1.0
349 388 1.0
349 389 1.0
350 312 1.0
350 389 1.0
350 351 1.0
351 352 1.0
351 390 1.0
351 391 1.0
352 353 1.0
352 391 1.0
352 392 1.0
353 354 1.0
353 392 1.0
353 393 1.0
354 355 1.0
354 393 1.0
354 394 1.0
355 356 1.0
355 394 1.0
355 395 1.0
356 357 1.0
356 395 1.0
356 396 1.0
357 358 1.0
357 396 1.0
357 397 1.0
358 359 1.0
358 397 1.0
358 398 1.0
359 360 1.0
359 398 1.0
359 399 1.0
360 361 1.0
360 399 1.0
360 400 1.0
361 362 1.0
361 400 1.0
361 401 1.0
362 363 1.0
362 401 1.0
362 402 1.0
363 364 1.0
363 402 1.0
363 403 1.0
364 365 1.0
364 403 1.0
364 404 1.0
365 366 1.0
365 404 1.0
365 405 1.0
366 367 1.0
366 405 1.0
366 406 1.0
367 368 1.0
367 406 1.0
367 407 1.0
368 369 1.0
368 407 1.0
368 408 1.0
369 370 1.0
369 408 1.0
369 409 1.0
370 371 1.0
370 409 1.0
370 410 1.0
371 372 1.0
371 410 1.0
371 411 1.0
372 373 1.0
372 411 1.0
372 412 1.0
373 374 1.0
373 412 1.0
373 413 1.0
374 375 1.0
374 413 1.0
374 414 1.0
375 376 1.0
375 414 1.0
375 415 1.0
376 377 1.0
376 415 1.0
376 416 1.0
377 378 1.0
377 416 1.0
377 417 1.0
378 379 1.0
378 417 1.0
378 418 1.0
379 380 1.0
379 418 1.0
379 419 1.0
380 381 1.0
380 419 1.0
380 420 1.0
381 382 1.0
381 420 1.0
381 421 1.0
382 383 1.0
382 421 1.0
382 422 1.0
383 384 1.0
383 422 1.0
383 423 1.0
384 385 1.0
384 423 1.0
384 424 1.0
385 386 1.0
385 424 1.0
385 425 1.0
386 387 1.0
386 425 1.0
386 426 1.0
387 388 1.0
387 426 1.0
387 427 1.0
388 389 1.0
388 427 1.0
388 428 1.0
389 351 1.0
389 428 1.0
389 390 1.0
390 391 1.0
390 429 1.0
390 430 1.0
391 392 1.0
391 430 1.0
391 431 1.0
392 393 1.0
392 431 1.0
392 432 1.0
393 394 1.0
393 432 1.0
393 433 1.0
394 395 1.0
394 433 1.0
394 434 1.0
395 396 1.0
395 434 1.0
395 435 1.0
396 397 1.0
396 435 1.0
396 436 1.0
397 398 1.0
397 436 1.0
397 437 1.0
398 399 1.0
398 437 1.0
398 438 1.0
399 400 1.0
399 438 1.0
399 439 1.0
400 401 1.0
400 439 1.0
400 440 1.0
401 402 1.0
401 440 1.0
401 441 1.0
402 403 1.0
402 441 1.0
402 442 1.0
403 404 1.0
403 442 1.0
403 443 1.0
404 405 1.0
404 443 1.0
404 444 1.0
405 406 1.0
405 444 1.0
405 445 1.0
406 407 1.0
406 445 1.0
406 446 1.0
407 408 1.0
407 446 1.0
407 447 1.0
408 409 1.0
408 447 1.0
408 448 1.0
409 410 1.0
409 448 1.0
409 449 1.0
410 411 1.0
410 449 1.0
410 450 1.0
411 412 1.0
411 450 1.0
411 451 1.0
412 413 1.0
412 451 1.0
412 452 1.0
413 414 1.0
413 452 1.0
413 453 1.0
414 415 1.0
414 453 1.0
414 454 1.0
415 416 1.0
415 454 1.0
415 455 1.0
416 417 1.0
416 455 1.0
416 456 1.0
417 418 1.0
417 456 1.0
417 457 1.0
418 419 1.0
418 457 1.0
418 458 1.0
419 420 1.0
419 458 1.0
419 459 1.0
420 421 1.0
420 459 1.0
420 460 1.0
421 422 1.0
421 460 1.0
421 461 1.0
422 423 1.0
422 461 1.0
422 462 1.0
423 424 1.0
423 462 1.0
423 463 1.0
424 425 1.0
424 463 1.0
424 464 1.0
425 426 1.0
425 464 1.0
425 465 1.0
426 427 1.0
426 465 1.0
426 466 1.0
427 428 1.0
427 466 1.0
427 467 1.0
428 390 1.0
428 467 1.0
428 429 1.0
429 430 1.0
429 468 1.0
429 469 1.0
430 431 1.0
430 469 1.0
430 470 1.0
431 432 1.0
431 470 1.0
431 471 1.0
432 433 1.0
432 471 1.0
432 472 1.0
433 434 1.0
433 472 1.0
433 473 1.0
434 435 1.0
434 473 1.0
434 474 1.0
435 436 1.0
435 474 1.0
435 475 1.0
436 437 1.0
436 475 1.0
436 476 1.0
437 438 1.0
437 476 1.0
437 477 1.0
438 439 1.0
438 477 1.0
438 478 1.0
439 440 1.0
439 478 1.0
439 479 1.0
440 441 1.0
440 479 1.0
440 480 1.0
441 442 1.0
441 480 1.0
441 481 1.0
442 443 1.0
442 481 1.0
442 482 1.0
443 444 1.0
443 482 1.0
443 483 1.0
444 445 1.0
444 483 1.0
444 484 1.0
445 446 1.0
445 484 1.0
445 485 1.0
446 447 1.0
446 485 1.0
446 486 1.0
447 448 1.0
447 486 1.0
447 487 1.0
448 449 1.0
448 487 1.0
448 488 1.0
449 450 1.0
449 488 1.0
449 489 1.0
450 451 1.0
450 489 1.0
450 490 1.0
451 452 1.0
451 490 1.0
451 491 1.0
452 453 1.0
452 491 1.0
452 492 1.0
453 454 1.0
453 492 1.0
453 493 1.0
454 455 1.0
454 493 1.0
454 494 1.0
455 456 1.0
455 494 1.0
455 495 1.0
456 457 1.0
456 495 1.0
456 496 1.0
457 458 1.0
457 496 1.0
457 497 1.0
458 459 1.0
458 497 1.0
458 498 1.0
459 460 1.0
459 498 1.0
459 499 1.0
460 461 1.0
460 499 1.0
460 500 1.0
461 462 1.0
461 500 1.0
461 501 1.0
462 463 1.0
462 501 1.0
462 502 1.0
463 464 1.0
463 502 1.0
463 503 1.0
464 465 1.0
464 503 1.0
464 504 1.0
465 466 1.0
465 504 1.0
465 505 1.0
466 467 1.0
466 505 1.0
466 506 1.0
467 429 1.0
467 506 1.0
467 468 1.0
468 469 1.0
468 507 1.0
468 508 1.0
469 470 1.0
469 508 1.0
469 509 1.0
470 471 1.0
470 509 1.0
470 510 1.0
471 472 1.0
471 510 1.0
471 511 1.0
472 473 1.0
472 511 1.0
472 512 1.0
473 474 1.0
473 512 1.0
473 513 1.0
474 475 1.0
474 513 1.0
474 514 1.0
475 476 1.0
475 514 1.0
475 515 1.0
476 477 1.0
476 515 1.0
476 516 1.0
477 478 1.0
477 516 1.0
477 517 1.0
478 479 1.0
478 517 1.0
478 518 1.0
479 480 1.0
479 518 1.0
479 519 1.0
480 481 1.0
480 519 1.0
480 520 1.0
481 482 1.0
481 520 1.0
481 521 1.0
482 483 1.0
482 521 1.0
482 522 1.0
483 484 1.0
483 522 1.0
483 523 1.0
484 485 1.0
484 523 1.0
484 524 1.0
485 486 1.0
485 524 1.0
485 525 1.0
486 487 1.0
486 525 1.0
486 526 1.0
487 488 1.0
487 526 1.0
487 527 1.0
488 489 1.0
488 527 1.0
488 528 1.0
489 490 1.0
489 528 1.0
489 529 1.0
490 491 1.0
490 529 1.0
490 530 1.0
491 492 1.0
491 530 1.0
491 531 1.0
492 493 1.0
492 531 1.0
492 532 1.0
493 494 1.0
493 532 1.0
493 533 1.0
494 495 1.0
494 533 1.0
494 534 1.0
495 496 1.0
495 534 1.0
495 535 1.0
496 497 1.0
496 535 1.0
496 536 1.0
497 498 1.0
497 536 1.0
497 537 1.0
498 499 1.0
498 537 1.0
498 538 1.0
499 500 1.0
499 538 1.0
499 539 1.0
500 501 1.0
500 539 1.0
500 540 1.0
501 502 1.0
501 540 1.0
501 541 1.0
502 503 1.0
502 541 1.0
502 542 1.0
503 504 1.0
503 542 1.0
503 543 1.0
504 505 1.0
504 543 1.0
504 544 1.0
505 506 1.0
505 544 1.0
505 545 1.0
506 468 1.0
506 545 1.0
506 507 1.0
507 508 1.0
507 546 1.0
507 547 1.0
508 509 1.0
508 547 1.0
508 548 1.0
509 510 1.0
509 548 1.0
509 549 1.0
510 511 1.0
510 549 1.0
510 550 1.0
511 512 1.0
511 550 1.0
511 551 1.0
512 513 1.0
512 551 1.0
512 552 1.0
513 514 1.0
513 552 1.0
513 553 1.0
514 515 1.0
514 553 1.0
514 554 1.0
515 516 1.0
515 554 1.0
515 555 1.0
516 517 1.0
516 555 1.0
516 556 1.0
517 518 1.0
517 556 1.0
517 557 1.0
518 519 1.0
518 557 1.0
518 558 1.0
519 520 1.0
519 558 1.0
519 559 1.0
520 521 1.0
520 559 1.0
520 560 1.0
521 522 1.0
521 560 1.0
521 561 1.0
522 523 1.0
522 561 1.0
522 562 1.0
523 524 1.0
523 562 1.0
523 563 1.0
524 525 1.0
524 563 1.0
524 564 1.0
525 526 1.0
525 564 1.0
525 565 1.0
526 527 1.0
526 565 1.0
526 566 1.0
527 528 1.0
527 566 1.0
527 567 1.0
528 529 1.0
528 567 1.0
528 568 1.0
529 530 1.0
529 568 1.0
529 569 1.0
530 531 1.0
530 569 1.0
530 570 1.0
531 532 1.0
531 570 1.0
531 571 1.0
532 533 1.0
532 571 1.0
532 572 1.0
533 534 1.0
533 572 1.0
533 573 1.0
534 535 1.0
534 573 1.0
534 574 1.0
535 536 1.0
535 574 1.0
535 575 1.0
536 537 1.0
536 575 1.0
536 576 1.0
537 538 1.0
537 576 1.0
537 577 1.0
538 539 1.0
538 577 1.0
538 578 1.0
539 540 1.0
539 578 1.0
539 579 1.0
540 541 1.0
540 579 1.0
540 580 1.0
541 542 1.0
541 580 1.0
541 581 1.0
542 543 1.0
542 581 1.0
542 582 1.0
543 544 1.0
543 582 1.0
543 583 1.0
544 545 1.0
544 583 1.0
544 584 1.0
545 507 1.0
545 584 1.0
545 546 1.0
546 547 1.0
546 585 1.0
546 586 1.0
547 548 1.0
547 586 1.0
547 587 1.0
548 549 1.0
548 587 1.0
548 588 1.0
549 550 1.0
549 588 1.0
549 589 1.0
550 551 1.0
550 589 1.0
550 590 1.0
551 552 1.0
551 590 1.0
551 591 1.0
552 553 1.0
552 591 1.0
552 592 1.0
553 554 1.0
553 592 1.0
553 593 1.0
554 555 1.0
554 593 1.0
554 594 1.0
555 556 1.0
555 594 1.0
555 595 1.0
556 557 1.0
556 595 1.0
556 596 1.0
557 558 1.0
557 596 1.0
557 597 1.0
558 559 1.0
558 597 1.0
558 598 1.0
559 560 1.0
559 598 1.0
559 599 1.0
560 561 1.0
560 599 1.0
560 600 1.0
561 562 1.0
561 600 1.0
561 601 1.0
562 563 1.0
562 601 1.0
562 602 1.0
563 564 1.0
563 602 1.0
563 603 1.0
564 565 1.0
564 603 1.0
564 604 1.0
565 566 1.0
565 604 1.0
565 605 1.0
566 567 1.0
566 605 1.0
566 606 1.0
567 568 1.0
567 606 1.0
567 607 1.0
568 569 1.0
568 607 1.0
568 608 1.0
569 570 1.0
569 608 1.0
569 609 1.0
570 571 1.0
570 609 1.0
570 610 1.0
571 572 1.0
571 610 1.0
571 611 1.0
572 573 1.0
572 611 1.0
572 612 1.0
573 574 1.0
573 612 1.0
573 613 1.0
574 575 1.0
574 613 1.0
574 614 1.0
575 576 1.0
575 614 1.0
575 615 1.0
576 577 1.0
576 615 1.0
576 616 1.0
577 578 1.0
577 616 1.0
577 617 1.0
578 579 1.0
578 617 1.0
578 618 1.0
579 580 1.0
579 618 1.0
579 619 1.0
580 581 1.0
580 619 1.0
580 620 1.0
581 582 1.0
581 620 1.0
581 621 1.0
582 583 1.0
582 621 1.0
582 622 1.0
583 584 1.0
583 622 1.0
583 623 1.0
584 546 1.0
584 623 1.0
584 585 1.0
585 586 1.0
585 624 1.0
585 625 1.0
586 587 1.0
586 625 1.0
586 626 1.0
587 588 1.0
587 626 1.0
587 627 1.0
588 589 1.0
588 627 1.0
588 628 1.0
589 590 1.0
589 628 1.0
589 629 1.0
590 591 1.0
590 629 1.0
590 630 1.0
591 592 1.0
591 630 1.0
591 631 1.0
592 593 1.0
592 631 1.0
592 632 1.0
593 594 1.0
593 632 1.0
593 633 1.0
594 595 1.0
594 633 1.0
594 634 1.0
595 596 1.0
595 634 1.0
595 635 1.0
596 597 1.0
596 635 1.0
596 636 1.0
597 598 1.0
597 636 1.0
597 637 1.0
598 599 1.0
598 637 1.0
598 638 1.0
599 600 1.0
599 638 1.0
599 639 1.0
600 601 1.0
600 639 1.0
600 640 1.0
601 602 1.0
601 640 1.0
601 641 1.0
602 603 1.0
602 641 1.0
602 642 1.0
603 604 1.0
603 642 1.0
603 643 1.0
604 605 1.0
604 643 1.0
604 644 1.0
605 606 1.0
605 644 1.0
605 645 1.0
606 607 1.0
606 645 1.0
606 646 1.0
607 608 1.0
607 646 1.0
607 647 1.0
608 609 1.0
608 647 1.0
608 648 1.0
609 610 1.0
609 648 1.0
609 649 1.0
610 611 1.0
610 649 1.0
610 650 1.0
611 612 1.0
611 650 1.0
611 651 1.0
612 613 1.0
612 651 1.0
612 652 1.0
613 614 1.0
613 652 1.0
613 653 1.0
614 615 1.0
614 653 1.0
614 654 1.0
615 616 1.0
615 654 1.0
615 655 1.0
616 617 1.0
616 655 1.0
616 656 1.0
617 618 1.0
617 656 1.0
617 657 1.0
618 619 1.0
618 657 1.0
618 658 1.0
619 620 1.0
619 658 1.0
619 659 1.0
620 621 1.0
620 659 1.0
620 660 1.0
621 622 1.0
621 660 1.0
621 661 1.0
622 623 1.0
622 661 1.0
622 662 1.0
623 585 1.0
623 662 1.0
623 624 1.0
624 625 1.0
624 663 1.0
624 664 1.0
625 626 1.0
625 664 1.0
625 665 1.0
626 627 1.0
626 665 1.0
626 666 1.0
627 628 1.0
627 666 1.0
627 667 1.0
628 629 1.0
628 667 1.0
628 668 1.0
629 630 1.0
629 668 1.0
629 669 1.0
630 631 1.0
630 669 1.0
630 670 1.0
631 632 1.0
631 670 1.0
631 671 1.0
632 633 1.0
632 671 1.0
632 672 1.0
633 634 1.0
633 672 1.0
633 673 1.0
634 635 1.0
634 673 1.0
634 674 1.0
635 636 1.0
635 674 1.0
635 675 1.0
636 637 1.0
636 675 1.0
636 676 1.0
637 638 1.0
637 676 1.0
637 677 1.0
638 639 1.0
638 677 1.0
638 678 1.0
639 640 1.0
639 678 1.0
639 679 1.0
640 641 1.0
640 679 1.0
640 680 1.0
641 642 1.0
641 680 1.0
641 681 1.0
642 643 1.0
642 681 1.0
642 682 1.0
643 644 1.0
643 682 1.0
643 683 1.0
644 645 1.0
644 683 1.0
644 684 1.0
645 646 1.0
645 684 1.0
645 685 1.0
646 647 1.0
646 685 1.0
646 686 1.0
647 648 1.0
647 686 1.0
647 687 1.0
648 649 1.0
648 687 1.0
648 688 1.0
649 650 1.0
649 688 1.0
649 689 1.0
650 651 1.0
650 689 1.0
650 690 1.0
651 652 1.0
651 690 1.0
651 691 1.0
652 653 1.0
652 691 1.0
652 692 1.0
653 654 1.0
653 692 1.0
653 693 1.0
654 655 1.0
654 693 1.0
654 694 1.0
655 656 1.0
655 694 1.0
655 695 1.0
656 657 1.0
656 695 1.0
656 696 1.0
657 658 1.0
657 696 1.0
657 697 1.0
658 659 1.0
658 697 1.0
658 698 1.0
659 660 1.0
659 698 1.0
659 699 1.0
660 661 1.0
660 699 1.0
660 700 1.0
661 662 1.0
661 700 1.0
661 701 1.0
662 624 1.0
662 701 1.0
662 663 1.0
663 664 1.0
663 702 1.0
663 703 1.0
664 665 1.0
664 703 1.0
664 704 1.0
665 666 1.0
665 704 1.0
665 705 1.0
666 667 1.0
666 705 1.0
666 706 1.0
667 668 1.0
667 706 1.0
667 707 1.0
668 669 1.0
668 707 1.0
668 708 1.0
669 670 1.0
669 708 1.0
669 709 1.0
670 671 1.0
670 709 1.0
670 710 1.0
671 672 1.0
671 710 1.0
671 711 1.0
672 673 1.0
672 711 1.0
672 712 1.0
673 674 1.0
673 712 1.0
673 713 1.0
674 675 1.0
674 713 1.0
674 714 1.0
675 676 1.0
675 714 1.0
675 715 1.0
676 677 1.0
676 715 1.0
676 716 1.0
677 678 1.0
677 716 1.0
677 717 1.0
678 679 1.0
678 717 1.0
678 718 1.0
679 680 1.0
679 718 1.0
679 719 1.0
680 681 1.0
680 719 1.0
680 720 1.0
681 682 1.0
681 720 1.0
681 721 1.0
682 683 1.0
682 721 1.0
682 722 1.0
683 684 1.0
683 722 1.0
683 723 1.0
684 685 1.0
684 723 1.0
684 724 1.0
685 686 1.0
685 724 1.0
685 725 1.0
686 687 1.0
686 725 1.0
686 726 1.0
687 688 1.0
687 726 1.0
687 727 1.0
688 689 1.0
688 727 1.0
688 728 1.0
689 690 1.0
689 728 1.0
689 729 1.0
690 691 1.0
690 729 1.0
690 730 1.0
691 692 1.0
691 730 1.0
691 731 1.0
692 693 1.0
692 731 1.0
692 732 1.0
693 694 1.0
693 732 1.0
693 733 1.0
694 695 1.0
694 733 1.0
694 734 1.0
695 696 1.0
695 734 1.0
695 735 1.0
696 697 1.0
696 735 1.0
696 736 1.0
697 698 1.0
697 736 1.0
697 737 1.0
698 699 1.0
698 737 1.0
698 738 1.0
699 700 1.0
699 738 1.0
699 739 1.0
700 701 1.0
700 739 1.0
700 740 1.0
701 663 1.0
701 740 1.0
701 702 1.0
702 703 1.0
702 741 1.0
702 742 1.0
703 704 1.0
703 742 1.0
703 743 1.0
704 705 1.0
704 743 1.0
704 744 1.0
705 706 1.0
705 744 1.0
705 745 1.0
706 707 1.0
706 745 1.0
706 746 1.0
707 708 1.0
707 746 1.0
707 747 1.0
708 709 1.0
708 747 1.0
708 748 1.0
709 710 1.0
709 748 1.0
709 749 1.0
710 711 1.0
710 749 1.0
710 750 1.0
711 712 1.0
711 750 1.0
711 751 1.0
712 713 1.0
712 751 1.0
712 752 1.0
713 714 1.0
713 752 1.0
713 753 1.0
714 715 1.0
714 753 1.0
714 754 1.0
715 716 1.0
715 754 1.0
715 755 1.0
716 717 1.0
716 755 1.0
716 756 1.0
717 718 1.0
717 756 1.0
717 757 1.0
718 719 1.0
718 757 1.0
718 758 1.0
719 720 1.0
719 758 1.0
719 759 1.0
720 721 1.0
720 759 1.0
720 760 1.0
721 722 1.0
721 760 1.0
721 761 1.0
722 723 1.0
722 761 1.0
722 762 1.0
723 724 1.0
723 762 1.0
723 763 1.0
724 725 1.0
724 763 1.0
724 764 1.0
725 726 1.0
725 764 1.0
725 765 1.0
726 727 1.0
726 765 1.0
726 766 1.0
727 728 1.0
727 766 1.0
727 767 1.0
728 729 1.0
728 767 1.0
728 768 1.0
729 730 1.0
729 768 1.0
729 769 1.0
730 731 1.0
730 769 1.0
730 770 1.0
731 732 1.0
731 770 1.0
731 771 1.0
732 733 1.0
732 771 1.0
732 772 1.0
733 734 1.0
733 772 1.0
733 773 1.0
734 735 1.0
734 773 1.0
734 774 1.0
735 736 1.0
735 774 1.0
735 775 1.0
736 737 1.0
736 775 1.0
736 776 1.0
737 738 1.0
737 776 1.0
737 777 1.0
738 739 1.0
738 777 1.0
738 778 1.0
739 740 1.0
739 778 1.0
739 779 1.0
740 702 1.0
740 779 1.0
740 741 1.0
741 742 1.0
741 780 1.0
741 781 1.0
742 743 1.0
742 781 1.0
742 782 1.0
743 744 1.0
743 782 1.0
743 783 1.0
744 745 1.0
744 783 1.0
744 784 1.0
745 746 1.0
745 784 1.0
745 785 1.0
746 747 1.0
746 785 1.0
746 786 1.0
747 748 1.0
747 786 1.0
747 787 1.0
748 749 1.0
748 787 1.0
748 788 1.0
749 750 1.0
749 788 1.0
749 789 1.0
750 751 1.0
750 789 1.0
750 790 1.0
751 752 1.0
751 790 1.0
751 791 1.0
752 753 1.0
752 791 1.0
752 792 1.0
753 754 1.0
753 792 1.0
753 793 1.0
754 755 1.0
754 793 1.0
754 794 1.0
755 756 1.0
755 794 1.0
755 795 1.0
756 757 1.0
756 795 1.0
756 796 1.0
757 758 1.0
757 796 1.0
757 797 1.0
758 759 1.0
758 797 1.0
758 798 1.0
759 760 1.0
759 798 1.0
759 799 1.0
760 761 1.0
760 799 1.0
760 800 1.0
761 762 1.0
761 800 1.0
761 801 1.0
762 763 1.0
762 801 1.0
762 802 1.0
763 764 1.0
763 802 1.0
763 803 1.0
764 765 1.0
764 803 1.0
764 804 1.0
765 766 1.0
765 804 1.0
765 805 1.0
766 767 1.0
766 805 1.0
766 806 1.0
767 768 1.0
767 806 1.0
767 807 1.0
768 769 1.0
768 807 1.0
768 808 1.0
769 770 1.0
769 808 1.0
769 809 1.0
770 771 1.0
770 809 1.0
770 810 1.0
771 772 1.0
771 810 1.0
771 811 1.0
772 773 1.0
772 811 1.0
772 812 1.0
773 774 1.0
773 812 1.0
773 813 1.0
774 775 1.0
774 813 1.0
774 814 1.0
775 776 1.0
775 814 1.0
775 815 1.0
776 777 1.0
776 815 1.0
776 816 1.0
777 778 1.0
777 816 1.0
777 817 1.0
778 779 1.0
778 817 1.0
778 818 1.0
779 741 1.0
779 818 1.0
779 780 1.0
780 781 1.0
780 819 1.0
780 820 1.0
781 782 1.0
781 820 1.0
781 821 1.0
782 783 1.0
782 821 1.0
782 822 1.0
783 784 1.0
783 822 1.0
783 823 1.0
784 785 1.0
784 823 1.0
784 824 1.0
785 786 1.0
785 824 1.0
785 825 1.0
786 787 1.0
786 825 1.0
786 826 1.0
787 788 1.0
787 826 1.0
787 827 1.0
788 789 1.0
788 827 1.0
788 828 1.0
789 790 1.0
789 828 1.0
789 829 1.0
790 791 1.0
790 829 1.0
790 830 1.0
791 792 1.0
791 830 1.0
791 831 1.0
792 793 1.0
792 831 1.0
792 832 1.0
793 794 1.0
793 832 1.0
793 833 1.0
794 795 1.0
794 833 1.0
794 834 1.0
795 796 1.0
795 834 1.0
795 835 1.0
796 797 1.0
796 835 1.0
796 836 1.0
797 798 1.0
797 836 1.0
797 837 1.0
798 799 1.0
798 837 1.0
798 838 1.0
799 800 1.0
799 838 1.0
799 839 1.0
800 801 1.0
800 839 1.0
800 840 1.0
801 802 1.0
801 840 1.0
801 841 1.0
802 803 1.0
802 841 1.0
802 842 1.0
803 804 1.0
803 842 1.0
803 843 1.0
804 805 1.0
804 843 1.0
804 844 1.0
805 806 1.0
805 844 1.0
805 845 1.0
806 807 1.0
806 845 1.0
806 846 1.0
807 808 1.0
807 846 1.0
807 847 1.0
808 809 1.0
808 847 1.0
808 848 1.0
809 810 1.0
809 848 1.0
809 849 1.0
810 811 1.0
810 849 1.0
810 850 1.0
811 812 1.0
811 850 1.0
811 851 1.0
812 813 1.0
812 851 1.0
812 852 1.0
813 814 1.0
813 852 1.0
813 853 1.0
814 815 1.0
814 853 1.0
814 854 1.0
815 816 1.0
815 854 1.0
815 855 1.0
816 817 1.0
816 855 1.0
816 856 1.0
817 818 1.0
817 856 1.0
817 857 1.0
818 780 1.0
818 857 1.0
818 819 1.0
819 820 1.0
819 858 1.0
819 859 1.0
820 821 1.0
820 859 1.0
820 860 1.0
821 822 1.0
821 860 1.0
821 861 1.0
822 823 1.0
822 861 1.0
822 862 1.0
823 824 1.0
823 862 1.0
823 863 1.0
824 825 1.0
824 863 1.0
824 864 1.0
825 826 1.0
825 864 1.0
825 865 1.0
826 827 1.0
826 865 1.0
826 866 1.0
827 828 1.0
827 866 1.0
827 867 1.0
828 829 1.0
828 867 1.0
828 868 1.0
829 830 1.0
829 868 1.0
829 869 1.0
830 831 1.0
830 869 1.0
830 870 1.0
831 832 1.0
831 870 1.0
831 871 1.0
832 833 1.0
832 871 1.0
832 872 1.0
833 834 1.0
833 872 1.0
833 873 1.0
834 835 1.0
834 873 1.0
834 874 1.0
835 836 1.0
835 874 1.0
835 875 1.0
836 837 1.0
836 875 1.0
836 876 1.0
837 838 1.0
837 876 1.0
837 877 1.0
838 839 1.0
838 877 1.0
838 878 1.0
839 840 1.0
839 878 1.0
839 879 1.0
840 841 1.0
840 879 1.0
840 880 1.0
841 842 1.0
841 880 1.0
841 881 1.0
842 843 1.0
842 881 1.0
842 882 1.0
843 844 1.0
843 882 1.0
843 883 1.0
844 845 1.0
844 883 1.0
844 884 1.0
845 846 1.0
845 884 1.0
845 885 1.0
846 847 1.0
846 885 1.0
846 886 1.0
847 848 1.0
847 886 1.0
847 887 1.0
848 849 1.0
848 887 1.0
848 888 1.0
849 850 1.0
849 888 1.0
849 889 1.0
850 851 1.0
850 889 1.0
850 890 1.0
851 852 1.0
851 890 1.0
851 891 1.0
852 853 1.0
852 891 1.0
852 892 1.0
853 854 1.0
853 892 1.0
853 893 1.0
854 855 1.0
854 893 1.0
854 894 1.0
855 856 1.0
855 894 1.0
855 895 1.0
856 857 1.0
856 895 1.0
856 896 1.0
857 819 1.0
857 896 1.0
857 858 1.0
858 859 1.0
858 897 1.0
858 898 1.0
859 860 1.0
859 898 1.0
859 899 1.0
860 861 1.0
860 899 1.0
860 900 1.0
861 862 1.0
861 900 1.0
861 901 1.0
862 863 1.0
862 901 1.0
862 902 1.0
863 864 1.0
863 902 1.0
863 903 1.0
864 865 1.0
864 903 1.0
864 904 1.0
865 866 1.0
865 904 1.0
865 905 1.0
866 867 1.0
866 905 1.0
866 906 1.0
867 868 1.0
867 906 1.0
867 907 1.0
868 869 1.0
868 907 1.0
868 908 1.0
869 870 1.0
869 908 1.0
869 909 1.0
870 871 1.0
870 909 1.0
870 910 1.0
871 872 1.0
871 910 1.0
871 911 1.0
872 873 1.0
872 911 1.0
872 912 1.0
873 874 1.0
873 912 1.0
873 913 1.0
874 875 1.0
874 913 1.0
874 914 1.0
875 876 1.0
875 914 1.0
875 915 1.0
876 877 1.0
876 915 1.0
876 916 1.0
877 878 1.0
877 916 1.0
877 917 1.0
878 879 1.0
878 917 1.0
878 918 1.0
879 880 1.0
879 918 1.0
879 919 1.0
880 881 1.0
880 919 1.0
880 920 1.0
881 882 1.0
881 920 1.0
881 921 1.0
882 883 1.0
882 921 1.0
882 922 1.0
883 884 1.0
883 922 1.0
883 923 1.0
884 885 1.0
884 923 1.0
884 924 1.0
885 886 1.0
885 924 1.0
885 925 1.0
886 887 1.0
886 925 1.0
886 926 1.0
887 888 1.0
887 926 1.0
887 927 1.0
888 889 1.0
888 927 1.0
888 928 1.0
889 890 1.0
889 928 1.0
889 929 1.0
890 891 1.0
890 929 1.0
890 930 1.0
891 892 1.0
891 930 1.0
891 931 1.0
892 893 1.0
892 931 1.0
892 932 1.0
893 894 1.0
893 932 1.0
893 933 1.0
894 895 1.0
894 933 1.0
894 934 1.0
895 896 1.0
895 934 1.0
895 935 1.0
896 858 1.0
896 935 1.0
896 897 1.0
897 898 1.0
897 936 1.0
897 937 1.0
898 899 1.0
898 937 1.0
898 938 1.0
899 900 1.0
899 938 1.0
899 939 1.0
900 901 1.0
900 939 1.0
900 940 1.0
901 902 1.0
901 940 1.0
901 941 1.0
902 903 1.0
902 941 1.0
902 942 1.0
903 904 1.0
903 942 1.0
903 943 1.0
904 905 1.0
904 943 1.0
904 944 1.0
905 906 1.0
905 944 1.0
905 945 1.0
906 907 1.0
906 945 1.0
906 946 1.0
907 908 1.0
907 946 1.0
907 947 1.0
908 909 1.0
908 947 1.0
908 948 1.0
909 910 1.0
909 948 1.0
909 949 1.0
910 911 1.0
910 949 1.0
910 950 1.0
911 912 1.0
911 950 1.0
911 951 1.0
912 913 1.0
912 951 1.0
912 952 1.0
913 914 1.0
913 952 1.0
913 953 1.0
914 915 1.0
914 953 1.0
914 954 1.0
915 916 1.0
915 954 1.0
915 955 1.0
916 917 1.0
916 955 1.0
916 956 1.0
917 918 1.0
917 956 1.0
917 957 1.0
918 919 1.0
918 957 1.0
918 958 1.0
919 920 1.0
919 958 1.0
919 959 1.0
920 921 1.0
920 959 1.0
920 960 1.0
921 922 1.0
921 960 1.0
921 961 1.0
922 923 1.0
922 961 1.0
922 962 1.0
923 924 1.0
923 962 1.0
923 963 1.0
924 925 1.0
924 963 1.0
924 964 1.0
925 926 1.0
925 964 1.0
925 965 1.0
926 927 1.0
926 965 1.0
926 966 1.0
927 928 1.0
927 966 1.0
927 967 1.0
928 929 1.0
928 967 1.0
928 968 1.0
929 930 1.0
929 968 1.0
929 969 1.0
930 931 1.0
930 969 1.0
930 970 1.0
931 932 1.0
931 970 1.0
931 971 1.0
932 933 1.0
932 971 1.0
932 972 1.0
933 934 1.0
933 972 1.0
933 973 1.0
934 935 1.0
934 973 1.0
934 974 1.0
935 897 1.0
935 974 1.0
935 936 1.0
936 937 1.0
936 975 1.0
936 976 1.0
937 938 1.0
937 976 1.0
937 977 1.0
938 939 1.0
938 977 1.0
938 978 1.0
939 940 1.0
939 978 1.0
939 979 1.0
940 941 1.0
940 979 1.0
940 980 1.0
941 942 1.0
941 980 1.0
941 981 1.0
942 943 1.0
942 981 1.0
942 982 1.0
943 944 1.0
943 982 1.0
943 983 1.0
944 945 1.0
944 983 1.0
944 984 1.0
945 946 1.0
945 984 1.0
945 985 1.0
946 947 1.0
946 985 1.0
946 986 1.0
947 948 1.0
947 986 1.0
947 987 1.0
948 949 1.0
948 987 1.0
948 988 1.0
949 950 1.0
949 988 1.0
949 989 1.0
950 951 1.0
950 989 1.0
950 990 1.0
951 952 1.0
951 990 1.0
951 991 1.0
952 953 1.0
952 991 1.0
952 992 1.0
953 954 1.0
953 992 1.0
953 993 1.0
954 955 1.0
954 993 1.0
954 994 1.0
955 956 1.0
955 994 1.0
955 995 1.0
956 957 1.0
956 995 1.0
956 996 1.0
957 958 1.0
957 996 1.0
957 997 1.0
958 959 1.0
958 997 1.0
958 998 1.0
959 960 1.0
959 998 1.0
959 999 1.0
960 961 1.0
960 999 1.0
960 1000 1.0
961 962 1.0
961 1000 1.0
961 1001 1.0
962 963 1.0
962 1001 1.0
962 1002 1.0
963 964 1.0
963 1002 1.0
963 1003 1.0
964 965 1.0
964 1003 1.0
964 1004 1.0
965 966 1.0
965 1004 1.0
965 1005 1.0
966 967 1.0
966 1005 1.0
966 1006 1.0
967 968 1.0
967 1006 1.0
967 1007 1.0
968 969 1.0
968 1007 1.0
968 1008 1.0
969 970 1.0
969 1008 1.0
969 1009 1.0
970 971 1.0
970 1009 1.0
970 1010 1.0
971 972 1.0
971 1010 1.0
971 1011 1.0
972 973 1.0
972 1011 1.0
972 1012 1.0
973 974 1.0
973 1012 1.0
973 1013 1.0
974 936 1.0
974 1013 1.0
974 975 1.0
975 976 1.0
975 1014 1.0
975 1015 1.0
976 977 1.0
976 1015 1.0
976 1016 1.0
977 978 1.0
977 1016 1.0
977 1017 1.0
978 979 1.0
978 1017 1.0
978 1018 1.0
979 980 1.0
979 1018 1.0
979 1019 1.0
980 981 1.0
980 1019 1.0
980 1020 1.0
981 982 1.0
981 1020 1.0
981 1021 1.0
982 983 1.0
982 1021 1.0
982 1022 1.0
983 984 1.0
983 1022 1.0
983 1023 1.0
984 985 1.0
984 1023 1.0
984 1024 1.0
985 986 1.0
985 1024 1.0
985 1025 1.0
986 987 1.0
986 1025 1.0
986 1026 1.0
987 988 1.0
987 1026 1.0
987 1027 1.0
988 989 1.0
988 1027 1.0
988 1028 1.0
989 990 1.0
989 1028 1.0
989 1029 1.0
990 991 1.0
990 1029 1.0
990 1030 1.0
991 992 1.0
991 1030 1.0
991 1031 1.0
992 993 1.0
992 1031 1.0
992 1032 1.0
993 994 1.0
993 1032 1.0
993 1033 1.0
994 995 1.0
994 1033 1.0
994 1034 1.0
995 996 1.0
995 1034 1.0
995 1035 1.0
996 997 1.0
996 1035 1.0
996 1036 1.0
997 998 1.0
997 1036 1.0
997 1037 1.0
998 999 1.0
998 1037 1.0
998 1038 1.0
999 1000 1.0
999 1038 1.0
999 1039 1.0
1000 1001 1.0
1000 1039 1.0
1000 1040 1.0
1001 1002 1.0
1001 1040 1.0
1001 1041 1.0
1002 1003 1.0
1002 1041 1.0
1002 1042 1.0
1003 1004 1.0
1003 1042 1.0
1003 1043 1.0
1004 1005 1.0
1004 1043 1.0
1004 1044 1.0
1005 1006 1.0
1005 1044 1.0
1005 1045 1.0
1006 1007 1.0
1006 1045 1.0
1006 1046 1.0
1007 1008 1.0
1007 1046 1.0
1007 1047 1.0
1008 1009 1.0
1008 1047 1.0
1008 1048 1.0
1009 1010 1.0
1009 1048 1.0
1009 1049 1.0
1010 1011 1.0
1010 1049 1.0
1010 1050 1.0
1011 1012 1.0
1011 1050 1.0
1011 1051 1.0
1012 1013 1.0
1012 1051 1.0
1012 1052 1.0
1013 975 1.0
1013 1052 1.0
1013 1014 1.0
1014 1015 1.0
1014 1053 1.0
1014 1054 1.0
1015 1016 1.0
1015 1054 1.0
1015 1055 1.0
1016 1017 1.0
1016 1055 1.0
1016 1056 1.0
1017 1018 1.0
1017 1056 1.0
1017 1057 1.0
1018 1019 1.0
1018 1057 1.0
1018 1058 1.0
1019 1020 1.0
1019 1058 1.0
1019 1059 1.0
1020 1021 1.0
1020 1059 1.0
1020 1060 1.0
1021 1022 1.0
1021 1060 1.0
1021 1061 1.0
1022 1023 1.0
1022 1061 1.0
1022 1062 1.0
1023 1024 1.0
1023 1062 1.0
1023 1063 1.0
1024 1025 1.0
1024 1063 1.0
1024 1064 1.0
1025 1026 1.0
1025 1064 1.0
1025 1065 1.0
1026 1027 1.0
1026 1065 1.0
1026 1066 1.0
1027 1028 1.0
1027 1066 1.0
1027 1067 1.0
1028 1029 1.0
1028 1067 1.0
1028 1068 1.0
1029 1030 1.0
1029 1068 1.0
1029 1069 1.0
1030 1031 1.0
1030 1069 1.0
1030 1070 1.0
1031 1032 1.0
1031 1070 1.0
1031 1071 1.0
1032 1033 1.0
1032 1071 1.0
1032 1072 1.0
1033 1034 1.0
1033 1072 1.0
1033 1073 1.0
1034 1035 1.0
1034 1073 1.0
1034 1074 1.0
1035 1036 1.0
1035 1074 1.0
1035 1075 1.0
1036 1037 1.0
1036 1075 1.0
1036 1076 1.0
1037 1038 1.0
1037 1076 1.0
1037 1077 1.0
1038 1039 1.0
1038 1077 1.0
1038 1078 1.0
1039 1040 1.0
1039 1078 1.0
1039 1079 1.0
1040 1041 1.0
1040 1079 1.0
1040 1080 1.0
1041 1042 1.0
1041 1080 1.0
1041 1081 1.0
1042 1043 1.0
1042 1081 1.0
1042 1082 1.0
1043 1044 1.0
1043 1082 1.0
1043 1083 1.0
1044 1045 1.0
1044 1083 1.0
1044 1084 1.0
1045 1046 1.0
1045 1084 1.0
1045 1085 1.0
1046 1047 1.0
1046 1085 1.0
1046 1086 1.0
1047 1048 1.0
1047 1086 1.0
1047 1087 1.0
1048 1049 1.0
1048 1087 1.0
1048 1088 1.0
1049 1050 1.0
1049 1088 1.0
1049 1089 1.0
1050 1051 1.0
1050 1089 1.0
1050 1090 1.0
1051 1052 1.0
1051 1090 1.0
1051 1091 1.0
1052 1014 1.0
1052 1091 1.0
1052 1053 1.0
1053 1054 1.0
1053 1092 1.0
1053 1093 1.0
1054 1055 1.0
1054 1093 1.0
1054 1094 1.0
1055 1056 1.0
1055 1094 1.0
1055 1095 1.0
1056 1057 1.0
1056 1095 1.0
1056 1096 1.0
1057 1058 1.0
1057 1096 1.0
1057 1097 1.0
1058 1059 1.0
1058 1097 1.0
1058 1098 1.0
1059 1060 1.0
1059 1098 1.0
1059 1099 1.0
1060 1061 1.0
1060 1099 1.0
1060 1100 1.0
1061 1062 1.0
1061 1100 1.0
1061 1101 1.0
1062 1063 1.0
1062 1101 1.0
1062 1102 1.0
1063 1064 1.0
1063 1102 1.0
1063 1103 1.0
1064 1065 1.0
1064 1103 1.0
1064 1104 1.0
1065 1066 1.0
1065 1104 1.0
1065 1105 1.0
1066 1067 1.0
1066 1105 1.0
1066 1106 1.0
1067 1068 1.0
1067 1106 1.0
1067 1107 1.0
1068 1069 1.0
1068 1107 1.0
1068 1108 1.0
1069 1070 1.0
1069 1108 1.0
1069 1109 1.0
1070 1071 1.0
1070 1109 1.0
1070 1110 1.0
1071 1072 1.0
1071 1110 1.0
1071 1111 1.0
1072 1073 1.0
1072 1111 1.0
1072 1112 1.0
1073 1074 1.0
1073 1112 1.0
1073 1113 1.0
1074 1075 1.0
1074 1113 1.0
1074 1114 1.0
1075 1076 1.0
1075 1114 1.0
1075 1115 1.0
1076 1077 1.0
1076 1115 1.0
1076 1116 1.0
1077 1078 1.0
1077 1116 1.0
1077 1117 1.0
1078 1079 1.0
1078 1117 1.0
1078 1118 1.0
1079 1080 1.0
1079 1118 1.0
1079 1119 1.0
1080 1081 1.0
1080 1119 1.0
1080 1120 1.0
1081 1082 1.0
1081 1120 1.0
1081 1121 1.0
1082 1083 1.0
1082 1121 1.0
1082 1122 1.0
1083 1084 1.0
1083 1122 1.0
1083 1123 1.0
1084 1085 1.0
1084 1123 1.0
1084 1124 1.0
1085 1086 1.0
1085 1124 1.0
1085 1125 1.0
1086 1087 1.0
1086 1125 1.0
1086 1126 1.0
1087 1088 1.0
1087 1126 1.0
1087 1127 1.0
1088 1089 1.0
1088 1127 1.0
1088 1128 1.0
1089 1090 1.0
1089 1128 1.0
1089 1129 1.0
1090 1091 1.0
1090 1129 1.0
1090 1130 1.0
1091 1053 1.0
1091 1130 1.0
1091 1092 1.0
1092 1093 1.0
1092 1131 1.0
1092 1132 1.0
1093 1094 1.0
1093 1132 1.0
1093 1133 1.0
1094 1095 1.0
1094 1133 1.0
1094 1134 1.0
1095 1096 1.0
1095 1134 1.0
1095 1135 1.0
1096 1097 1.0
1096 1135 1.0
1096 1136 1.0
1097 1098 1.0
1097 1136 1.0
1097 1137 1.0
1098 1099 1.0
1098 1137 1.0
1098 1138 1.0
1099 1100 1.0
1099 1138 1.0
1099 1139 1.0
1100 1101 1.0
1100 1139 1.0
1100 1140 1.0
1101 1102 1.0
1101 1140 1.0
1101 1141 1.0
1102 1103 1.0
1102 1141 1.0
1102 1142 1.0
1103 1104 1.0
1103 1142 1.0
1103 1143 1.0
1104 1105 1.0
1104 1143 1.0
1104 1144 1.0
1105 1106 1.0
1105 1144 1.0
1105 1145 1.0
1106 1107 1.0
1106 1145 1.0
1106 1146 1.0
1107 1108 1.0
1107 1146 1.0
1107 1147 1.0
1108 1109 1.0
1108 1147 1.0
1108 1148 1.0
1109 1110 1.0
1109 1148 1.0
1109 1149 1.0
1110 1111 1.0
1110 1149 1.0
1110 1150 1.0
1111 1112 1.0
1111 1150 1.0
1111 1151 1.0
1112 1113 1.0
1112 1151 1.0
1112 1152 1.0
1113 1114 1.0
1113 1152 1.0
1113 1153 1.0
1114 1115 1.0
1114 1153 1.0
1114 1154 1.0
1115 1116 1.0
1115 1154 1.0
1115 1155 1.0
1116 1117 1.0
1116 1155 1.0
1116 1156 1.0
1117 1118 1.0
1117 1156 1.0
1117 1157 1.0
1118 1119 1.0
1118 1157 1.0
1118 1158 1.0
1119 1120 1.0
1119 1158 1.0
1119 1159 1.0
1120 1121 1.0
1120 1159 1.0
1120 1160 1.0
1121 1122 1.0
1121 1160 1.0
1121 1161 1.0
1122 1123 1.0
1122 1161 1.0
1122 1162 1.0
1123 1124 1.0
1123 1162 1.0
1123 1163 1.0
1124 1125 1.0
1124 1163 1.0
1124 1164 1.0
1125 1126 1.0
1125 1164 1.0
1125 1165 1.0
1126 1127 1.0
1126 1165 1.0
1126 1166 1.0
1127 1128 1.0
1127 1166 1.0
1127 1167 1.0
1128 1129 1.0
1128 1167 1.0
1128 1168 1.0
1129 1130 1.0
1129 1168 1.0
1129 1169 1.0
1130 1092 1.0
1130 1169 1.0
1130 1131 1.0
1131 1132 1.0
1131 1170 1.0
1131 1171 1.0
1132 1133 1.0
1132 1171 1.0
1132 1172 1.0
1133 1134 1.0
1133 1172 1.0
1133 1173 1.0
1134 1135 1.0
1134 1173 1.0
1134 1174 1.0
1135 1136 1.0
1135 1174 1.0
1135 1175 1.0
1136 1137 1.0
1136 1175 1.0
1136 1176 1.0
1137 1138 1.0
1137 1176 1.0
1137 1177 1.0
1138 1139 1.0
1138 1177 1.0
1138 1178 1.0
1139 1140 1.0
1139 1178 1.0
1139 1179 1.0
1140 1141 1.0
1140 1179 1.0
1140 1180 1.0
1141 1142 1.0
1141 1180 1.0
1141 1181 1.0
1142 1143 1.0
1142 1181 1.0
1142 1182 1.0
1143 1144 1.0
1143 1182 1.0
1143 1183 1.0
1144 1145 1.0
1144 1183 1.0
1144 1184 1.0
1145 1146 1.0
1145 1184 1.0
1145 1185 1.0
1146 1147 1.0
1146 1185 1.0
1146 1186 1.0
1147 1148 1.0
1147 1186 1.0
1147 1187 1.0
1148 1149 1.0
1148 1187 1.0
1148 1188 1.0
1149 1150 1.0
1149 1188 1.0
1149 1189 1.0
1150 1151 1.0
1150 1189 1.0
1150 1190 1.0
1151 1152 1.0
1151 1190 1.0
1151 1191 1.0
1152 1153 1.0
1152 1191 1.0
1152 1192 1.0
1153 1154 1.0
1153 1192 1.0
1153 1193 1.0
1154 1155 1.0
1154 1193 1.0
1154 1194 1.0
1155 1156 1.0
1155 1194 1.0
1155 1195 1.0
1156 1157 1.0
1156 1195 1.0
1156 1196 1.0
1157 1158 1.0
1157 1196 1.0
1157 1197 1.0
1158 1159 1.0
1158 1197 1.0
1158 1198 1.0
1159 1160 1.0
1159 1198 1.0
1159 1199 1.0
1160 1161 1.0
1160 1199 1.0
1160 1200 1.0
1161 1162 1.0
1161 1200 1.0
1161 1201 1.0
1162 1163 1.0
1162 1201 1.0
1162 1202 1.0
1163 1164 1.0
1163 1202 1.0
1163 1203 1.0
1164 1165 1.0
1164 1203 1.0
1164 1204 1.0
1165 1166 1.0
1165 1204 1.0
1165 1205 1.0
1166 1167 1.0
1166 1205 1.0
1166 1206 1.0
1167 1168 1.0
1167 1206 1.0
1167 1207 1.0
1168 1169 1.0
1168 1207 1.0
1168 1208 1.0
1169 1131 1.0
1169 1208 1.0
1169 1170 1.0
1170 1171 1.0
1170 1209 1.0
1170 1210 1.0
1171 1172 1.0
1171 1210 1.0
1171 1211 1.0
1172 1173 1.0
1172 1211 1.0
1172 1212 1.0
1173 1174 1.0
1173 1212 1.0
1173 1213 1.0
1174 1175 1.0
1174 1213 1.0
1174 1214 1.0
1175 1176 1.0
1175 1214 1.0
1175 1215 1.0
1176 1177 1.0
1176 1215 1.0
1176 1216 1.0
1177 1178 1.0
1177 1216 1.0
1177 1217 1.0
1178 1179 1.0
1178 1217 1.0
1178 1218 1.0
1179 1180 1.0
1179 1218 1.0
1179 1219 1.0
1180 1181 1.0
1180 1219 1.0
1180 1220 1.0
1181 1182 1.0
1181 1220 1.0
1181 1221 1.0
1182 1183 1.0
1182 1221 1.0
1182 1222 1.0
1183 1184 1.0
1183 1222 1.0
1183 1223 1.0
1184 1185 1.0
1184 1223 1.0
1184 1224 1.0
1185 1186 1.0
1185 1224 1.0
1185 1225 1.0
1186 1187 1.0
1186 1225 1.0
1186 1226 1.0
1187 1188 1.0
1187 1226 1.0
1187 1227 1.0
1188 1189 1.0
1188 1227 1.0
1188 1228 1.0
1189 1190 1.0
1189 1228 1.0
1189 1229 1.0
1190 1191 1.0
1190 1229 1.0
1190 1230 1.0
1191 1192 1.0
1191 1230 1.0
1191 1231 1.0
1192 1193 1.0
1192 1231 1.0
1192 1232 1.0
1193 1194 1.0
1193 1232 1.0
1193 1233 1.0
1194 1195 1.0
1194 1233 1.0
1194 1234 1.0
1195 1196 1.0
1195 1234 1.0
1195 1235 1.0
1196 1197 1.0
1196 1235 1.0
1196 1236 1.0
1197 1198 1.0
1197 1236 1.0
1197 1237 1.0
1198 1199 1.0
1198 1237 1.0
1198 1238 1.0
1199 1200 1.0
1199 1238 1.0
1199 1239 1.0
1200 1201 1.0
1200 1239 1.0
1200 1240 1.0
1201 1202 1.0
1201 1240 1.0
1201 1241 1.0
1202 1203 1.0
1202 1241 1.0
1202 1242 1.0
1203 1204 1.0
1203 1242 1.0
1203 1243 1.0
1204 1205 1.0
1204 1243 1.0
1204 1244 1.0
1205 1206 1.0
1205 1244 1.0
1205 1245 1.0
1206 1207 1.0
1206 1245 1.0
1206 1246 1.0
1207 1208 1.0
1207 1246 1.0
1207 1247 1.0
1208 1170 1.0
1208 1247 1.0
1208 1209 1.0
1209 1210 1.0
1209 1248 1.0
1209 1249 1.0
1210 1211 1.0
1210 1249 1.0
1210 1250 1.0
1211 1212 1.0
1211 1250 1.0
1211 1251 1.0
1212 1213 1.0
1212 1251 1.0
1212 1252 1.0
1213 1214 1.0
1213 1252 1.0
1213 1253 1.0
1214 1215 1.0
1214 1253 1.0
1214 1254 1.0
1215 1216 1.0
1215 1254 1.0
1215 1255 1.0
1216 1217 1.0
1216 1255 1.0
1216 1256 1.0
1217 1218 1.0
1217 1256 1.0
1217 1257 1.0
1218 1219 1.0
1218 1257 1.0
1218 1258 1.0
1219 1220 1.0
1219 1258 1.0
1219 1259 1.0
1220 1221 1.0
1220 1259 1.0
1220 1260 1.0
1221 1222 1.0
1221 1260 1.0
1221 1261 1.0
1222 1223 1.0
1222 1261 1.0
1222 1262 1.0
1223 1224 1.0
1223 1262 1.0
1223 1263 1.0
1224 1225 1.0
1224 1263 1.0
1224 1264 1.0
1225 1226 1.0
1225 1264 1.0
1225 1265 1.0
1226 1227 1.0
1226 1265 1.0
1226 1266 1.0
1227 1228 1.0
1227 1266 1.0
1227 1267 1.0
1228 1229 1.0
1228 1267 1.0
1228 1268 1.0
1229 1230 1.0
1229 1268 1.0
1229 1269 1.0
1230 1231 1.0
1230 1269 1.0
1230 1270 1.0
1231 1232 1.0
1231 1270 1.0
1231 1271 1.0
1232 1233 1.0
1232 1271 1.0
1232 1272 1.0
1233 1234 1.0
1233 1272 1.0
1233 1273 1.0
1234 1235 1.0
1234 1273 1.0
1234 1274 1.0
1235 1236 1.0
1235 1274 1.0
1235 1275 1.0
1236 1237 1.0
1236 1275 1.0
1236 1276 1.0
1237 1238 1.0
1237 1276 1.0
1237 1277 1.0
1238 1239 1.0
1238 1277 1.0
1238 1278 1.0
1239 1240 1.0
1239 1278 1.0
1239 1279 1.0
1240 1241 1.0
1240 1279 1.0
1240 1280 1.0
1241 1242 1.0
1241 1280 1.0
1241 1281 1.0
1242 1243 1.0
1242 1281 1.0
1242 1282 1.0
1243 1244 1.0
1243 1282 1.0
1243 1283 1.0
1244 1245 1.0
1244 1283 1.0
1244 1284 1.0
1245 1246 1.0
1245 1284 1.0
1245 1285 1.0
1246 1247 1.0
1246 1285 1.0
1246 1286 1.0
1247 1209 1.0
1247 1286 1.0
1247 1248 1.0
1248 1249 1.0
1248 1287 1.0
1248 1288 1.0
1249 1250 1.0
1249 1288 1.0
1249 1289 1.0
1250 1251 1.0
1250 1289 1.0
1250 1290 1.0
1251 1252 1.0
1251 1290 1.0
1251 1291 1.0
1252 1253 1.0
1252 1291 1.0
1252 1292 1.0
1253 1254 1.0
1253 1292 1.0
1253 1293 1.0
1254 1255 1.0
1254 1293 1.0
1254 1294 1.0
1255 1256 1.0
1255 1294 1.0
1255 1295 1.0
1256 1257 1.0
1256 1295 1.0
1256 1296 1.0
1257 1258 1.0
1257 1296 1.0
1257 1297 1.0
1258 1259 1.0
1258 1297 1.0
1258 1298 1.0
1259 1260 1.0
1259 1298 1.0
1259 1299 1.0
1260 1261 1.0
1260 1299 1.0
1260 1300 1.0
1261 1262 1.0
1261 1300 1.0
1261 1301 1.0
1262 1263 1.0
1262 1301 1.0
1262 1302 1.0
1263 1264 1.0
1263 1302 1.0
1263 1303 1.0
1264 1265 1.0
1264 1303 1.0
1264 1304 1.0
1265 1266 1.0
1265 1304 1.0
1265 1305 1.0
1266 1267 1.0
1266 1305 1.0
1266 1306 1.0
1267 1268 1.0
1267 1306 1.0
1267 1307 1.0
1268 1269 1.0
1268 1307 1.0
1268 1308 1.0
1269 1270 1.0
1269 1308 1.0
1269 1309 1.0
1270 1271 1.0
1270 1309 1.0
1270 1310 1.0
1271 1272 1.0
1271 1310 1.0
1271 1311 1.0
1272 1273 1.0
1272 1311 1.0
1272 1312 1.0
1273 1274 1.0
1273 1312 1.0
1273 1313 1.0
1274 1275 1.0
1274 1313 1.0
1274 1314 1.0
1275 1276 1.0
1275 1314 1.0
1275 1315 1.0
1276 1277 1.0
1276 1315 1.0
1276 1316 1.0
1277 1278 1.0
1277 1316 1.0
1277 1317 1.0
1278 1279 1.0
1278 1317 1.0
1278 1318 1.0
1279 1280 1.0
1279 1318 1.0
1279 1319 1.0
1280 1281 1.0
1280 1319 1.0
1280 1320 1.0
1281 1282 1.0
1281 1320 1.0
1281 1321 1.0
1282 1283 1.0
1282 1321 1.0
1282 1322 1.0
1283 1284 1.0
1283 1322 1.0
1283 1323 1.0
1284 1285 1.0
1284 1323 1.0
1284 1324 1.0
1285 1286 1.0
1285 1324 1.0
1285 1325 1.0
1286 1248 1.0
1286 1325 1.0
1286 1287 1.0
1287 1288 1.0
1287 1326 1.0
1287 1327 1.0
1288 1289 1.0
1288 1327 1.0
1288 1328 1.0
1289 1290 1.0
1289 1328 1.0
1289 1329 1.0
1290 1291 1.0
1290 1329 1.0
1290 1330 1.0
1291 1292 1.0
1291 1330 1.0
1291 1331 1.0
1292 1293 1.0
1292 1331 1.0
1292 1332 1.0
1293 1294 1.0
1293 1332 1.0
1293 1333 1.0
1294 1295 1.0
1294 1333 1.0
1294 1334 1.0
1295 1296 1.0
1295 1334 1.0
1295 1335 1.0
1296 1297 1.0
1296 1335 1.0
1296 1336 1.0
1297 1298 1.0
1297 1336 1.0
1297 1337 1.0
1298 1299 1.0
1298 1337 1.0
1298 1338 1.0
1299 1300 1.0
1299 1338 1.0
1299 1339 1.0
1300 1301 1.0
1300 1339 1.0
1300 1340 1.0
1301 1302 1.0
1301 1340 1.0
1301 1341 1.0
1302 1303 1.0
1302 1341 1.0
1302 1342 1.0
1303 1304 1.0
1303 1342 1.0
1303 1343 1.0
1304 1305 1.0
1304 1343 1.0
1304 1344 1.0
1305 1306 1.0
1305 1344 1.0
1305 1345 1.0
1306 1307 1.0
1306 1345 1.0
1306 1346 1.0
1307 1308 1.0
1307 1346 1.0
1307 1347 1.0
1308 1309 1.0
1308 1347 1.0
1308 1348 1.0
1309 1310 1.0
1309 1348 1.0
1309 1349 1.0
1310 1311 1.0
1310 1349 1.0
1310 1350 1.0
1311 1312 1.0
1311 1350 1.0
1311 1351 1.0
1312 1313 1.0
1312 1351 1.0
1312 1352 1.0
1313 1314 1.0
1313 1352 1.0
1313 1353 1.0
1314 1315 1.0
1314 1353 1.0
1314 1354 1.0
1315 1316 1.0
1315 1354 1.0
1315 1355 1.0
1316 1317 1.0
1316 1355 1.0
1316 1356 1.0
1317 1318 1.0
1317 1356 1.0
1317 1357 1.0
1318 1319 1.0
1318 1357 1.0
1318 1358 1.0
1319 1320 1.0
1319 1358 1.0
1319 1359 1.0
1320 1321 1.0
1320 1359 1.0
1320 1360 1.0
1321 1322 1.0
1321 1360 1.0
1321 1361 1.0
1322 1323 1.0
1322 1361 1.0
1322 1362 1.0
1323 1324 1.0
1323 1362 1.0
1323 1363 1.0
1324 1325 1.0
1324 1363 1.0
1324 1364 1.0
1325 1287 1.0
1325 1364 1.0
1325 1326 1.0
1326 1327 1.0
1326 1365 1.0
1326 1366 1.0
1327 1328 1.0
1327 1366 1.0
1327 1367 1.0
1328 1329 1.0
1328 1367 1.0
1328 1368 1.0
1329 1330 1.0
1329 1368 1.0
1329 1369 1.0
1330 1331 1.0
1330 1369 1.0
1330 1370 1.0
1331 1332 1.0
1331 1370 1.0
1331 1371 1.0
1332 1333 1.0
1332 1371 1.0
1332 1372 1.0
1333 1334 1.0
1333 1372 1.0
1333 1373 1.0
1334 1335 1.0
1334 1373 1.0
1334 1374 1.0
1335 1336 1.0
1335 1374 1.0
1335 1375 1.0
1336 1337 1.0
1336 1375 1.0
1336 1376 1.0
1337 1338 1.0
1337 1376 1.0
1337 1377 1.0
1338 1339 1.0
1338 1377 1.0
1338 1378 1.0
1339 1340 1.0
1339 1378 1.0
1339 1379 1.0
1340 1341 1.0
1340 1379 1.0
1340 1380 1.0
1341 1342 1.0
1341 1380 1.0
1341 1381 1.0
1342 1343 1.0
1342 1381 1.0
1342 1382 1.0
1343 1344 1.0
1343 1382 1.0
1343 1383 1.0
1344 1345 1.0
1344 1383 1.0
1344 1384 1.0
1345 1346 1.0
1345 1384 1.0
1345 1385 1.0
1346 1347 1.0
1346 1385 1.0
1346 1386 1.0
1347 1348 1.0
1347 1386 1.0
1347 1387 1.0
1348 1349 1.0
1348 1387 1.0
1348 1388 1.0
1349 1350 1.0
1349 1388 1.0
1349 1389 1.0
1350 1351 1.0
1350 1389 1.0
1350 1390 1.0
1351 1352 1.0
1351 1390 1.0
1351 1391 1.0
1352 1353 1.0
1352 1391 1.0
1352 1392 1.0
1353 1354 1.0
1353 1392 1.0
1353 1393 1.0
1354 1355 1.0
1354 1393 1.0
1354 1394 1.0
1355 1356 1.0
1355 1394 1.0
1355 1395 1.0
1356 1357 1.0
1356 1395 1.0
1356 1396 1.0
1357 1358 1.0
1357 1396 1.0
1357 1397 1.0
1358 1359 1.0
1358 1397 1.0
1358 1398 1.0
1359 1360 1.0
1359 1398 1.0
1359 1399 1.0
1360 1361 1.0
1360 1399 1.0
1360 1400 1.0
1361 1362 1.0
1361 1400 1.0
1361 1401 1.0
1362 1363 1.0
1362 1401 1.0
1362 1402 1.0
1363 1364 1.0
1363 1402 1.0
1363 1403 1.0
1364 1326 1.0
1364 1403 1.0
1364 1365 1.0
1365 1366 1.0
1365 1404 1.0
1365 1405 1.0
1366 1367 1.0
1366 1405 1.0
1366 1406 1.0
1367 1368 1.0
1367 1406 1.0
1367 1407 1.0
1368 1369 1.0
1368 1407 1.0
1368 1408 1.0
1369 1370 1.0
1369 1408 1.0
1369 1409 1.0
1370 1371 1.0
1370 1409 1.0
1370 1410 1.0
1371 1372 1.0
1371 1410 1.0
1371 1411 1.0
1372 1373 1.0
1372 1411 1.0
1372 1412 1.0
1373 1374 1.0
1373 1412 1.0
1373 1413 1.0
1374 1375 1.0
1374 1413 1.0
1374 1414 1.0
1375 1376 1.0
1375 1414 1.0
1375 1415 1.0
1376 1377 1.0
1376 1415 1.0
1376 1416 1.0
1377 1378 1.0
1377 1416 1.0
1377 1417 1.0
1378 1379 1.0
1378 1417 1.0
1378 1418 1.0
1379 1380 1.0
1379 1418 1.0
1379 1419 1.0
1380 1381 1.0
1380 1419 1.0
1380 1420 1.0
1381 1382 1.0
1381 1420 1.0
1381 1421 1.0
1382 1383 1.0
1382 1421 1.0
1382 1422 1.0
1383 1384 1.0
1383 1422 1.0
1383 1423 1.0
1384 1385 1.0
1384 1423 1.0
1384 1424 1.0
1385 1386 1.0
1385 1424 1.0
1385 1425 1.0
1386 1387 1.0
1386 1425 1.0
1386 1426 1.0
1387 1388 1.0
1387 1426 1.0
1387 1427 1.0
1388 1389 1.0
1388 1427 1.0
1388 1428 1.0
1389 1390 1.0
1389 1428 1.0
1389 1429 1.0
1390 1391 1.0
1390 1429 1.0
1390 1430 1.0
1391 1392 1.0
1391 1430 1.0
1391 1431 1.0
1392 1393 1.0
1392 1431 1.0
1392 1432 1.0
1393 1394 1.0
1393 1432 1.0
1393 1433 1.0
1394 1395 1.0
1394 1433 1.0
1394 1434 1.0
1395 1396 1.0
1395 1434 1.0
1395 1435 1.0
1396 1397 1.0
1396 1435 1.0
1396 1436 1.0
1397 1398 1.0
1397 1436 1.0
1397 1437 1.0
1398 1399 1.0
1398 1437 1.0
1398 1438 1.0
1399 1400 1.0
1399 1438 1.0
1399 1439 1.0
1400 1401 1.0
1400 1439 1.0
1400 1440 1.0
1401 1402 1.0
1401 1440 1.0
1401 1441 1.0
1402 1403 1.0
1402 1441 1.0
1402 1442 1.0
1403 1365 1.0
1403 1442 1.0
1403 1404 1.0
1404 1405 1.0
1404 1443 1.0
1404 1444 1.0
1405 1406 1.0
1405 1444 1.0
1405 1445 1.0
1406 1407 1.0
1406 1445 1.0
1406 1446 1.0
1407 1408 1.0
1407 1446 1.0
1407 1447 1.0
1408 1409 1.0
1408 1447 1.0
1408 1448 1.0
1409 1410 1.0
1409 1448 1.0
1409 1449 1.0
1410 1411 1.0
1410 1449 1.0
1410 1450 1.0
1411 1412 1.0
1411 1450 1.0
1411 1451 1.0
1412 1413 1.0
1412 1451 1.0
1412 1452 1.0
1413 1414 1.0
1413 1452 1.0
1413 1453 1.0
1414 1415 1.0
1414 1453 1.0
1414 1454 1.0
1415 1416 1.0
1415 1454 1.0
1415 1455 1.0
1416 1417 1.0
1416 1455 1.0
1416 1456 1.0
1417 1418 1.0
1417 1456 1.0
1417 1457 1.0
1418 1419 1.0
1418 1457 1.0
1418 1458 1.0
1419 1420 1.0
1419 1458 1.0
1419 1459 1.0
1420 1421 1.0
1420 1459 1.0
1420 1460 1.0
1421 1422 1.0
1421 1460 1.0
1421 1461 1.0
1422 1423 1.0
1422 1461 1.0
1422 1462 1.0
1423 1424 1.0
1423 1462 1.0
1423 1463 1.0
1424 1425 1.0
1424 1463 1.0
1424 1464 1.0
1425 1426 1.0
1425 1464 1.0
1425 1465 1.0
1426 1427 1.0
1426 1465 1.0
1426 1466 1.0
1427 1428 1.0
1427 1466 1.0
1427 1467 1.0
1428 1429 1.0
1428 1467 1.0
1428 1468 1.0
1429 1430 1.0
1429 1468 1.0
1429 1469 1.0
1430 1431 1.0
1430 1469 1.0
1430 1470 1.0
1431 1432 1.0
1431 1470 1.0
1431 1471 1.0
1432 1433 1.0
1432 1471 1.0
1432 1472 1.0
1433 1434 1.0
1433 1472 1.0
1433 1473 1.0
1434 1435 1.0
1434 1473 1.0
1434 1474 1.0
1435 1436 1.0
1435 1474 1.0
1435 1475 1.0
1436 1437 1.0
1436 1475 1.0
1436 1476 1.0
1437 1438 1.0
1437 1476 1.0
1437 1477 1.0
1438 1439 1.0
1438 1477 1.0
1438 1478 1.0
1439 1440 1.0
1439 1478 1.0
1439 1479 1.0
1440 1441 1.0
1440 1479 1.0
1440 1480 1.0
1441 1442 1.0
1441 1480 1.0
1441 1481 1.0
1442 1404 1.0
1442 1481 1.0
1442 1443 1.0
1443 1444 1.0
1443 1482 1.0
1443 1483 1.0
1444 1445 1.0
1444 1483 1.0
1444 1484 1.0
1445 1446 1.0
1445 1484 1.0
1445 1485 1.0
1446 1447 1.0
1446 1485 1.0
1446 1486 1.0
1447 1448 1.0
1447 1486 1.0
1447 1487 1.0
1448 1449 1.0
1448 1487 1.0
1448 1488 1.0
1449 1450 1.0
1449 1488 1.0
1449 1489 1.0
1450 1451 1.0
1450 1489 1.0
1450 1490 1.0
1451 1452 1.0
1451 1490 1.0
1451 1491 1.0
1452 1453 1.0
1452 1491 1.0
1452 1492 1.0
1453 1454 1.0
1453 1492 1.0
1453 1493 1.0
1454 1455 1.0
1454 1493 1.0
1454 1494 1.0
1455 1456 1.0
1455 1494 1.0
1455 1495 1.0
1456 1457 1.0
1456 1495 1.0
1456 1496 1.0
1457 1458 1.0
1457 1496 1.0
1457 1497 1.0
1458 1459 1.0
1458 1497 1.0
1458 1498 1.0
1459 1460 1.0
1459 1498 1.0
1459 1499 1.0
1460 1461 1.0
1460 1499 1.0
1460 1500 1.0
1461 1462 1.0
1461 1500 1.0
1461 1501 1.0
1462 1463 1.0
1462 1501 1.0
1462 1502 1.0
1463 1464 1.0
1463 1502 1.0
1463 1503 1.0
1464 1465 1.0
1464 1503 1.0
1464 1504 1.0
1465 1466 1.0
1465 1504 1.0
1465 1505 1.0
1466 1467 1.0
1466 1505 1.0
1466 1506 1.0
1467 1468 1.0
1467 1506 1.0
1467 1507 1.0
1468 1469 1.0
1468 1507 1.0
1468 1508 1.0
1469 1470 1.0
1469 1508 1.0
1469 1509 1.0
1470 1471 1.0
1470 1509 1.0
1470 1510 1.0
1471 1472 1.0
1471 1510 1.0
1471 1511 1.0
1472 1473 1.0
1472 1511 1.0
1472 1512 1.0
1473 1474 1.0
1473 1512 1.0
1473 1513 1.0
1474 1475 1.0
1474 1513 1.0
1474 1514 1.0
1475 1476 1.0
1475 1514 1.0
1475 1515 1.0
1476 1477 1.0
1476 1515 1.0
1476 1516 1.0
1477 1478 1.0
1477 1516 1.0
1477 1517 1.0
1478 1479 1.0
1478 1517 1.0
1478 1518 1.0
1479 1480 1.0
1479 1518 1.0
1479 1519 1.0
1480 1481 1.0
1480 1519 1.0
1480 1520 1.0
1481 1443 1.0
1481 1520 1.0
1481 1482 1.0
1482 1483 1.0
1482 0 1.0
1482 1 1.0
1483 1484 1.0
1483 1 1.0
1483 2 1.0
1484 1485 1.0
1484 2 1.0
1484 3 1.0
1485 1486 1.0
1485 3 1.0
1485 4 1.0
1486 1487 1.0
1486 4 1.0
1486 5 1.0
1487 1488 1.0
1487 5 1.0
1487 6 1.0
1488 1489 1.0
1488 6 1.0
1488 7 1.0
1489 1490 1.0
1489 7 1.0
1489 8 1.0
1490 1491 1.0
1490 8 1.0
1490 9 1.0
1491 1492 1.0
1491 9 1.0
1491 10 1.0
1492 1493 1.0
1492 10 1.0
1492 11 1.0
1493 1494 1.0
1493 11 1.0
1493 12 1.0
1494 1495 1.0
1494 12 1.0
1494 13 1.0
1495 1496 1.0
1495 13 1.0
1495 14 1.0
1496 1497 1.0
1496 14 1.0
1496 15 1.0
1497 1498 1.0
1497 15 1.0
1497 16 1.0
1498 1499 1.0
1498 16 1.0
1498 17 1.0
1499 1500 1.0
1499 17 1.0
1499 18 1.0
1500 1501 1.0
1500 18 1.0
1500 19 1.0
1501 1502 1.0
1501 19 1.0
1501 20 1.0
1502 1503 1.0
1502 20 1.0
1502 21 1.0
1503 1504 1.0
1503 21 1.0
1503 22 1.0
1504 1505 1.0
1504 22 1.0
1504 23 1.0
1505 1506 1.0
1505 23 1.0
1505 24 1.0
1506 1507 1.0
1506 24 1.0
1506 25 1.0
1507 1508 1.0
1507 25 1.0
1507 26 1.0
1508 1509 1.0
1508 26 1.0
1508 27 1.0
1509 1510 1.0
1509 27 1.0
1509 28 1.0
1510 1511 1.0
1510 28 1.0
1510 29 1.0
1511 1512 1.0
1511 29 1.0
1511 30 1.0
1512 1513 1.0
1512 30 1.0
1512 31 1.0
1513 1514 1.0
1513 31 1.0
1513 32 1.0
1514 1515 1.0
1514 32 1.0
1514 33 1.0
1515 1516 1.0
1515 33 1.0
1515 34 1.0
1516 1517 1.0
1516 34 1.0
1516 35 1.0
1517 1518 1.0
1517 35 1.0
1517 36 1.0
1518 1519 1.0
1518 36 1.0
1518 37 1.0
1519 1520 1.0
1519 37 1.0
1519 38 1.0
1520 1482 1.0
1520 38 1.0
1520 0 1.0
