# Model: L 36 W 36 Kagome Graph
0 1 1.0
0 36 1.0
1 2 1.0
1 37 1.0
2 3 1.0
2 37 1.0
3 4 1.0
3 38 1.0
4 5 1.0
4 38 1.0
5 6 1.0
5 39 1.0
6 7 1.0
6 39 1.0
7 8 1.0
7 40 1.0
8 9 1.0
8 40 1.0
9 10 1.0
9 41 1.0
10 11 1.0
10 41 1.0
11 12 1.0
11 42 1.0
12 13 1.0
12 42 1.0
13 14 1.0
13 43 1.0
14 15 1.0
14 43 1.0
15 16 1.0
15 44 1.0
16 17 1.0
16 44 1.0
17 18 1.0
17 45 1.0
18 19 1.0
18 45 1.0
19 20 1.0
19 46 1.0
20 21 1.0
20 46 1.0
21 22 1.0
21 47 1.0
22 23 1.0
22 47 1.0
23 24 1.0
23 48 1.0
24 25 1.0
24 48 1.0
25 26 1.0
25 49 1.0
26 27 1.0
26 49 1.0
27 28 1.0
27 50 1.0
28 29 1.0
28 50 1.0
29 30 1.0
29 51 1.0
30 31 1.0
30 51 1.0
31 32 1.0
31 52 1.0
32 33 1.0
32 52 1.0
33 34 1.0
33 53 1.0
34 35 1.0
34 53 1.0
35 0 1.0
35 36 1.0
36 54 1.0
36 55 1.0
37 56 1.0
37 57 1.0
38 58 1.0
38 59 1.0
39 60 1.0
39 61 1.0
40 62 1.0
40 63 1.0
41 64 1.0
41 65 1.0
42 66 1.0
42 67 1.0
43 68 1.0
43 69 1.0
44 70 1.0
44 71 1.0
45 72 1.0
45 73 1.0
46 74 1.0
46 75 1.0
47 76 1.0
47 77 1.0
48 78 1.0
48 79 1.0
49 80 1.0
49 81 1.0
50 82 1.0
50 83 1.0
51 84 1.0
51 85 1.0
52 86 1.0
52 87 1.0
53 88 1.0
53 89 1.0
54 55 1.0
54 90 1.0
55 56 1.0
55 91 1.0
56 57 1.0
56 91 1.0
57 58 1.0
57 92 1.0
58 59 1.0
58 92 1.0
59 60 1.0
59 93 1.0
60 61 1.0
60 93 1.0
61 62 1.0
61 94 1.0
62 63 1.0
62 94 1.0
63 64 1.0
63 95 1.0
64 65 1.0
64 95 1.0
65 66 1.0
65 96 1.0
66 67 1.0
66 96 1.0
67 68 1.0
67 97 1.0
68 69 1.0
68 97 1.0
69 70 1.0
69 98 1.0
70 71 1.0
70 98 1.0
71 72 1.0
71 99 1.0
72 73 1.0
72 99 1.0
73 74 1.0
73 100 1.0
74 75 1.0
74 100 1.0
75 76 1.0
75 101 1.0
76 77 1.0
76 101 1.0
77 78 1.0
77 102 1.0
78 79 1.0
78 102 1.0
79 80 1.0
79 103 1.0
80 81 1.0
80 103 1.0
81 82 1.0
81 104 1.0
82 83 1.0
82 104 1.0
83 84 1.0
83 105 1.0
84 85 1.0
84 105 1.0
85 86 1.0
85 106 1.0
86 87 1.0
86 106 1.0
87 88 1.0
87 107 1.0
88 89 1.0
88 107 1.0
89 54 1.0
89 90 1.0
90 108 1.0
90 109 1.0
91 110 1.0
91 111 1.0
92 112 1.0
92 113 1.0
93 114 1.0
93 115 1.0
94 116 1.0
94 117 1.0
95 118 1.0
95 119 1.0
96 120 1.0
96 121 1.0
97 122 1.0
97 123 1.0
98 124 1.0
98 125 1.0
99 126 1.0
99 127 1.0
100 128 1.0
100 129 1.0
101 130 1.0
101 131 1.0
102 132 1.0
102 133 1.0
103 134 1.0
103 135 1.0
104 136 1.0
104 137 1.0
105 138 1.0
105 139 1.0
106 140 1.0
106 141 1.0
107 142 1.0
107 143 1.0
108 109 1.0
108 144 1.0
109 110 1.0
109 145 1.0
110 111 1.0
110 145 1.0
111 112 1.0
111 146 1.0
112 113 1.0
112 146 1.0
113 114 1.0
113 147 1.0
114 115 1.0
114 147 1.0
115 116 1.0
115 148 1.0
116 117 1.0
116 148 1.0
117 118 1.0
117 149 1.0
118 119 1.0
118 149 1.0
119 120 1.0
119 150 1.0
120 121 1.0
120 150 1.0
121 122 1.0
121 151 1.0
122 123 1.0
122 151 1.0
123 124 1.0
123 152 1.0
124 125 1.0
124 152 1.0
125 126 1.0
125 153 1.0
126 127 1.0
126 153 1.0
127 128 1.0
127 154 1.0
128 129 1.0
128 154 1.0
129 130 1.0
129 155 1.0
130 131 1.0
130 155 1.0
131 132 1.0
131 156 1.0
132 133 1.0
132 156 1.0
133 134 1.0
133 157 1.0
134 135 1.0
134 157 1.0
135 136 1.0
135 158 1.0
136 137 1.0
136 158 1.0
137 138 1.0
137 159 1.0
138 139 1.0
138 159 1.0
139 140 1.0
139 160 1.0
140 141 1.0
140 160 1.0
141 142 1.0
141 161 1.0
142 143 1.0
142 161 1.0
143 108 1.0
143 144 1.0
144 162 1.0
144 163 1.0
145 164 1.0
145 165 1.0
146 166 1.0
146 167 1.0
147 168 1.0
147 169 1.0
148 170 1.0
148 171 1.0
149 172 1.0
149 173 1.0
150 174 1.0
150 175 1.0
151 176 1.0
151 177 1.0
152 178 1.0
152 179 1.0
153 180 1.0
153 181 1.0
154 182 1.0
154 183 1.0
155 184 1.0
155 185 1.0
156 186 1.0
156 187 1.0
157 188 1.0
157 189 1.0
158 190 1.0
158 191 1.0
159 192 1.0
159 193 1.0
160 194 1.0
160 195 1.0
161 196 1.0
161 197 1.0
162 163 1.0
162 198 1.0
163 164 1.0
163 199 1.0
164 165 1.0
164 199 1.0
165 166 1.0
165 200 1.0
166 167 1.0
166 200 1.0
167 168 1.0
167 201 1.0
168 169 1.0
168 201 1.0
169 170 1.0
169 202 1.0
170 171 1.0
170 202 1.0
171 172 1.0
171 203 1.0
172 173 1.0
172 203 1.0
173 174 1.0
173 204 1.0
174 175 1.0
174 204 1.0
175 176 1.0
175 205 1.0
176 177 1.0
176 205 1.0
177 178 1.0
177 206 1.0
178 179 1.0
178 206 1.0
179 180 1.0
179 207 1.0
180 181 1.0
180 207 1.0
181 182 1.0
181 208 1.0
182 183 1.0
182 208 1.0
183 184 1.0
183 209 1.0
184 185 1.0
184 209 1.0
185 186 1.0
185 210 1.0
186 187 1.0
186 210 1.0
187 188 1.0
187 211 1.0
188 189 1.0
188 211 1.0
189 190 1.0
189 212 1.0
190 191 1.0
190 212 1.0
191 192 1.0
191 213 1.0
192 193 1.0
192 213 1.0
193 194 1.0
193 214 1.0
194 195 1.0
194 214 1.0
195 196 1.0
195 215 1.0
196 197 1.0
196 215 1.0
197 162 1.0
197 198 1.0
198 216 1.0
198 217 1.0
199 218 1.0
199 219 1.0
200 220 1.0
200 221 1.0
201 222 1.0
201 223 1.0
202 224 1.0
202 225 1.0
203 226 1.0
203 227 1.0
204 228 1.0
204 229 1.0
205 230 1.0
205 231 1.0
206 232 1.0
206 233 1.0
207 234 1.0
207 235 1.0
208 236 1.0
208 237 1.0
209 238 1.0
209 239 1.0
210 240 1.0
210 241 1.0
211 242 1.0
211 243 1.0
212 244 1.0
212 245 1.0
213 246 1.0
213 247 1.0
214 248 1.0
214 249 1.0
215 250 1.0
215 251 1.0
216 217 1.0
216 252 1.0
217 218 1.0
217 253 1.0
218 219 1.0
218 253 1.0
219 220 1.0
219 254 1.0
220 221 1.0
220 254 1.0
221 222 1.0
221 255 1.0
222 223 1.0
222 255 1.0
223 224 1.0
223 256 1.0
224 225 1.0
224 256 1.0
225 226 1.0
225 257 1.0
226 227 1.0
226 257 1.0
227 228 1.0
227 258 1.0
228 229 1.0
228 258 1.0
229 230 1.0
229 259 1.0
230 231 1.0
230 259 1.0
231 232 1.0
231 260 1.0
232 233 1.0
232 260 1.0
233 234 1.0
233 261 1.0
234 235 1.0
234 261 1.0
235 236 1.0
235 262 1.0
236 237 1.0
236 262 1.0
237 238 1.0
237 263 1.0
238 239 1.0
238 263 1.0
239 240 1.0
239 264 1.0
240 241 1.0
240 264 1.0
241 242 1.0
241 265 1.0
242 243 1.0
242 265 1.0
243 244 1.0
243 266 1.0
244 245 1.0
244 266 1.0
245 246 1.0
245 267 1.0
246 247 1.0
246 267 1.0
247 248 1.0
247 268 1.0
248 249 1.0
248 268 1.0
249 250 1.0
249 269 1.0
250 251 1.0
250 269 1.0
251 216 1.0
251 252 1.0
252 270 1.0
252 271 1.0
253 272 1.0
253 273 1.0
254 274 1.0
254 275 1.0
255 276 1.0
255 277 1.0
256 278 1.0
256 279 1.0
257 280 1.0
257 281 1.0
258 282 1.0
258 283 1.0
259 284 1.0
259 285 1.0
260 286 1.0
260 287 1.0
261 288 1.0
261 289 1.0
262 290 1.0
262 291 1.0
263 292 1.0
263 293 1.0
264 294 1.0
264 295 1.0
265 296 1.0
265 297 1.0
266 298 1.0
266 299 1.0
267 300 1.0
267 301 1.0
268 302 1.0
268 303 1.0
269 304 1.0
269 305 1.0
270 271 1.0
270 306 1.0
271 272 1.0
271 307 1.0
272 273 1.0
272 307 1.0
273 274 1.0
273 308 1.0
274 275 1.0
274 308 1.0
275 276 1.0
275 309 1.0
276 277 1.0
276 309 1.0
277 278 1.0
277 310 1.0
278 279 1.0
278 310 1.0
279 280 1.0
279 311 1.0
280 281 1.0
280 311 1.0
281 282 1.0
281 312 1.0
282 283 1.0
282 312 1.0
283 284 1.0
283 313 1.0
284 285 1.0
284 313 1.0
285 286 1.0
285 314 1.0
286 287 1.0
286 314 1.0
287 288 1.0
287 315 1.0
288 289 1.0
288 315 1.0
289 290 1.0
289 316 1.0
290 291 1.0
290 316 1.0
291 292 1.0
291 317 1.0
292 293 1.0
292 317 1.0
293 294 1.0
293 318 1.0
294 295 1.0
294 318 1.0
295 296 1.0
295 319 1.0
296 297 1.0
296 319 1.0
297 298 1.0
297 320 1.0
298 299 1.0
298 320 1.0
299 300 1.0
299 321 1.0
300 301 1.0
300 321 1.0
301 302 1.0
301 322 1.0
302 303 1.0
302 322 1.0
303 304 1.0
303 323 1.0
304 305 1.0
304 323 1.0
305 270 1.0
305 306 1.0
306 324 1.0
306 325 1.0
307 326 1.0
307 327 1.0
308 328 1.0
308 329 1.0
309 330 1.0
309 331 1.0
310 332 1.0
310 333 1.0
311 334 1.0
311 335 1.0
312 336 1.0
312 337 1.0
313 338 1.0
313 339 1.0
314 340 1.0
314 341 1.0
315 342 1.0
315 343 1.0
316 344 1.0
316 345 1.0
317 346 1.0
317 347 1.0
318 348 1.0
318 349 1.0
319 350 1.0
319 351 1.0
320 352 1.0
320 353 1.0
321 354 1.0
321 355 1.0
322 356 1.0
322 357 1.0
323 358 1.0
323 359 1.0
324 325 1.0
324 360 1.0
325 326 1.0
325 361 1.0
326 327 1.0
326 361 1.0
327 328 1.0
327 362 1.0
328 329 1.0
328 362 1.0
329 330 1.0
329 363 1.0
330 331 1.0
330 363 1.0
331 332 1.0
331 364 1.0
332 333 1.0
332 364 1.0
333 334 1.0
333 365 1.0
334 335 1.0
334 365 1.0
335 336 1.0
335 366 1.0
336 337 1.0
336 366 1.0
337 338 1.0
337 367 1.0
338 339 1.0
338 367 1.0
339 340 1.0
339 368 1.0
340 341 1.0
340 368 1.0
341 342 1.0
341 369 1.0
342 343 1.0
342 369 1.0
343 344 1.0
343 370 1.0
344 345 1.0
344 370 1.0
345 346 1.0
345 371 1.0
346 347 1.0
346 371 1.0
347 348 1.0
347 372 1.0
348 349 1.0
348 372 1.0
349 350 1.0
349 373 1.0
350 351 1.0
350 373 1.0
351 352 1.0
351 374 1.0
352 353 1.0
352 374 1.0
353 354 1.0
353 375 1.0
354 355 1.0
354 375 1.0
355 356 1.0
355 376 1.0
356 357 1.0
356 376 1.0
357 358 1.0
357 377 1.0
358 359 1.0
358 377 1.0
359 324 1.0
359 360 1.0
360 378 1.0
360 379 1.0
361 380 1.0
361 381 1.0
362 382 1.0
362 383 1.0
363 384 1.0
363 385 1.0
364 386 1.0
364 387 1.0
365 388 1.0
365 389 1.0
366 390 1.0
366 391 1.0
367 392 1.0
367 393 1.0
368 394 1.0
368 395 1.0
369 396 1.0
369 397 1.0
370 398 1.0
370 399 1.0
371 400 1.0
371 401 1.0
372 402 1.0
372 403 1.0
373 404 1.0
373 405 1.0
374 406 1.0
374 407 1.0
375 408 1.0
375 409 1.0
376 410 1.0
376 411 1.0
377 412 1.0
377 413 1.0
378 379 1.0
378 414 1.0
379 380 1.0
379 415 1.0
380 381 1.0
380 415 1.0
381 382 1.0
381 416 1.0
382 383 1.0
382 416 1.0
383 384 1.0
383 417 1.0
384 385 1.0
384 417 1.0
385 386 1.0
385 418 1.0
386 387 1.0
386 418 1.0
387 388 1.0
387 419 1.0
388 389 1.0
388 419 1.0
389 390 1.0
389 420 1.0
390 391 1.0
390 420 1.0
391 392 1.0
391 421 1.0
392 393 1.0
392 421 1.0
393 394 1.0
393 422 1.0
394 395 1.0
394 422 1.0
395 396 1.0
395 423 1.0
396 397 1.0
396 423 1.0
397 398 1.0
397 424 1.0
398 399 1.0
398 424 1.0
399 400 1.0
399 425 1.0
400 401 1.0
400 425 1.0
401 402 1.0
401 426 1.0
402 403 1.0
402 426 1.0
403 404 1.0
403 427 1.0
404 405 1.0
404 427 1.0
405 406 1.0
405 428 1.0
406 407 1.0
406 428 1.0
407 408 1.0
407 429 1.0
408 409 1.0
408 429 1.0
409 410 1.0
409 430 1.0
410 411 1.0
410 430 1.0
411 412 1.0
411 431 1.0
412 413 1.0
412 431 1.0
413 378 1.0
413 414 1.0
414 432 1.0
414 433 1.0
415 434 1.0
415 435 1.0
416 436 1.0
416 437 1.0
417 438 1.0
417 439 1.0
418 440 1.0
418 441 1.0
419 442 1.0
419 443 1.0
420 444 1.0
420 445 1.0
421 446 1.0
421 447 1.0
422 448 1.0
422 449 1.0
423 450 1.0
423 451 1.0
424 452 1.0
424 453 1.0
425 454 1.0
425 455 1.0
426 456 1.0
426 457 1.0
427 458 1.0
427 459 1.0
428 460 1.0
428 461 1.0
429 462 1.0
429 463 1.0
430 464 1.0
430 465 1.0
431 466 1.0
431 467 1.0
432 433 1.0
432 468 1.0
433 434 1.0
433 469 1.0
434 435 1.0
434 469 1.0
435 436 1.0
435 470 1.0
436 437 1.0
436 470 1.0
437 438 1.0
437 471 1.0
438 439 1.0
438 471 1.0
439 440 1.0
439 472 1.0
440 441 1.0
440 472 1.0
441 442 1.0
441 473 1.0
442 443 1.0
442 473 1.0
443 444 1.0
443 474 1.0
444 445 1.0
444 474 1.0
445 446 1.0
445 475 1.0
446 447 1.0
446 475 1.0
447 448 1.0
447 476 1.0
448 449 1.0
448 476 1.0
449 450 1.0
449 477 1.0
450 451 1.0
450 477 1.0
451 452 1.0
451 478 1.0
452 453 1.0
452 478 1.0
453 454 1.0
453 479 1.0
454 455 1.0
454 479 1.0
455 456 1.0
455 480 1.0
456 457 1.0
456 480 1.0
457 458 1.0
457 481 1.0
458 459 1.0
458 481 1.0
459 460 1.0
459 482 1.0
460 461 1.0
460 482 1.0
461 462 1.0
461 483 1.0
462 463 1.0
462 483 1.0
463 464 1.0
463 484 1.0
464 465 1.0
464 484 1.0
465 466 1.0
465 485 1.0
466 467 1.0
466 485 1.0
467 432 1.0
467 468 1.0
468 486 1.0
468 487 1.0
469 488 1.0
469 489 1.0
470 490 1.0
470 491 1.0
471 492 1.0
471 493 1.0
472 494 1.0
472 495 1.0
473 496 1.0
473 497 1.0
474 498 1.0
474 499 1.0
475 500 1.0
475 501 1.0
476 502 1.0
476 503 1.0
477 504 1.0
477 505 1.0
478 506 1.0
478 507 1.0
479 508 1.0
479 509 1.0
480 510 1.0
480 511 1.0
481 512 1.0
481 513 1.0
482 514 1.0
482 515 1.0
483 516 1.0
483 517 1.0
484 518 1.0
484 519 1.0
485 520 1.0
485 521 1.0
486 487 1.0
486 522 1.0
487 488 1.0
487 523 1.0
488 489 1.0
488 523 1.0
489 490 1.0
489 524 1.0
490 491 1.0
490 524 1.0
491 492 1.0
491 525 1.0
492 493 1.0
492 525 1.0
493 494 1.0
493 526 1.0
494 495 1.0
494 526 1.0
495 496 1.0
495 527 1.0
496 497 1.0
496 527 1.0
497 498 1.0
497 528 1.0
498 499 1.0
498 528 1.0
499 500 1.0
499 529 1.0
500 501 1.0
500 529 1.0
501 502 1.0
501 530 1.0
502 503 1.0
502 530 1.0
503 504 1.0
503 531 1.0
504 505 1.0
504 531 1.0
505 506 1.0
505 532 1.0
506 507 1.0
506 532 1.0
507 508 1.0
507 533 1.0
508 509 1.0
508 533 1.0
509 510 1.0
509 534 1.0
510 511 1.0
510 534 1.0
511 512 1.0
511 535 1.0
512 513 1.0
512 535 1.0
513 514 1.0
513 536 1.0
514 515 1.0
514 536 1.0
515 516 1.0
515 537 1.0
516 517 1.0
516 537 1.0
517 518 1.0
517 538 1.0
518 519 1.0
518 538 1.0
519 520 1.0
519 539 1.0
520 521 1.0
520 539 1.0
521 486 1.0
521 522 1.0
522 540 1.0
522 541 1.0
523 542 1.0
523 543 1.0
524 544 1.0
524 545 1.0
525 546 1.0
525 547 1.0
526 548 1.0
526 549 1.0
527 550 1.0
527 551 1.0
528 552 1.0
528 553 1.0
529 554 1.0
529 555 1.0
530 556 1.0
530 557 1.0
531 558 1.0
531 559 1.0
532 560 1.0
532 561 1.0
533 562 1.0
533 563 1.0
534 564 1.0
534 565 1.0
535 566 1.0
535 567 1.0
536 568 1.0
536 569 1.0
537 570 1.0
537 571 1.0
538 572 1.0
538 573 1.0
539 574 1.0
539 575 1.0
540 541 1.0
540 576 1.0
541 542 1.0
541 577 1.0
542 543 1.0
542 577 1.0
543 544 1.0
543 578 1.0
544 545 1.0
544 578 1.0
545 546 1.0
545 579 1.0
546 547 1.0
546 579 1.0
547 548 1.0
547 580 1.0
548 549 1.0
548 580 1.0
549 550 1.0
549 581 1.0
550 551 1.0
550 581 1.0
551 552 1.0
551 582 1.0
552 553 1.0
552 582 1.0
553 554 1.0
553 583 1.0
554 555 1.0
554 583 1.0
555 556 1.0
555 584 1.0
556 557 1.0
556 584 1.0
557 558 1.0
557 585 1.0
558 559 1.0
558 585 1.0
559 560 1.0
559 586 1.0
560 561 1.0
560 586 1.0
561 562 1.0
561 587 1.0
562 563 1.0
562 587 1.0
563 564 1.0
563 588 1.0
564 565 1.0
564 588 1.0
565 566 1.0
565 589 1.0
566 567 1.0
566 589 1.0
567 568 1.0
567 590 1.0
568 569 1.0
568 590 1.0
569 570 1.0
569 591 1.0
570 571 1.0
570 591 1.0
571 572 1.0
571 592 1.0
572 573 1.0
572 592 1.0
573 574 1.0
573 593 1.0
574 575 1.0
574 593 1.0
575 540 1.0
575 576 1.0
576 594 1.0
576 595 1.0
577 596 1.0
577 597 1.0
578 598 1.0
578 599 1.0
579 600 1.0
579 601 1.0
580 602 1.0
580 603 1.0
581 604 1.0
581 605 1.0
582 606 1.0
582 607 1.0
583 608 1.0
583 609 1.0
584 610 1.0
584 611 1.0
585 612 1.0
585 613 1.0
586 614 1.0
586 615 1.0
587 616 1.0
587 617 1.0
588 618 1.0
588 619 1.0
589 620 1.0
589 621 1.0
590 622 1.0
590 623 1.0
591 624 1.0
591 625 1.0
592 626 1.0
592 627 1.0
593 628 1.0
593 629 1.0
594 595 1.0
594 630 1.0
595 596 1.0
595 631 1.0
596 597 1.0
596 631 1.0
597 598 1.0
597 632 1.0
598 599 1.0
598 632 1.0
599 600 1.0
599 633 1.0
600 601 1.0
600 633 1.0
601 602 1.0
601 634 1.0
602 603 1.0
602 634 1.0
603 604 1.0
603 635 1.0
604 605 1.0
604 635 1.0
605 606 1.0
605 636 1.0
606 607 1.0
606 636 1.0
607 608 1.0
607 637 1.0
608 609 1.0
608 637 1.0
609 610 1.0
609 638 1.0
610 611 1.0
610 638 1.0
611 612 1.0
611 639 1.0
612 613 1.0
612 639 1.0
613 614 1.0
613 640 1.0
614 615 1.0
614 640 1.0
615 616 1.0
615 641 1.0
616 617 1.0
616 641 1.0
617 618 1.0
617 642 1.0
618 619 1.0
618 642 1.0
619 620 1.0
619 643 1.0
620 621 1.0
620 643 1.0
621 622 1.0
621 644 1.0
622 623 1.0
622 644 1.0
623 624 1.0
623 645 1.0
624 625 1.0
624 645 1.0
625 626 1.0
625 646 1.0
626 627 1.0
626 646 1.0
627 628 1.0
627 647 1.0
628 629 1.0
628 647 1.0
629 594 1.0
629 630 1.0
630 648 1.0
630 649 1.0
631 650 1.0
631 651 1.0
632 652 1.0
632 653 1.0
633 654 1.0
633 655 1.0
634 656 1.0
634 657 1.0
635 658 1.0
635 659 1.0
636 660 1.0
636 661 1.0
637 662 1.0
637 663 1.0
638 664 1.0
638 665 1.0
639 666 1.0
639 667 1.0
640 668 1.0
640 669 1.0
641 670 1.0
641 671 1.0
642 672 1.0
642 673 1.0
643 674 1.0
643 675 1.0
644 676 1.0
644 677 1.0
645 678 1.0
645 679 1.0
646 680 1.0
646 681 1.0
647 682 1.0
647 683 1.0
648 649 1.0
648 684 1.0
649 650 1.0
649 685 1.0
650 651 1.0
650 685 1.0
651 652 1.0
651 686 1.0
652 653 1.0
652 686 1.0
653 654 1.0
653 687 1.0
654 655 1.0
654 687 1.0
655 656 1.0
655 688 1.0
656 657 1.0
656 688 1.0
657 658 1.0
657 689 1.0
658 659 1.0
658 689 1.0
659 660 1.0
659 690 1.0
660 661 1.0
660 690 1.0
661 662 1.0
661 691 1.0
662 663 1.0
662 691 1.0
663 664 1.0
663 692 1.0
664 665 1.0
664 692 1.0
665 666 1.0
665 693 1.0
666 667 1.0
666 693 1.0
667 668 1.0
667 694 1.0
668 669 1.0
668 694 1.0
669 670 1.0
669 695 1.0
670 671 1.0
670 695 1.0
671 672 1.0
671 696 1.0
672 673 1.0
672 696 1.0
673 674 1.0
673 697 1.0
674 675 1.0
674 697 1.0
675 676 1.0
675 698 1.0
676 677 1.0
676 698 1.0
677 678 1.0
677 699 1.0
678 679 1.0
678 699 1.0
679 680 1.0
679 700 1.0
680 681 1.0
680 700 1.0
681 682 1.0
681 701 1.0
682 683 1.0
682 701 1.0
683 648 1.0
683 684 1.0
684 702 1.0
684 703 1.0
685 704 1.0
685 705 1.0
686 706 1.0
686 707 1.0
687 708 1.0
687 709 1.0
688 710 1.0
688 711 1.0
689 712 1.0
689 713 1.0
690 714 1.0
690 715 1.0
691 716 1.0
691 717 1.0
692 718 1.0
692 719 1.0
693 720 1.0
693 721 1.0
694 722 1.0
694 723 1.0
695 724 1.0
695 725 1.0
696 726 1.0
696 727 1.0
697 728 1.0
697 729 1.0
698 730 1.0
698 731 1.0
699 732 1.0
699 733 1.0
700 734 1.0
700 735 1.0
701 736 1.0
701 737 1.0
702 703 1.0
702 738 1.0
703 704 1.0
703 739 1.0
704 705 1.0
704 739 1.0
705 706 1.0
705 740 1.0
706 707 1.0
706 740 1.0
707 708 1.0
707 741 1.0
708 709 1.0
708 741 1.0
709 710 1.0
709 742 1.0
710 711 1.0
710 742 1.0
711 712 1.0
711 743 1.0
712 713 1.0
712 743 1.0
713 714 1.0
713 744 1.0
714 715 1.0
714 744 1.0
715 716 1.0
715 745 1.0
716 717 1.0
716 745 1.0
717 718 1.0
717 746 1.0
718 719 1.0
718 746 1.0
719 720 1.0
719 747 1.0
720 721 1.0
720 747 1.0
721 722 1.0
721 748 1.0
722 723 1.0
722 748 1.0
723 724 1.0
723 749 1.0
724 725 1.0
724 749 1.0
725 726 1.0
725 750 1.0
726 727 1.0
726 750 1.0
727 728 1.0
727 751 1.0
728 729 1.0
728 751 1.0
729 730 1.0
729 752 1.0
730 731 1.0
730 752 1.0
731 732 1.0
731 753 1.0
732 733 1.0
732 753 1.0
733 734 1.0
733 754 1.0
734 735 1.0
734 754 1.0
735 736 1.0
735 755 1.0
736 737 1.0
736 755 1.0
737 702 1.0
737 738 1.0
738 756 1.0
738 757 1.0
739 758 1.0
739 759 1.0
740 760 1.0
740 761 1.0
741 762 1.0
741 763 1.0
742 764 1.0
742 765 1.0
743 766 1.0
743 767 1.0
744 768 1.0
744 769 1.0
745 770 1.0
745 771 1.0
746 772 1.0
746 773 1.0
747 774 1.0
747 775 1.0
748 776 1.0
748 777 1.0
749 778 1.0
749 779 1.0
750 780 1.0
750 781 1.0
751 782 1.0
751 783 1.0
752 784 1.0
752 785 1.0
753 786 1.0
753 787 1.0
754 788 1.0
754 789 1.0
755 790 1.0
755 791 1.0
756 757 1.0
756 792 1.0
757 758 1.0
757 793 1.0
758 759 1.0
758 793 1.0
759 760 1.0
759 794 1.0
760 761 1.0
760 794 1.0
761 762 1.0
761 795 1.0
762 763 1.0
762 795 1.0
763 764 1.0
763 796 1.0
764 765 1.0
764 796 1.0
765 766 1.0
765 797 1.0
766 767 1.0
766 797 1.0
767 768 1.0
767 798 1.0
768 769 1.0
768 798 1.0
769 770 1.0
769 799 1.0
770 771 1.0
770 799 1.0
771 772 1.0
771 800 1.0
772 773 1.0
772 800 1.0
773 774 1.0
773 801 1.0
774 775 1.0
774 801 1.0
775 776 1.0
775 802 1.0
776 777 1.0
776 802 1.0
777 778 1.0
777 803 1.0
778 779 1.0
778 803 1.0
779 780 1.0
779 804 1.0
780 781 1.0
780 804 1.0
781 782 1.0
781 805 1.0
782 783 1.0
782 805 1.0
783 784 1.0
783 806 1.0
784 785 1.0
784 806 1.0
785 786 1.0
785 807 1.0
786 787 1.0
786 807 1.0
787 788 1.0
787 808 1.0
788 789 1.0
788 808 1.0
789 790 1.0
789 809 1.0
790 791 1.0
790 809 1.0
791 756 1.0
791 792 1.0
792 810 1.0
792 811 1.0
793 812 1.0
793 813 1.0
794 814 1.0
794 815 1.0
795 816 1.0
795 817 1.0
796 818 1.0
796 819 1.0
797 820 1.0
797 821 1.0
798 822 1.0
798 823 1.0
799 824 1.0
799 825 1.0
800 826 1.0
800 827 1.0
801 828 1.0
801 829 1.0
802 830 1.0
802 831 1.0
803 832 1.0
803 833 1.0
804 834 1.0
804 835 1.0
805 836 1.0
805 837 1.0
806 838 1.0
806 839 1.0
807 840 1.0
807 841 1.0
808 842 1.0
808 843 1.0
809 844 1.0
809 845 1.0
810 811 1.0
810 846 1.0
811 812 1.0
811 847 1.0
812 813 1.0
812 847 1.0
813 814 1.0
813 848 1.0
814 815 1.0
814 848 1.0
815 816 1.0
815 849 1.0
816 817 1.0
816 849 1.0
817 818 1.0
817 850 1.0
818 819 1.0
818 850 1.0
819 820 1.0
819 851 1.0
820 821 1.0
820 851 1.0
821 822 1.0
821 852 1.0
822 823 1.0
822 852 1.0
823 824 1.0
823 853 1.0
824 825 1.0
824 853 1.0
825 826 1.0
825 854 1.0
826 827 1.0
826 854 1.0
827 828 1.0
827 855 1.0
828 829 1.0
828 855 1.0
829 830 1.0
829 856 1.0
830 831 1.0
830 856 1.0
831 832 1.0
831 857 1.0
832 833 1.0
832 857 1.0
833 834 1.0
833 858 1.0
834 835 1.0
834 858 1.0
835 836 1.0
835 859 1.0
836 837 1.0
836 859 1.0
837 838 1.0
837 860 1.0
838 839 1.0
838 860 1.0
839 840 1.0
839 861 1.0
840 841 1.0
840 861 1.0
841 842 1.0
841 862 1.0
842 843 1.0
842 862 1.0
843 844 1.0
843 863 1.0
844 845 1.0
844 863 1.0
845 810 1.0
845 846 1.0
846 864 1.0
846 865 1.0
847 866 1.0
847 867 1.0
848 868 1.0
848 869 1.0
849 870 1.0
849 871 1.0
850 872 1.0
850 873 1.0
851 874 1.0
851 875 1.0
852 876 1.0
852 877 1.0
853 878 1.0
853 879 1.0
854 880 1.0
854 881 1.0
855 882 1.0
855 883 1.0
856 884 1.0
856 885 1.0
857 886 1.0
857 887 1.0
858 888 1.0
858 889 1.0
859 890 1.0
859 891 1.0
860 892 1.0
860 893 1.0
861 894 1.0
861 895 1.0
862 896 1.0
862 897 1.0
863 898 1.0
863 899 1.0
864 865 1.0
864 900 1.0
865 866 1.0
865 901 1.0
866 867 1.0
866 901 1.0
867 868 1.0
867 902 1.0
868 869 1.0
868 902 1.0
869 870 1.0
869 903 1.0
870 871 1.0
870 903 1.0
871 872 1.0
871 904 1.0
872 873 1.0
872 904 1.0
873 874 1.0
873 905 1.0
874 875 1.0
874 905 1.0
875 876 1.0
875 906 1.0
876 877 1.0
876 906 1.0
877 878 1.0
877 907 1.0
878 879 1.0
878 907 1.0
879 880 1.0
879 908 1.0
880 881 1.0
880 908 1.0
881 882 1.0
881 909 1.0
882 883 1.0
882 909 1.0
883 884 1.0
883 910 1.0
884 885 1.0
884 910 1.0
885 886 1.0
885 911 1.0
886 887 1.0
886 911 1.0
887 888 1.0
887 912 1.0
888 889 1.0
888 912 1.0
889 890 1.0
889 913 1.0
890 891 1.0
890 913 1.0
891 892 1.0
891 914 1.0
892 893 1.0
892 914 1.0
893 894 1.0
893 915 1.0
894 895 1.0
894 915 1.0
895 896 1.0
895 916 1.0
896 897 1.0
896 916 1.0
897 898 1.0
897 917 1.0
898 899 1.0
898 917 1.0
899 864 1.0
899 900 1.0
900 918 1.0
900 919 1.0
901 920 1.0
901 921 1.0
902 922 1.0
902 923 1.0
903 924 1.0
903 925 1.0
904 926 1.0
904 927 1.0
905 928 1.0
905 929 1.0
906 930 1.0
906 931 1.0
907 932 1.0
907 933 1.0
908 934 1.0
908 935 1.0
909 936 1.0
909 937 1.0
910 938 1.0
910 939 1.0
911 940 1.0
911 941 1.0
912 942 1.0
912 943 1.0
913 944 1.0
913 945 1.0
914 946 1.0
914 947 1.0
915 948 1.0
915 949 1.0
916 950 1.0
916 951 1.0
917 952 1.0
917 953 1.0
918 919 1.0
918 954 1.0
919 920 1.0
919 955 1.0
920 921 1.0
920 955 1.0
921 922 1.0
921 956 1.0
922 923 1.0
922 956 1.0
923 924 1.0
923 957 1.0
924 925 1.0
924 957 1.0
925 926 1.0
925 958 1.0
926 927 1.0
926 958 1.0
927 928 1.0
927 959 1.0
928 929 1.0
928 959 1.0
929 930 1.0
929 960 1.0
930 931 1.0
930 960 1.0
931 932 1.0
931 961 1.0
932 933 1.0
932 961 1.0
933 934 1.0
933 962 1.0
934 935 1.0
934 962 1.0
935 936 1.0
935 963 1.0
936 937 1.0
936 963 1.0
937 938 1.0
937 964 1.0
938 939 1.0
938 964 1.0
939 940 1.0
939 965 1.0
940 941 1.0
940 965 1.0
941 942 1.0
941 966 1.0
942 943 1.0
942 966 1.0
943 944 1.0
943 967 1.0
944 945 1.0
944 967 1.0
945 946 1.0
945 968 1.0
946 947 1.0
946 968 1.0
947 948 1.0
947 969 1.0
948 949 1.0
948 969 1.0
949 950 1.0
949 970 1.0
950 951 1.0
950 970 1.0
951 952 1.0
951 971 1.0
952 953 1.0
952 971 1.0
953 918 1.0
953 954 1.0
954 0 1.0
954 1 1.0
955 2 1.0
955 3 1.0
956 4 1.0
956 5 1.0
957 6 1.0
957 7 1.0
958 8 1.0
958 9 1.0
959 10 1.0
959 11 1.0
960 12 1.0
960 13 1.0
961 14 1.0
961 15 1.0
962 16 1.0
962 17 1.0
963 18 1.0
963 19 1.0
964 20 1.0
964 21 1.0
965 22 1.0
965 23 1.0
966 24 1.0
966 25 1.0
967 26 1.0
967 27 1.0
968 28 1.0
968 29 1.0
969 30 1.0
969 31 1.0
970 32 1.0
970 33 1.0
971 34 1.0
971 35 1.0
