# Model: L 12 W 12 Kagome Graph
0 1 1.0
0 12 1.0
1 2 1.0
1 13 1.0
2 3 1.0
2 13 1.0
3 4 1.0
3 14 1.0
4 5 1.0
4 14 1.0
5 6 1.0
5 15 1.0
6 7 1.0
6 15 1.0
7 8 1.0
7 16 1.0
8 9 1.0
8 16 1.0
9 10 1.0
9 17 1.0
10 11 1.0
10 17 1.0
11 0 1.0
11 12 1.0
12 18 1.0
12 19 1.0
13 20 1.0
13 21 1.0
14 22 1.0
14 23 1.0
15 24 1.0
15 25 1.0
16 26 1.0
16 27 1.0
17 28 1.0
17 29 1.0
18 19 1.0
18 30 1.0
19 20 1.0
19 31 1.0
20 21 1.0
20 31 1.0
21 22 1.0
21 32 1.0
22 23 1.0
22 32 1.0
23 24 1.0
23 33 1.0
24 25 1.0
24 33 1.0
25 26 1.0
25 34 1.0
26 27 1.0
26 34 1.0
27 28 1.0
27 35 1.0
28 29 1.0
28 35 1.0
29 18 1.0
29 30 1.0
30 36 1.0
30 37 1.0
31 38 1.0
31 39 1.0
32 40 1.0
32 41 1.0
33 42 1.0
33 43 1.0
34 44 1.0
34 45 1.0
35 46 1.0
35 47 1.0
36 37 1.0
36 48 1.0
37 38 1.0
37 49 1.0
38 39 1.0
38 49 1.0
39 40 1.0
39 50 1.0
40 41 1.0
40 50 1.0
41 42 1.0
41 51 1.0
42 43 1.0
42 51 1.0
43 44 1.0
43 52 1.0
44 45 1.0
44 52 1.0
45 46 1.0
45 53 1.0
46 47 1.0
46 53 1.0
47 36 1.0
47 48 1.0
48 54 1.0
48 55 1.0
49 56 1.0
49 57 1.0
50 58 1.0
50 59 1.0
51 60 1.0
51 61 1.0
52 62 1.0
52 63 1.0
53 64 1.0
53 65 1.0
54 55 1.0
54 66 1.0
55 56 1.0
55 67 1.0
56 57 1.0
56 67 1.0
57 58 1.0
57 68 1.0
58 59 1.0
58 68 1.0
59 60 1.0
59 69 1.0
60 61 1.0
60 69 1.0
61 62 1.0
61 70 1.0
62 63 1.0
62 70 1.0
63 64 1.0
63 71 1.0
64 65 1.0
64 71 1.0
65 54 1.0
65 66 1.0
66 72 1.0
66 73 1.0
67 74 1.0
67 75 1.0
68 76 1.0
68 77 1.0
69 78 1.0
69 79 1.0
70 80 1.0
70 81 1.0
71 82 1.0
71 83 1.0
72 73 1.0
72 84 1.0
73 74 1.0
73 85 1.0
74 75 1.0
74 85 1.0
75 76 1.0
75 86 1.0
76 77 1.0
76 86 1.0
77 78 1.0
77 87 1.0
78 79 1.0
78 87 1.0
79 80 1.0
79 88 1.0
80 81 1.0
80 88 1.0
81 82 1.0
81 89 1.0
82 83 1.0
82 89 1.0
83 72 1.0
83 84 1.0
84 90 1.0
84 91 1.0
85 92 1.0
85 93 1.0
86 94 1.0
86 95 1.0
87 96 1.0
87 97 1.0
88 98 1.0
88 99 1.0
89 100 1.0
89 101 1.0
90 91 1.0
90 102 1.0
91 92 1.0
91 103 1.0
92 93 1.0
92 103 1.0
93 94 1.0
93 104 1.0
94 95 1.0
94 104 1.0
95 96 1.0
95 105 1.0
96 97 1.0
96 105 1.0
97 98 1.0
97 106 1.0
98 99 1.0
98 106 1.0
99 100 1.0
99 107 1.0
100 101 1.0
100 107 1.0
101 90 1.0
101 102 1.0
102 0 1.0
102 1 1.0
103 2 1.0
103 3 1.0
104 4 1.0
104 5 1.0
105 6 1.0
105 7 1.0
106 8 1.0
106 9 1.0
107 10 1.0
107 11 1.0
