# Model: L 18 W 18 Kagome Graph
0 1 1.0
0 18 1.0
1 2 1.0
1 19 1.0
2 3 1.0
2 19 1.0
3 4 1.0
3 20 1.0
4 5 1.0
4 20 1.0
5 6 1.0
5 21 1.0
6 7 1.0
6 21 1.0
7 8 1.0
7 22 1.0
8 9 1.0
8 22 1.0
9 10 1.0
9 23 1.0
10 11 1.0
10 23 1.0
11 12 1.0
11 24 1.0
12 13 1.0
12 24 1.0
13 14 1.0
13 25 1.0
14 15 1.0
14 25 1.0
15 16 1.0
15 26 1.0
16 17 1.0
16 26 1.0
17 0 1.0
17 18 1.0
18 27 1.0
18 28 1.0
19 29 1.0
19 30 1.0
20 31 1.0
20 32 1.0
21 33 1.0
21 34 1.0
22 35 1.0
22 36 1.0
23 37 1.0
23 38 1.0
24 39 1.0
24 40 1.0
25 41 1.0
25 42 1.0
26 43 1.0
26 44 1.0
27 28 1.0
27 45 1.0
28 29 1.0
28 46 1.0
29 30 1.0
29 46 1.0
30 31 1.0
30 47 1.0
31 32 1.0
31 47 1.0
32 33 1.0
32 48 1.0
33 34 1.0
33 48 1.0
34 35 1.0
34 49 1.0
35 36 1.0
35 49 1.0
36 37 1.0
36 50 1.0
37 38 1.0
37 50 1.0
38 39 1.0
38 51 1.0
39 40 1.0
39 51 1.0
40 41 1.0
40 52 1.0
41 42 1.0
41 52 1.0
42 43 1.0
42 53 1.0
43 44 1.0
43 53 1.0
44 27 1.0
44 45 1.0
45 54 1.0
45 55 1.0
46 56 1.0
46 57 1.0
47 58 1.0
47 59 1.0
48 60 1.0
48 61 1.0
49 62 1.0
49 63 1.0
50 64 1.0
50 65 1.0
51 66 1.0
51 67 1.0
52 68 1.0
52 69 1.0
53 70 1.0
53 71 1.0
54 55 1.0
54 72 1.0
55 56 1.0
55 73 1.0
56 57 1.0
56 73 1.0
57 58 1.0
57 74 1.0
58 59 1.0
58 74 1.0
59 60 1.0
59 75 1.0
60 61 1.0
60 75 1.0
61 62 1.0
61 76 1.0
62 63 1.0
62 76 1.0
63 64 1.0
63 77 1.0
64 65 1.0
64 77 1.0
65 66 1.0
65 78 1.0
66 67 1.0
66 78 1.0
67 68 1.0
67 79 1.0
68 69 1.0
68 79 1.0
69 70 1.0
69 80 1.0
70 71 1.0
70 80 1.0
71 54 1.0
71 72 1.0
72 81 1.0
72 82 1.0
73 83 1.0
73 84 1.0
74 85 1.0
74 86 1.0
75 87 1.0
75 88 1.0
76 89 1.0
76 90 1.0
77 91 1.0
77 92 1.0
78 93 1.0
78 94 1.0
79 95 1.0
79 96 1.0
80 97 1.0
80 98 1.0
81 82 1.0
81 99 1.0
82 83 1.0
82 100 1.0
83 84 1.0
83 100 1.0
84 85 1.0
84 101 1.0
85 86 1.0
85 101 1.0
86 87 1.0
86 102 1.0
87 88 1.0
87 102 1.0
88 89 1.0
88 103 1.0
89 90 1.0
89 103 1.0
90 91 1.0
90 104 1.0
91 92 1.0
91 104 1.0
92 93 1.0
92 105 1.0
93 94 1.0
93 105 1.0
94 95 1.0
94 106 1.0
95 96 1.0
95 106 1.0
96 97 1.0
96 107 1.0
97 98 1.0
97 107 1.0
98 81 1.0
98 99 1.0
99 108 1.0
99 109 1.0
100 110 1.0
100 111 1.0
101 112 1.0
101 113 1.0
102 114 1.0
102 115 1.0
103 116 1.0
103 117 1.0
104 118 1.0
104 119 1.0
105 120 1.0
105 121 1.0
106 122 1.0
106 123 1.0
107 124 1.0
107 125 1.0
108 109 1.0
108 126 1.0
109 110 1.0
109 127 1.0
110 111 1.0
110 127 1.0
111 112 1.0
111 128 1.0
112 113 1.0
112 128 1.0
113 114 1.0
113 129 1.0
114 115 1.0
114 129 1.0
115 116 1.0
115 130 1.0
116 117 1.0
116 130 1.0
117 118 1.0
117 131 1.0
118 119 1.0
118 131 1.0
119 120 1.0
119 132 1.0
120 121 1.0
120 132 1.0
121 122 1.0
121 133 1.0
122 123 1.0
122 133 1.0
123 124 1.0
123 134 1.0
124 125 1.0
124 134 1.0
125 108 1.0
125 126 1.0
126 135 1.0
126 136 1.0
127 137 1.0
127 138 1.0
128 139 1.0
128 140 1.0
129 141 1.0
129 142 1.0
130 143 1.0
130 144 1.0
131 145 1.0
131 146 1.0
132 147 1.0
132 148 1.0
133 149 1.0
133 150 1.0
134 151 1.0
134 152 1.0
135 136 1.0
135 153 1.0
136 137 1.0
136 154 1.0
137 138 1.0
137 154 1.0
138 139 1.0
138 155 1.0
139 140 1.0
139 155 1.0
140 141 1.0
140 156 1.0
141 142 1.0
141 156 1.0
142 143 1.0
142 157 1.0
143 144 1.0
143 157 1.0
144 145 1.0
144 158 1.0
145 146 1.0
145 158 1.0
146 147 1.0
146 159 1.0
147 148 1.0
147 159 1.0
148 149 1.0
148 160 1.0
149 150 1.0
149 160 1.0
150 151 1.0
150 161 1.0
151 152 1.0
151 161 1.0
152 135 1.0
152 153 1.0
153 162 1.0
153 163 1.0
154 164 1.0
154 165 1.0
155 166 1.0
155 167 1.0
156 168 1.0
156 169 1.0
157 170 1.0
157 171 1.0
158 172 1.0
158 173 1.0
159 174 1.0
159 175 1.0
160 176 1.0
160 177 1.0
161 178 1.0
161 179 1.0
162 163 1.0
162 180 1.0
163 164 1.0
163 181 1.0
164 165 1.0
164 181 1.0
165 166 1.0
165 182 1.0
166 167 1.0
166 182 1.0
167 168 1.0
167 183 1.0
168 169 1.0
168 183 1.0
169 170 1.0
169 184 1.0
170 171 1.0
170 184 1.0
171 172 1.0
171 185 1.0
172 173 1.0
172 185 1.0
173 174 1.0
173 186 1.0
174 175 1.0
174 186 1.0
175 176 1.0
175 187 1.0
176 177 1.0
176 187 1.0
177 178 1.0
177 188 1.0
178 179 1.0
178 188 1.0
179 162 1.0
179 180 1.0
180 189 1.0
180 190 1.0
181 191 1.0
181 192 1.0
182 193 1.0
182 194 1.0
183 195 1.0
183 196 1.0
184 197 1.0
184 198 1.0
185 199 1.0
185 200 1.0
186 201 1.0
186 202 1.0
187 203 1.0
187 204 1.0
188 205 1.0
188 206 1.0
189 190 1.0
189 207 1.0
190 191 1.0
190 208 1.0
191 192 1.0
191 208 1.0
192 193 1.0
192 209 1.0
193 194 1.0
193 209 1.0
194 195 1.0
194 210 1.0
195 196 1.0
195 210 1.0
196 197 1.0
196 211 1.0
197 198 1.0
197 211 1.0
198 199 1.0
198 212 1.0
199 200 1.0
199 212 1.0
200 201 1.0
200 213 1.0
201 202 1.0
201 213 1.0
202 203 1.0
202 214 1.0
203 204 1.0
203 214 1.0
204 205 1.0
204 215 1.0
205 206 1.0
205 215 1.0
206 189 1.0
206 207 1.0
207 216 1.0
207 217 1.0
208 218 1.0
208 219 1.0
209 220 1.0
209 221 1.0
210 222 1.0
210 223 1.0
211 224 1.0
211 225 1.0
212 226 1.0
212 227 1.0
213 228 1.0
213 229 1.0
214 230 1.0
214 231 1.0
215 232 1.0
215 233 1.0
216 217 1.0
216 234 1.0
217 218 1.0
217 235 1.0
218 219 1.0
218 235 1.0
219 220 1.0
219 236 1.0
220 221 1.0
220 236 1.0
221 222 1.0
221 237 1.0
222 223 1.0
222 237 1.0
223 224 1.0
223 238 1.0
224 225 1.0
224 238 1.0
225 226 1.0
225 239 1.0
226 227 1.0
226 239 1.0
227 228 1.0
227 240 1.0
228 229 1.0
228 240 1.0
229 230 1.0
229 241 1.0
230 231 1.0
230 241 1.0
231 232 1.0
231 242 1.0
232 233 1.0
232 242 1.0
233 216 1.0
233 234 1.0
234 0 1.0
234 1 1.0
235 2 1.0
235 3 1.0
236 4 1.0
236 5 1.0
237 6 1.0
237 7 1.0
238 8 1.0
238 9 1.0
239 10 1.0
239 11 1.0
240 12 1.0
240 13 1.0
241 14 1.0
241 15 1.0
242 16 1.0
242 17 1.0
