# Model: L 60 W 60 Kagome Graph
0 1 1.0
0 60 1.0
1 2 1.0
1 61 1.0
2 3 1.0
2 61 1.0
3 4 1.0
3 62 1.0
4 5 1.0
4 62 1.0
5 6 1.0
5 63 1.0
6 7 1.0
6 63 1.0
7 8 1.0
7 64 1.0
8 9 1.0
8 64 1.0
9 10 1.0
9 65 1.0
10 11 1.0
10 65 1.0
11 12 1.0
11 66 1.0
12 13 1.0
12 66 1.0
13 14 1.0
13 67 1.0
14 15 1.0
14 67 1.0
15 16 1.0
15 68 1.0
16 17 1.0
16 68 1.0
17 18 1.0
17 69 1.0
18 19 1.0
18 69 1.0
19 20 1.0
19 70 1.0
20 21 1.0
20 70 1.0
21 22 1.0
21 71 1.0
22 23 1.0
22 71 1.0
23 24 1.0
23 72 1.0
24 25 1.0
24 72 1.0
25 26 1.0
25 73 1.0
26 27 1.0
26 73 1.0
27 28 1.0
27 74 1.0
28 29 1.0
28 74 1.0
29 30 1.0
29 75 1.0
30 31 1.0
30 75 1.0
31 32 1.0
31 76 1.0
32 33 1.0
32 76 1.0
33 34 1.0
33 77 1.0
34 35 1.0
34 77 1.0
35 36 1.0
35 78 1.0
36 37 1.0
36 78 1.0
37 38 1.0
37 79 1.0
38 39 1.0
38 79 1.0
39 40 1.0
39 80 1.0
40 41 1.0
40 80 1.0
41 42 1.0
41 81 1.0
42 43 1.0
42 81 1.0
43 44 1.0
43 82 1.0
44 45 1.0
44 82 1.0
45 46 1.0
45 83 1.0
46 47 1.0
46 83 1.0
47 48 1.0
47 84 1.0
48 49 1.0
48 84 1.0
49 50 1.0
49 85 1.0
50 51 1.0
50 85 1.0
51 52 1.0
51 86 1.0
52 53 1.0
52 86 1.0
53 54 1.0
53 87 1.0
54 55 1.0
54 87 1.0
55 56 1.0
55 88 1.0
56 57 1.0
56 88 1.0
57 58 1.0
57 89 1.0
58 59 1.0
58 89 1.0
59 0 1.0
59 60 1.0
60 90 1.0
60 91 1.0
61 92 1.0
61 93 1.0
62 94 1.0
62 95 1.0
63 96 1.0
63 97 1.0
64 98 1.0
64 99 1.0
65 100 1.0
65 101 1.0
66 102 1.0
66 103 1.0
67 104 1.0
67 105 1.0
68 106 1.0
68 107 1.0
69 108 1.0
69 109 1.0
70 110 1.0
70 111 1.0
71 112 1.0
71 113 1.0
72 114 1.0
72 115 1.0
73 116 1.0
73 117 1.0
74 118 1.0
74 119 1.0
75 120 1.0
75 121 1.0
76 122 1.0
76 123 1.0
77 124 1.0
77 125 1.0
78 126 1.0
78 127 1.0
79 128 1.0
79 129 1.0
80 130 1.0
80 131 1.0
81 132 1.0
81 133 1.0
82 134 1.0
82 135 1.0
83 136 1.0
83 137 1.0
84 138 1.0
84 139 1.0
85 140 1.0
85 141 1.0
86 142 1.0
86 143 1.0
87 144 1.0
87 145 1.0
88 146 1.0
88 147 1.0
89 148 1.0
89 149 1.0
90 91 1.0
90 150 1.0
91 92 1.0
91 151 1.0
92 93 1.0
92 151 1.0
93 94 1.0
93 152 1.0
94 95 1.0
94 152 1.0
95 96 1.0
95 153 1.0
96 97 1.0
96 153 1.0
97 98 1.0
97 154 1.0
98 99 1.0
98 154 1.0
99 100 1.0
99 155 1.0
100 101 1.0
100 155 1.0
101 102 1.0
101 156 1.0
102 103 1.0
102 156 1.0
103 104 1.0
103 157 1.0
104 105 1.0
104 157 1.0
105 106 1.0
105 158 1.0
106 107 1.0
106 158 1.0
107 108 1.0
107 159 1.0
108 109 1.0
108 159 1.0
109 110 1.0
109 160 1.0
110 111 1.0
110 160 1.0
111 112 1.0
111 161 1.0
112 113 1.0
112 161 1.0
113 114 1.0
113 162 1.0
114 115 1.0
114 162 1.0
115 116 1.0
115 163 1.0
116 117 1.0
116 163 1.0
117 118 1.0
117 164 1.0
118 119 1.0
118 164 1.0
119 120 1.0
119 165 1.0
120 121 1.0
120 165 1.0
121 122 1.0
121 166 1.0
122 123 1.0
122 166 1.0
123 124 1.0
123 167 1.0
124 125 1.0
124 167 1.0
125 126 1.0
125 168 1.0
126 127 1.0
126 168 1.0
127 128 1.0
127 169 1.0
128 129 1.0
128 169 1.0
129 130 1.0
129 170 1.0
130 131 1.0
130 170 1.0
131 132 1.0
131 171 1.0
132 133 1.0
132 171 1.0
133 134 1.0
133 172 1.0
134 135 1.0
134 172 1.0
135 136 1.0
135 173 1.0
136 137 1.0
136 173 1.0
137 138 1.0
137 174 1.0
138 139 1.0
138 174 1.0
139 140 1.0
139 175 1.0
140 141 1.0
140 175 1.0
141 142 1.0
141 176 1.0
142 143 1.0
142 176 1.0
143 144 1.0
143 177 1.0
144 145 1.0
144 177 1.0
145 146 1.0
145 178 1.0
146 147 1.0
146 178 1.0
147 148 1.0
147 179 1.0
148 149 1.0
148 179 1.0
149 90 1.0
149 150 1.0
150 180 1.0
150 181 1.0
151 182 1.0
151 183 1.0
152 184 1.0
152 185 1.0
153 186 1.0
153 187 1.0
154 188 1.0
154 189 1.0
155 190 1.0
155 191 1.0
156 192 1.0
156 193 1.0
157 194 1.0
157 195 1.0
158 196 1.0
158 197 1.0
159 198 1.0
159 199 1.0
160 200 1.0
160 201 1.0
161 202 1.0
161 203 1.0
162 204 1.0
162 205 1.0
163 206 1.0
163 207 1.0
164 208 1.0
164 209 1.0
165 210 1.0
165 211 1.0
166 212 1.0
166 213 1.0
167 214 1.0
167 215 1.0
168 216 1.0
168 217 1.0
169 218 1.0
169 219 1.0
170 220 1.0
170 221 1.0
171 222 1.0
171 223 1.0
172 224 1.0
172 225 1.0
173 226 1.0
173 227 1.0
174 228 1.0
174 229 1.0
175 230 1.0
175 231 1.0
176 232 1.0
176 233 1.0
177 234 1.0
177 235 1.0
178 236 1.0
178 237 1.0
179 238 1.0
179 239 1.0
180 181 1.0
180 240 1.0
181 182 1.0
181 241 1.0
182 183 1.0
182 241 1.0
183 184 1.0
183 242 1.0
184 185 1.0
184 242 1.0
185 186 1.0
185 243 1.0
186 187 1.0
186 243 1.0
187 188 1.0
187 244 1.0
188 189 1.0
188 244 1.0
189 190 1.0
189 245 1.0
190 191 1.0
190 245 1.0
191 192 1.0
191 246 1.0
192 193 1.0
192 246 1.0
193 194 1.0
193 247 1.0
194 195 1.0
194 247 1.0
195 196 1.0
195 248 1.0
196 197 1.0
196 248 1.0
197 198 1.0
197 249 1.0
198 199 1.0
198 249 1.0
199 200 1.0
199 250 1.0
200 201 1.0
200 250 1.0
201 202 1.0
201 251 1.0
202 203 1.0
202 251 1.0
203 204 1.0
203 252 1.0
204 205 1.0
204 252 1.0
205 206 1.0
205 253 1.0
206 207 1.0
206 253 1.0
207 208 1.0
207 254 1.0
208 209 1.0
208 254 1.0
209 210 1.0
209 255 1.0
210 211 1.0
210 255 1.0
211 212 1.0
211 256 1.0
212 213 1.0
212 256 1.0
213 214 1.0
213 257 1.0
214 215 1.0
214 257 1.0
215 216 1.0
215 258 1.0
216 217 1.0
216 258 1.0
217 218 1.0
217 259 1.0
218 219 1.0
218 259 1.0
219 220 1.0
219 260 1.0
220 221 1.0
220 260 1.0
221 222 1.0
221 261 1.0
222 223 1.0
222 261 1.0
223 224 1.0
223 262 1.0
224 225 1.0
224 262 1.0
225 226 1.0
225 263 1.0
226 227 1.0
226 263 1.0
227 228 1.0
227 264 1.0
228 229 1.0
228 264 1.0
229 230 1.0
229 265 1.0
230 231 1.0
230 265 1.0
231 232 1.0
231 266 1.0
232 233 1.0
232 266 1.0
233 234 1.0
233 267 1.0
234 235 1.0
234 267 1.0
235 236 1.0
235 268 1.0
236 237 1.0
236 268 1.0
237 238 1.0
237 269 1.0
238 239 1.0
238 269 1.0
239 180 1.0
239 240 1.0
240 270 1.0
240 271 1.0
241 272 1.0
241 273 1.0
242 274 1.0
242 275 1.0
243 276 1.0
243 277 1.0
244 278 1.0
244 279 1.0
245 280 1.0
245 281 1.0
246 282 1.0
246 283 1.0
247 284 1.0
247 285 1.0
248 286 1.0
248 287 1.0
249 288 1.0
249 289 1.0
250 290 1.0
250 291 1.0
251 292 1.0
251 293 1.0
252 294 1.0
252 295 1.0
253 296 1.0
253 297 1.0
254 298 1.0
254 299 1.0
255 300 1.0
255 301 1.0
256 302 1.0
256 303 1.0
257 304 1.0
257 305 1.0
258 306 1.0
258 307 1.0
259 308 1.0
259 309 1.0
260 310 1.0
260 311 1.0
261 312 1.0
261 313 1.0
262 314 1.0
262 315 1.0
263 316 1.0
263 317 1.0
264 318 1.0
264 319 1.0
265 320 1.0
265 321 1.0
266 322 1.0
266 323 1.0
267 324 1.0
267 325 1.0
268 326 1.0
268 327 1.0
269 328 1.0
269 329 1.0
270 271 1.0
270 330 1.0
271 272 1.0
271 331 1.0
272 273 1.0
272 331 1.0
273 274 1.0
273 332 1.0
274 275 1.0
274 332 1.0
275 276 1.0
275 333 1.0
276 277 1.0
276 333 1.0
277 278 1.0
277 334 1.0
278 279 1.0
278 334 1.0
279 280 1.0
279 335 1.0
280 281 1.0
280 335 1.0
281 282 1.0
281 336 1.0
282 283 1.0
282 336 1.0
283 284 1.0
283 337 1.0
284 285 1.0
284 337 1.0
285 286 1.0
285 338 1.0
286 287 1.0
286 338 1.0
287 288 1.0
287 339 1.0
288 289 1.0
288 339 1.0
289 290 1.0
289 340 1.0
290 291 1.0
290 340 1.0
291 292 1.0
291 341 1.0
292 293 1.0
292 341 1.0
293 294 1.0
293 342 1.0
294 295 1.0
294 342 1.0
295 296 1.0
295 343 1.0
296 297 1.0
296 343 1.0
297 298 1.0
297 344 1.0
298 299 1.0
298 344 1.0
299 300 1.0
299 345 1.0
300 301 1.0
300 345 1.0
301 302 1.0
301 346 1.0
302 303 1.0
302 346 1.0
303 304 1.0
303 347 1.0
304 305 1.0
304 347 1.0
305 306 1.0
305 348 1.0
306 307 1.0
306 348 1.0
307 308 1.0
307 349 1.0
308 309 1.0
308 349 1.0
309 310 1.0
309 350 1.0
310 311 1.0
310 350 1.0
311 312 1.0
311 351 1.0
312 313 1.0
312 351 1.0
313 314 1.0
313 352 1.0
314 315 1.0
314 352 1.0
315 316 1.0
315 353 1.0
316 317 1.0
316 353 1.0
317 318 1.0
317 354 1.0
318 319 1.0
318 354 1.0
319 320 1.0
319 355 1.0
320 321 1.0
320 355 1.0
321 322 1.0
321 356 1.0
322 323 1.0
322 356 1.0
323 324 1.0
323 357 1.0
324 325 1.0
324 357 1.0
325 326 1.0
325 358 1.0
326 327 1.0
326 358 1.0
327 328 1.0
327 359 1.0
328 329 1.0
328 359 1.0
329 270 1.0
329 330 1.0
330 360 1.0
330 361 1.0
331 362 1.0
331 363 1.0
332 364 1.0
332 365 1.0
333 366 1.0
333 367 1.0
334 368 1.0
334 369 1.0
335 370 1.0
335 371 1.0
336 372 1.0
336 373 1.0
337 374 1.0
337 375 1.0
338 376 1.0
338 377 1.0
339 378 1.0
339 379 1.0
340 380 1.0
340 381 1.0
341 382 1.0
341 383 1.0
342 384 1.0
342 385 1.0
343 386 1.0
343 387 1.0
344 388 1.0
344 389 1.0
345 390 1.0
345 391 1.0
346 392 1.0
346 393 1.0
347 394 1.0
347 395 1.0
348 396 1.0
348 397 1.0
349 398 1.0
349 399 1.0
350 400 1.0
350 401 1.0
351 402 1.0
351 403 1.0
352 404 1.0
352 405 1.0
353 406 1.0
353 407 1.0
354 408 1.0
354 409 1.0
355 410 1.0
355 411 1.0
356 412 1.0
356 413 1.0
357 414 1.0
357 415 1.0
358 416 1.0
358 417 1.0
359 418 1.0
359 419 1.0
360 361 1.0
360 420 1.0
361 362 1.0
361 421 1.0
362 363 1.0
362 421 1.0
363 364 1.0
363 422 1.0
364 365 1.0
364 422 1.0
365 366 1.0
365 423 1.0
366 367 1.0
366 423 1.0
367 368 1.0
367 424 1.0
368 369 1.0
368 424 1.0
369 370 1.0
369 425 1.0
370 371 1.0
370 425 1.0
371 372 1.0
371 426 1.0
372 373 1.0
372 426 1.0
373 374 1.0
373 427 1.0
374 375 1.0
374 427 1.0
375 376 1.0
375 428 1.0
376 377 1.0
376 428 1.0
377 378 1.0
377 429 1.0
378 379 1.0
378 429 1.0
379 380 1.0
379 430 1.0
380 381 1.0
380 430 1.0
381 382 1.0
381 431 1.0
382 383 1.0
382 431 1.0
383 384 1.0
383 432 1.0
384 385 1.0
384 432 1.0
385 386 1.0
385 433 1.0
386 387 1.0
386 433 1.0
387 388 1.0
387 434 1.0
388 389 1.0
388 434 1.0
389 390 1.0
389 435 1.0
390 391 1.0
390 435 1.0
391 392 1.0
391 436 1.0
392 393 1.0
392 436 1.0
393 394 1.0
393 437 1.0
394 395 1.0
394 437 1.0
395 396 1.0
395 438 1.0
396 397 1.0
396 438 1.0
397 398 1.0
397 439 1.0
398 399 1.0
398 439 1.0
399 400 1.0
399 440 1.0
400 401 1.0
400 440 1.0
401 402 1.0
401 441 1.0
402 403 1.0
402 441 1.0
403 404 1.0
403 442 1.0
404 405 1.0
404 442 1.0
405 406 1.0
405 443 1.0
406 407 1.0
406 443 1.0
407 408 1.0
407 444 1.0
408 409 1.0
408 444 1.0
409 410 1.0
409 445 1.0
410 411 1.0
410 445 1.0
411 412 1.0
411 446 1.0
412 413 1.0
412 446 1.0
413 414 1.0
413 447 1.0
414 415 1.0
414 447 1.0
415 416 1.0
415 448 1.0
416 417 1.0
416 448 1.0
417 418 1.0
417 449 1.0
418 419 1.0
418 449 1.0
419 360 1.0
419 420 1.0
420 450 1.0
420 451 1.0
421 452 1.0
421 453 1.0
422 454 1.0
422 455 1.0
423 456 1.0
423 457 1.0
424 458 1.0
424 459 1.0
425 460 1.0
425 461 1.0
426 462 1.0
426 463 1.0
427 464 1.0
427 465 1.0
428 466 1.0
428 467 1.0
429 468 1.0
429 469 1.0
430 470 1.0
430 471 1.0
431 472 1.0
431 473 1.0
432 474 1.0
432 475 1.0
433 476 1.0
433 477 1.0
434 478 1.0
434 479 1.0
435 480 1.0
435 481 1.0
436 482 1.0
436 483 1.0
437 484 1.0
437 485 1.0
438 486 1.0
438 487 1.0
439 488 1.0
439 489 1.0
440 490 1.0
440 491 1.0
441 492 1.0
441 493 1.0
442 494 1.0
442 495 1.0
443 496 1.0
443 497 1.0
444 498 1.0
444 499 1.0
445 500 1.0
445 501 1.0
446 502 1.0
446 503 1.0
447 504 1.0
447 505 1.0
448 506 1.0
448 507 1.0
449 508 1.0
449 509 1.0
450 451 1.0
450 510 1.0
451 452 1.0
451 511 1.0
452 453 1.0
452 511 1.0
453 454 1.0
453 512 1.0
454 455 1.0
454 512 1.0
455 456 1.0
455 513 1.0
456 457 1.0
456 513 1.0
457 458 1.0
457 514 1.0
458 459 1.0
458 514 1.0
459 460 1.0
459 515 1.0
460 461 1.0
460 515 1.0
461 462 1.0
461 516 1.0
462 463 1.0
462 516 1.0
463 464 1.0
463 517 1.0
464 465 1.0
464 517 1.0
465 466 1.0
465 518 1.0
466 467 1.0
466 518 1.0
467 468 1.0
467 519 1.0
468 469 1.0
468 519 1.0
469 470 1.0
469 520 1.0
470 471 1.0
470 520 1.0
471 472 1.0
471 521 1.0
472 473 1.0
472 521 1.0
473 474 1.0
473 522 1.0
474 475 1.0
474 522 1.0
475 476 1.0
475 523 1.0
476 477 1.0
476 523 1.0
477 478 1.0
477 524 1.0
478 479 1.0
478 524 1.0
479 480 1.0
479 525 1.0
480 481 1.0
480 525 1.0
481 482 1.0
481 526 1.0
482 483 1.0
482 526 1.0
483 484 1.0
483 527 1.0
484 485 1.0
484 527 1.0
485 486 1.0
485 528 1.0
486 487 1.0
486 528 1.0
487 488 1.0
487 529 1.0
488 489 1.0
488 529 1.0
489 490 1.0
489 530 1.0
490 491 1.0
490 530 1.0
491 492 1.0
491 531 1.0
492 493 1.0
492 531 1.0
493 494 1.0
493 532 1.0
494 495 1.0
494 532 1.0
495 496 1.0
495 533 1.0
496 497 1.0
496 533 1.0
497 498 1.0
497 534 1.0
498 499 1.0
498 534 1.0
499 500 1.0
499 535 1.0
500 501 1.0
500 535 1.0
501 502 1.0
501 536 1.0
502 503 1.0
502 536 1.0
503 504 1.0
503 537 1.0
504 505 1.0
504 537 1.0
505 506 1.0
505 538 1.0
506 507 1.0
506 538 1.0
507 508 1.0
507 539 1.0
508 509 1.0
508 539 1.0
509 450 1.0
509 510 1.0
510 540 1.0
510 541 1.0
511 542 1.0
511 543 1.0
512 544 1.0
512 545 1.0
513 546 1.0
513 547 1.0
514 548 1.0
514 549 1.0
515 550 1.0
515 551 1.0
516 552 1.0
516 553 1.0
517 554 1.0
517 555 1.0
518 556 1.0
518 557 1.0
519 558 1.0
519 559 1.0
520 560 1.0
520 561 1.0
521 562 1.0
521 563 1.0
522 564 1.0
522 565 1.0
523 566 1.0
523 567 1.0
524 568 1.0
524 569 1.0
525 570 1.0
525 571 1.0
526 572 1.0
526 573 1.0
527 574 1.0
527 575 1.0
528 576 1.0
528 577 1.0
529 578 1.0
529 579 1.0
530 580 1.0
530 581 1.0
531 582 1.0
531 583 1.0
532 584 1.0
532 585 1.0
533 586 1.0
533 587 1.0
534 588 1.0
534 589 1.0
535 590 1.0
535 591 1.0
536 592 1.0
536 593 1.0
537 594 1.0
537 595 1.0
538 596 1.0
538 597 1.0
539 598 1.0
539 599 1.0
540 541 1.0
540 600 1.0
541 542 1.0
541 601 1.0
542 543 1.0
542 601 1.0
543 544 1.0
543 602 1.0
544 545 1.0
544 602 1.0
545 546 1.0
545 603 1.0
546 547 1.0
546 603 1.0
547 548 1.0
547 604 1.0
548 549 1.0
548 604 1.0
549 550 1.0
549 605 1.0
550 551 1.0
550 605 1.0
551 552 1.0
551 606 1.0
552 553 1.0
552 606 1.0
553 554 1.0
553 607 1.0
554 555 1.0
554 607 1.0
555 556 1.0
555 608 1.0
556 557 1.0
556 608 1.0
557 558 1.0
557 609 1.0
558 559 1.0
558 609 1.0
559 560 1.0
559 610 1.0
560 561 1.0
560 610 1.0
561 562 1.0
561 611 1.0
562 563 1.0
562 611 1.0
563 564 1.0
563 612 1.0
564 565 1.0
564 612 1.0
565 566 1.0
565 613 1.0
566 567 1.0
566 613 1.0
567 568 1.0
567 614 1.0
568 569 1.0
568 614 1.0
569 570 1.0
569 615 1.0
570 571 1.0
570 615 1.0
571 572 1.0
571 616 1.0
572 573 1.0
572 616 1.0
573 574 1.0
573 617 1.0
574 575 1.0
574 617 1.0
575 576 1.0
575 618 1.0
576 577 1.0
576 618 1.0
577 578 1.0
577 619 1.0
578 579 1.0
578 619 1.0
579 580 1.0
579 620 1.0
580 581 1.0
580 620 1.0
581 582 1.0
581 621 1.0
582 583 1.0
582 621 1.0
583 584 1.0
583 622 1.0
584 585 1.0
584 622 1.0
585 586 1.0
585 623 1.0
586 587 1.0
586 623 1.0
587 588 1.0
587 624 1.0
588 589 1.0
588 624 1.0
589 590 1.0
589 625 1.0
590 591 1.0
590 625 1.0
591 592 1.0
591 626 1.0
592 593 1.0
592 626 1.0
593 594 1.0
593 627 1.0
594 595 1.0
594 627 1.0
595 596 1.0
595 628 1.0
596 597 1.0
596 628 1.0
597 598 1.0
597 629 1.0
598 599 1.0
598 629 1.0
599 540 1.0
599 600 1.0
600 630 1.0
600 631 1.0
601 632 1.0
601 633 1.0
602 634 1.0
602 635 1.0
603 636 1.0
603 637 1.0
604 638 1.0
604 639 1.0
605 640 1.0
605 641 1.0
606 642 1.0
606 643 1.0
607 644 1.0
607 645 1.0
608 646 1.0
608 647 1.0
609 648 1.0
609 649 1.0
610 650 1.0
610 651 1.0
611 652 1.0
611 653 1.0
612 654 1.0
612 655 1.0
613 656 1.0
613 657 1.0
614 658 1.0
614 659 1.0
615 660 1.0
615 661 1.0
616 662 1.0
616 663 1.0
617 664 1.0
617 665 1.0
618 666 1.0
618 667 1.0
619 668 1.0
619 669 1.0
620 670 1.0
620 671 1.0
621 672 1.0
621 673 1.0
622 674 1.0
622 675 1.0
623 676 1.0
623 677 1.0
624 678 1.0
624 679 1.0
625 680 1.0
625 681 1.0
626 682 1.0
626 683 1.0
627 684 1.0
627 685 1.0
628 686 1.0
628 687 1.0
629 688 1.0
629 689 1.0
630 631 1.0
630 690 1.0
631 632 1.0
631 691 1.0
632 633 1.0
632 691 1.0
633 634 1.0
633 692 1.0
634 635 1.0
634 692 1.0
635 636 1.0
635 693 1.0
636 637 1.0
636 693 1.0
637 638 1.0
637 694 1.0
638 639 1.0
638 694 1.0
639 640 1.0
639 695 1.0
640 641 1.0
640 695 1.0
641 642 1.0
641 696 1.0
642 643 1.0
642 696 1.0
643 644 1.0
643 697 1.0
644 645 1.0
644 697 1.0
645 646 1.0
645 698 1.0
646 647 1.0
646 698 1.0
647 648 1.0
647 699 1.0
648 649 1.0
648 699 1.0
649 650 1.0
649 700 1.0
650 651 1.0
650 700 1.0
651 652 1.0
651 701 1.0
652 653 1.0
652 701 1.0
653 654 1.0
653 702 1.0
654 655 1.0
654 702 1.0
655 656 1.0
655 703 1.0
656 657 1.0
656 703 1.0
657 658 1.0
657 704 1.0
658 659 1.0
658 704 1.0
659 660 1.0
659 705 1.0
660 661 1.0
660 705 1.0
661 662 1.0
661 706 1.0
662 663 1.0
662 706 1.0
663 664 1.0
663 707 1.0
664 665 1.0
664 707 1.0
665 666 1.0
665 708 1.0
666 667 1.0
666 708 1.0
667 668 1.0
667 709 1.0
668 669 1.0
668 709 1.0
669 670 1.0
669 710 1.0
670 671 1.0
670 710 1.0
671 672 1.0
671 711 1.0
672 673 1.0
672 711 1.0
673 674 1.0
673 712 1.0
674 675 1.0
674 712 1.0
675 676 1.0
675 713 1.0
676 677 1.0
676 713 1.0
677 678 1.0
677 714 1.0
678 679 1.0
678 714 1.0
679 680 1.0
679 715 1.0
680 681 1.0
680 715 1.0
681 682 1.0
681 716 1.0
682 683 1.0
682 716 1.0
683 684 1.0
683 717 1.0
684 685 1.0
684 717 1.0
685 686 1.0
685 718 1.0
686 687 1.0
686 718 1.0
687 688 1.0
687 719 1.0
688 689 1.0
688 719 1.0
689 630 1.0
689 690 1.0
690 720 1.0
690 721 1.0
691 722 1.0
691 723 1.0
692 724 1.0
692 725 1.0
693 726 1.0
693 727 1.0
694 728 1.0
694 729 1.0
695 730 1.0
695 731 1.0
696 732 1.0
696 733 1.0
697 734 1.0
697 735 1.0
698 736 1.0
698 737 1.0
699 738 1.0
699 739 1.0
700 740 1.0
700 741 1.0
701 742 1.0
701 743 1.0
702 744 1.0
702 745 1.0
703 746 1.0
703 747 1.0
704 748 1.0
704 749 1.0
705 750 1.0
705 751 1.0
706 752 1.0
706 753 1.0
707 754 1.0
707 755 1.0
708 756 1.0
708 757 1.0
709 758 1.0
709 759 1.0
710 760 1.0
710 761 1.0
711 762 1.0
711 763 1.0
712 764 1.0
712 765 1.0
713 766 1.0
713 767 1.0
714 768 1.0
714 769 1.0
715 770 1.0
715 771 1.0
716 772 1.0
716 773 1.0
717 774 1.0
717 775 1.0
718 776 1.0
718 777 1.0
719 778 1.0
719 779 1.0
720 721 1.0
720 780 1.0
721 722 1.0
721 781 1.0
722 723 1.0
722 781 1.0
723 724 1.0
723 782 1.0
724 725 1.0
724 782 1.0
725 726 1.0
725 783 1.0
726 727 1.0
726 783 1.0
727 728 1.0
727 784 1.0
728 729 1.0
728 784 1.0
729 730 1.0
729 785 1.0
730 731 1.0
730 785 1.0
731 732 1.0
731 786 1.0
732 733 1.0
732 786 1.0
733 734 1.0
733 787 1.0
734 735 1.0
734 787 1.0
735 736 1.0
735 788 1.0
736 737 1.0
736 788 1.0
737 738 1.0
737 789 1.0
738 739 1.0
738 789 1.0
739 740 1.0
739 790 1.0
740 741 1.0
740 790 1.0
741 742 1.0
741 791 1.0
742 743 1.0
742 791 1.0
743 744 1.0
743 792 1.0
744 745 1.0
744 792 1.0
745 746 1.0
745 793 1.0
746 747 1.0
746 793 1.0
747 748 1.0
747 794 1.0
748 749 1.0
748 794 1.0
749 750 1.0
749 795 1.0
750 751 1.0
750 795 1.0
751 752 1.0
751 796 1.0
752 753 1.0
752 796 1.0
753 754 1.0
753 797 1.0
754 755 1.0
754 797 1.0
755 756 1.0
755 798 1.0
756 757 1.0
756 798 1.0
757 758 1.0
757 799 1.0
758 759 1.0
758 799 1.0
759 760 1.0
759 800 1.0
760 761 1.0
760 800 1.0
761 762 1.0
761 801 1.0
762 763 1.0
762 801 1.0
763 764 1.0
763 802 1.0
764 765 1.0
764 802 1.0
765 766 1.0
765 803 1.0
766 767 1.0
766 803 1.0
767 768 1.0
767 804 1.0
768 769 1.0
768 804 1.0
769 770 1.0
769 805 1.0
770 771 1.0
770 805 1.0
771 772 1.0
771 806 1.0
772 773 1.0
772 806 1.0
773 774 1.0
773 807 1.0
774 775 1.0
774 807 1.0
775 776 1.0
775 808 1.0
776 777 1.0
776 808 1.0
777 778 1.0
777 809 1.0
778 779 1.0
778 809 1.0
779 720 1.0
779 780 1.0
780 810 1.0
780 811 1.0
781 812 1.0
781 813 1.0
782 814 1.0
782 815 1.0
783 816 1.0
783 817 1.0
784 818 1.0
784 819 1.0
785 820 1.0
785 821 1.0
786 822 1.0
786 823 1.0
787 824 1.0
787 825 1.0
788 826 1.0
788 827 1.0
789 828 1.0
789 829 1.0
790 830 1.0
790 831 1.0
791 832 1.0
791 833 1.0
792 834 1.0
792 835 1.0
793 836 1.0
793 837 1.0
794 838 1.0
794 839 1.0
795 840 1.0
795 841 1.0
796 842 1.0
796 843 1.0
797 844 1.0
797 845 1.0
798 846 1.0
798 847 1.0
799 848 1.0
799 849 1.0
800 850 1.0
800 851 1.0
801 852 1.0
801 853 1.0
802 854 1.0
802 855 1.0
803 856 1.0
803 857 1.0
804 858 1.0
804 859 1.0
805 860 1.0
805 861 1.0
806 862 1.0
806 863 1.0
807 864 1.0
807 865 1.0
808 866 1.0
808 867 1.0
809 868 1.0
809 869 1.0
810 811 1.0
810 870 1.0
811 812 1.0
811 871 1.0
812 813 1.0
812 871 1.0
813 814 1.0
813 872 1.0
814 815 1.0
814 872 1.0
815 816 1.0
815 873 1.0
816 817 1.0
816 873 1.0
817 818 1.0
817 874 1.0
818 819 1.0
818 874 1.0
819 820 1.0
819 875 1.0
820 821 1.0
820 875 1.0
821 822 1.0
821 876 1.0
822 823 1.0
822 876 1.0
823 824 1.0
823 877 1.0
824 825 1.0
824 877 1.0
825 826 1.0
825 878 1.0
826 827 1.0
826 878 1.0
827 828 1.0
827 879 1.0
828 829 1.0
828 879 1.0
829 830 1.0
829 880 1.0
830 831 1.0
830 880 1.0
831 832 1.0
831 881 1.0
832 833 1.0
832 881 1.0
833 834 1.0
833 882 1.0
834 835 1.0
834 882 1.0
835 836 1.0
835 883 1.0
836 837 1.0
836 883 1.0
837 838 1.0
837 884 1.0
838 839 1.0
838 884 1.0
839 840 1.0
839 885 1.0
840 841 1.0
840 885 1.0
841 842 1.0
841 886 1.0
842 843 1.0
842 886 1.0
843 844 1.0
843 887 1.0
844 845 1.0
844 887 1.0
845 846 1.0
845 888 1.0
846 847 1.0
846 888 1.0
847 848 1.0
847 889 1.0
848 849 1.0
848 889 1.0
849 850 1.0
849 890 1.0
850 851 1.0
850 890 1.0
851 852 1.0
851 891 1.0
852 853 1.0
852 891 1.0
853 854 1.0
853 892 1.0
854 855 1.0
854 892 1.0
855 856 1.0
855 893 1.0
856 857 1.0
856 893 1.0
857 858 1.0
857 894 1.0
858 859 1.0
858 894 1.0
859 860 1.0
859 895 1.0
860 861 1.0
860 895 1.0
861 862 1.0
861 896 1.0
862 863 1.0
862 896 1.0
863 864 1.0
863 897 1.0
864 865 1.0
864 897 1.0
865 866 1.0
865 898 1.0
866 867 1.0
866 898 1.0
867 868 1.0
867 899 1.0
868 869 1.0
868 899 1.0
869 810 1.0
869 870 1.0
870 900 1.0
870 901 1.0
871 902 1.0
871 903 1.0
872 904 1.0
872 905 1.0
873 906 1.0
873 907 1.0
874 908 1.0
874 909 1.0
875 910 1.0
875 911 1.0
876 912 1.0
876 913 1.0
877 914 1.0
877 915 1.0
878 916 1.0
878 917 1.0
879 918 1.0
879 919 1.0
880 920 1.0
880 921 1.0
881 922 1.0
881 923 1.0
882 924 1.0
882 925 1.0
883 926 1.0
883 927 1.0
884 928 1.0
884 929 1.0
885 930 1.0
885 931 1.0
886 932 1.0
886 933 1.0
887 934 1.0
887 935 1.0
888 936 1.0
888 937 1.0
889 938 1.0
889 939 1.0
890 940 1.0
890 941 1.0
891 942 1.0
891 943 1.0
892 944 1.0
892 945 1.0
893 946 1.0
893 947 1.0
894 948 1.0
894 949 1.0
895 950 1.0
895 951 1.0
896 952 1.0
896 953 1.0
897 954 1.0
897 955 1.0
898 956 1.0
898 957 1.0
899 958 1.0
899 959 1.0
900 901 1.0
900 960 1.0
901 902 1.0
901 961 1.0
902 903 1.0
902 961 1.0
903 904 1.0
903 962 1.0
904 905 1.0
904 962 1.0
905 906 1.0
905 963 1.0
906 907 1.0
906 963 1.0
907 908 1.0
907 964 1.0
908 909 1.0
908 964 1.0
909 910 1.0
909 965 1.0
910 911 1.0
910 965 1.0
911 912 1.0
911 966 1.0
912 913 1.0
912 966 1.0
913 914 1.0
913 967 1.0
914 915 1.0
914 967 1.0
915 916 1.0
915 968 1.0
916 917 1.0
916 968 1.0
917 918 1.0
917 969 1.0
918 919 1.0
918 969 1.0
919 920 1.0
919 970 1.0
920 921 1.0
920 970 1.0
921 922 1.0
921 971 1.0
922 923 1.0
922 971 1.0
923 924 1.0
923 972 1.0
924 925 1.0
924 972 1.0
925 926 1.0
925 973 1.0
926 927 1.0
926 973 1.0
927 928 1.0
927 974 1.0
928 929 1.0
928 974 1.0
929 930 1.0
929 975 1.0
930 931 1.0
930 975 1.0
931 932 1.0
931 976 1.0
932 933 1.0
932 976 1.0
933 934 1.0
933 977 1.0
934 935 1.0
934 977 1.0
935 936 1.0
935 978 1.0
936 937 1.0
936 978 1.0
937 938 1.0
937 979 1.0
938 939 1.0
938 979 1.0
939 940 1.0
939 980 1.0
940 941 1.0
940 980 1.0
941 942 1.0
941 981 1.0
942 943 1.0
942 981 1.0
943 944 1.0
943 982 1.0
944 945 1.0
944 982 1.0
945 946 1.0
945 983 1.0
946 947 1.0
946 983 1.0
947 948 1.0
947 984 1.0
948 949 1.0
948 984 1.0
949 950 1.0
949 985 1.0
950 951 1.0
950 985 1.0
951 952 1.0
951 986 1.0
952 953 1.0
952 986 1.0
953 954 1.0
953 987 1.0
954 955 1.0
954 987 1.0
955 956 1.0
955 988 1.0
956 957 1.0
956 988 1.0
957 958 1.0
957 989 1.0
958 959 1.0
958 989 1.0
959 900 1.0
959 960 1.0
960 990 1.0
960 991 1.0
961 992 1.0
961 993 1.0
962 994 1.0
962 995 1.0
963 996 1.0
963 997 1.0
964 998 1.0
964 999 1.0
965 1000 1.0
965 1001 1.0
966 1002 1.0
966 1003 1.0
967 1004 1.0
967 1005 1.0
968 1006 1.0
968 1007 1.0
969 1008 1.0
969 1009 1.0
970 1010 1.0
970 1011 1.0
971 1012 1.0
971 1013 1.0
972 1014 1.0
972 1015 1.0
973 1016 1.0
973 1017 1.0
974 1018 1.0
974 1019 1.0
975 1020 1.0
975 1021 1.0
976 1022 1.0
976 1023 1.0
977 1024 1.0
977 1025 1.0
978 1026 1.0
978 1027 1.0
979 1028 1.0
979 1029 1.0
980 1030 1.0
980 1031 1.0
981 1032 1.0
981 1033 1.0
982 1034 1.0
982 1035 1.0
983 1036 1.0
983 1037 1.0
984 1038 1.0
984 1039 1.0
985 1040 1.0
985 1041 1.0
986 1042 1.0
986 1043 1.0
987 1044 1.0
987 1045 1.0
988 1046 1.0
988 1047 1.0
989 1048 1.0
989 1049 1.0
990 991 1.0
990 1050 1.0
991 992 1.0
991 1051 1.0
992 993 1.0
992 1051 1.0
993 994 1.0
993 1052 1.0
994 995 1.0
994 1052 1.0
995 996 1.0
995 1053 1.0
996 997 1.0
996 1053 1.0
997 998 1.0
997 1054 1.0
998 999 1.0
998 1054 1.0
999 1000 1.0
999 1055 1.0
1000 1001 1.0
1000 1055 1.0
1001 1002 1.0
1001 1056 1.0
1002 1003 1.0
1002 1056 1.0
1003 1004 1.0
1003 1057 1.0
1004 1005 1.0
1004 1057 1.0
1005 1006 1.0
1005 1058 1.0
1006 1007 1.0
1006 1058 1.0
1007 1008 1.0
1007 1059 1.0
1008 1009 1.0
1008 1059 1.0
1009 1010 1.0
1009 1060 1.0
1010 1011 1.0
1010 1060 1.0
1011 1012 1.0
1011 1061 1.0
1012 1013 1.0
1012 1061 1.0
1013 1014 1.0
1013 1062 1.0
1014 1015 1.0
1014 1062 1.0
1015 1016 1.0
1015 1063 1.0
1016 1017 1.0
1016 1063 1.0
1017 1018 1.0
1017 1064 1.0
1018 1019 1.0
1018 1064 1.0
1019 1020 1.0
1019 1065 1.0
1020 1021 1.0
1020 1065 1.0
1021 1022 1.0
1021 1066 1.0
1022 1023 1.0
1022 1066 1.0
1023 1024 1.0
1023 1067 1.0
1024 1025 1.0
1024 1067 1.0
1025 1026 1.0
1025 1068 1.0
1026 1027 1.0
1026 1068 1.0
1027 1028 1.0
1027 1069 1.0
1028 1029 1.0
1028 1069 1.0
1029 1030 1.0
1029 1070 1.0
1030 1031 1.0
1030 1070 1.0
1031 1032 1.0
1031 1071 1.0
1032 1033 1.0
1032 1071 1.0
1033 1034 1.0
1033 1072 1.0
1034 1035 1.0
1034 1072 1.0
1035 1036 1.0
1035 1073 1.0
1036 1037 1.0
1036 1073 1.0
1037 1038 1.0
1037 1074 1.0
1038 1039 1.0
1038 1074 1.0
1039 1040 1.0
1039 1075 1.0
1040 1041 1.0
1040 1075 1.0
1041 1042 1.0
1041 1076 1.0
1042 1043 1.0
1042 1076 1.0
1043 1044 1.0
1043 1077 1.0
1044 1045 1.0
1044 1077 1.0
1045 1046 1.0
1045 1078 1.0
1046 1047 1.0
1046 1078 1.0
1047 1048 1.0
1047 1079 1.0
1048 1049 1.0
1048 1079 1.0
1049 990 1.0
1049 1050 1.0
1050 1080 1.0
1050 1081 1.0
1051 1082 1.0
1051 1083 1.0
1052 1084 1.0
1052 1085 1.0
1053 1086 1.0
1053 1087 1.0
1054 1088 1.0
1054 1089 1.0
1055 1090 1.0
1055 1091 1.0
1056 1092 1.0
1056 1093 1.0
1057 1094 1.0
1057 1095 1.0
1058 1096 1.0
1058 1097 1.0
1059 1098 1.0
1059 1099 1.0
1060 1100 1.0
1060 1101 1.0
1061 1102 1.0
1061 1103 1.0
1062 1104 1.0
1062 1105 1.0
1063 1106 1.0
1063 1107 1.0
1064 1108 1.0
1064 1109 1.0
1065 1110 1.0
1065 1111 1.0
1066 1112 1.0
1066 1113 1.0
1067 1114 1.0
1067 1115 1.0
1068 1116 1.0
1068 1117 1.0
1069 1118 1.0
1069 1119 1.0
1070 1120 1.0
1070 1121 1.0
1071 1122 1.0
1071 1123 1.0
1072 1124 1.0
1072 1125 1.0
1073 1126 1.0
1073 1127 1.0
1074 1128 1.0
1074 1129 1.0
1075 1130 1.0
1075 1131 1.0
1076 1132 1.0
1076 1133 1.0
1077 1134 1.0
1077 1135 1.0
1078 1136 1.0
1078 1137 1.0
1079 1138 1.0
1079 1139 1.0
1080 1081 1.0
1080 1140 1.0
1081 1082 1.0
1081 1141 1.0
1082 1083 1.0
1082 1141 1.0
1083 1084 1.0
1083 1142 1.0
1084 1085 1.0
1084 1142 1.0
1085 1086 1.0
1085 1143 1.0
1086 1087 1.0
1086 1143 1.0
1087 1088 1.0
1087 1144 1.0
1088 1089 1.0
1088 1144 1.0
1089 1090 1.0
1089 1145 1.0
1090 1091 1.0
1090 1145 1.0
1091 1092 1.0
1091 1146 1.0
1092 1093 1.0
1092 1146 1.0
1093 1094 1.0
1093 1147 1.0
1094 1095 1.0
1094 1147 1.0
1095 1096 1.0
1095 1148 1.0
1096 1097 1.0
1096 1148 1.0
1097 1098 1.0
1097 1149 1.0
1098 1099 1.0
1098 1149 1.0
1099 1100 1.0
1099 1150 1.0
1100 1101 1.0
1100 1150 1.0
1101 1102 1.0
1101 1151 1.0
1102 1103 1.0
1102 1151 1.0
1103 1104 1.0
1103 1152 1.0
1104 1105 1.0
1104 1152 1.0
1105 1106 1.0
1105 1153 1.0
1106 1107 1.0
1106 1153 1.0
1107 1108 1.0
1107 1154 1.0
1108 1109 1.0
1108 1154 1.0
1109 1110 1.0
1109 1155 1.0
1110 1111 1.0
1110 1155 1.0
1111 1112 1.0
1111 1156 1.0
1112 1113 1.0
1112 1156 1.0
1113 1114 1.0
1113 1157 1.0
1114 1115 1.0
1114 1157 1.0
1115 1116 1.0
1115 1158 1.0
1116 1117 1.0
1116 1158 1.0
1117 1118 1.0
1117 1159 1.0
1118 1119 1.0
1118 1159 1.0
1119 1120 1.0
1119 1160 1.0
1120 1121 1.0
1120 1160 1.0
1121 1122 1.0
1121 1161 1.0
1122 1123 1.0
1122 1161 1.0
1123 1124 1.0
1123 1162 1.0
1124 1125 1.0
1124 1162 1.0
1125 1126 1.0
1125 1163 1.0
1126 1127 1.0
1126 1163 1.0
1127 1128 1.0
1127 1164 1.0
1128 1129 1.0
1128 1164 1.0
1129 1130 1.0
1129 1165 1.0
1130 1131 1.0
1130 1165 1.0
1131 1132 1.0
1131 1166 1.0
1132 1133 1.0
1132 1166 1.0
1133 1134 1.0
1133 1167 1.0
1134 1135 1.0
1134 1167 1.0
1135 1136 1.0
1135 1168 1.0
1136 1137 1.0
1136 1168 1.0
1137 1138 1.0
1137 1169 1.0
1138 1139 1.0
1138 1169 1.0
1139 1080 1.0
1139 1140 1.0
1140 1170 1.0
1140 1171 1.0
1141 1172 1.0
1141 1173 1.0
1142 1174 1.0
1142 1175 1.0
1143 1176 1.0
1143 1177 1.0
1144 1178 1.0
1144 1179 1.0
1145 1180 1.0
1145 1181 1.0
1146 1182 1.0
1146 1183 1.0
1147 1184 1.0
1147 1185 1.0
1148 1186 1.0
1148 1187 1.0
1149 1188 1.0
1149 1189 1.0
1150 1190 1.0
1150 1191 1.0
1151 1192 1.0
1151 1193 1.0
1152 1194 1.0
1152 1195 1.0
1153 1196 1.0
1153 1197 1.0
1154 1198 1.0
1154 1199 1.0
1155 1200 1.0
1155 1201 1.0
1156 1202 1.0
1156 1203 1.0
1157 1204 1.0
1157 1205 1.0
1158 1206 1.0
1158 1207 1.0
1159 1208 1.0
1159 1209 1.0
1160 1210 1.0
1160 1211 1.0
1161 1212 1.0
1161 1213 1.0
1162 1214 1.0
1162 1215 1.0
1163 1216 1.0
1163 1217 1.0
1164 1218 1.0
1164 1219 1.0
1165 1220 1.0
1165 1221 1.0
1166 1222 1.0
1166 1223 1.0
1167 1224 1.0
1167 1225 1.0
1168 1226 1.0
1168 1227 1.0
1169 1228 1.0
1169 1229 1.0
1170 1171 1.0
1170 1230 1.0
1171 1172 1.0
1171 1231 1.0
1172 1173 1.0
1172 1231 1.0
1173 1174 1.0
1173 1232 1.0
1174 1175 1.0
1174 1232 1.0
1175 1176 1.0
1175 1233 1.0
1176 1177 1.0
1176 1233 1.0
1177 1178 1.0
1177 1234 1.0
1178 1179 1.0
1178 1234 1.0
1179 1180 1.0
1179 1235 1.0
1180 1181 1.0
1180 1235 1.0
1181 1182 1.0
1181 1236 1.0
1182 1183 1.0
1182 1236 1.0
1183 1184 1.0
1183 1237 1.0
1184 1185 1.0
1184 1237 1.0
1185 1186 1.0
1185 1238 1.0
1186 1187 1.0
1186 1238 1.0
1187 1188 1.0
1187 1239 1.0
1188 1189 1.0
1188 1239 1.0
1189 1190 1.0
1189 1240 1.0
1190 1191 1.0
1190 1240 1.0
1191 1192 1.0
1191 1241 1.0
1192 1193 1.0
1192 1241 1.0
1193 1194 1.0
1193 1242 1.0
1194 1195 1.0
1194 1242 1.0
1195 1196 1.0
1195 1243 1.0
1196 1197 1.0
1196 1243 1.0
1197 1198 1.0
1197 1244 1.0
1198 1199 1.0
1198 1244 1.0
1199 1200 1.0
1199 1245 1.0
1200 1201 1.0
1200 1245 1.0
1201 1202 1.0
1201 1246 1.0
1202 1203 1.0
1202 1246 1.0
1203 1204 1.0
1203 1247 1.0
1204 1205 1.0
1204 1247 1.0
1205 1206 1.0
1205 1248 1.0
1206 1207 1.0
1206 1248 1.0
1207 1208 1.0
1207 1249 1.0
1208 1209 1.0
1208 1249 1.0
1209 1210 1.0
1209 1250 1.0
1210 1211 1.0
1210 1250 1.0
1211 1212 1.0
1211 1251 1.0
1212 1213 1.0
1212 1251 1.0
1213 1214 1.0
1213 1252 1.0
1214 1215 1.0
1214 1252 1.0
1215 1216 1.0
1215 1253 1.0
1216 1217 1.0
1216 1253 1.0
1217 1218 1.0
1217 1254 1.0
1218 1219 1.0
1218 1254 1.0
1219 1220 1.0
1219 1255 1.0
1220 1221 1.0
1220 1255 1.0
1221 1222 1.0
1221 1256 1.0
1222 1223 1.0
1222 1256 1.0
1223 1224 1.0
1223 1257 1.0
1224 1225 1.0
1224 1257 1.0
1225 1226 1.0
1225 1258 1.0
1226 1227 1.0
1226 1258 1.0
1227 1228 1.0
1227 1259 1.0
1228 1229 1.0
1228 1259 1.0
1229 1170 1.0
1229 1230 1.0
1230 1260 1.0
1230 1261 1.0
1231 1262 1.0
1231 1263 1.0
1232 1264 1.0
1232 1265 1.0
1233 1266 1.0
1233 1267 1.0
1234 1268 1.0
1234 1269 1.0
1235 1270 1.0
1235 1271 1.0
1236 1272 1.0
1236 1273 1.0
1237 1274 1.0
1237 1275 1.0
1238 1276 1.0
1238 1277 1.0
1239 1278 1.0
1239 1279 1.0
1240 1280 1.0
1240 1281 1.0
1241 1282 1.0
1241 1283 1.0
1242 1284 1.0
1242 1285 1.0
1243 1286 1.0
1243 1287 1.0
1244 1288 1.0
1244 1289 1.0
1245 1290 1.0
1245 1291 1.0
1246 1292 1.0
1246 1293 1.0
1247 1294 1.0
1247 1295 1.0
1248 1296 1.0
1248 1297 1.0
1249 1298 1.0
1249 1299 1.0
1250 1300 1.0
1250 1301 1.0
1251 1302 1.0
1251 1303 1.0
1252 1304 1.0
1252 1305 1.0
1253 1306 1.0
1253 1307 1.0
1254 1308 1.0
1254 1309 1.0
1255 1310 1.0
1255 1311 1.0
1256 1312 1.0
1256 1313 1.0
1257 1314 1.0
1257 1315 1.0
1258 1316 1.0
1258 1317 1.0
1259 1318 1.0
1259 1319 1.0
1260 1261 1.0
1260 1320 1.0
1261 1262 1.0
1261 1321 1.0
1262 1263 1.0
1262 1321 1.0
1263 1264 1.0
1263 1322 1.0
1264 1265 1.0
1264 1322 1.0
1265 1266 1.0
1265 1323 1.0
1266 1267 1.0
1266 1323 1.0
1267 1268 1.0
1267 1324 1.0
1268 1269 1.0
1268 1324 1.0
1269 1270 1.0
1269 1325 1.0
1270 1271 1.0
1270 1325 1.0
1271 1272 1.0
1271 1326 1.0
1272 1273 1.0
1272 1326 1.0
1273 1274 1.0
1273 1327 1.0
1274 1275 1.0
1274 1327 1.0
1275 1276 1.0
1275 1328 1.0
1276 1277 1.0
1276 1328 1.0
1277 1278 1.0
1277 1329 1.0
1278 1279 1.0
1278 1329 1.0
1279 1280 1.0
1279 1330 1.0
1280 1281 1.0
1280 1330 1.0
1281 1282 1.0
1281 1331 1.0
1282 1283 1.0
1282 1331 1.0
1283 1284 1.0
1283 1332 1.0
1284 1285 1.0
1284 1332 1.0
1285 1286 1.0
1285 1333 1.0
1286 1287 1.0
1286 1333 1.0
1287 1288 1.0
1287 1334 1.0
1288 1289 1.0
1288 1334 1.0
1289 1290 1.0
1289 1335 1.0
1290 1291 1.0
1290 1335 1.0
1291 1292 1.0
1291 1336 1.0
1292 1293 1.0
1292 1336 1.0
1293 1294 1.0
1293 1337 1.0
1294 1295 1.0
1294 1337 1.0
1295 1296 1.0
1295 1338 1.0
1296 1297 1.0
1296 1338 1.0
1297 1298 1.0
1297 1339 1.0
1298 1299 1.0
1298 1339 1.0
1299 1300 1.0
1299 1340 1.0
1300 1301 1.0
1300 1340 1.0
1301 1302 1.0
1301 1341 1.0
1302 1303 1.0
1302 1341 1.0
1303 1304 1.0
1303 1342 1.0
1304 1305 1.0
1304 1342 1.0
1305 1306 1.0
1305 1343 1.0
1306 1307 1.0
1306 1343 1.0
1307 1308 1.0
1307 1344 1.0
1308 1309 1.0
1308 1344 1.0
1309 1310 1.0
1309 1345 1.0
1310 1311 1.0
1310 1345 1.0
1311 1312 1.0
1311 1346 1.0
1312 1313 1.0
1312 1346 1.0
1313 1314 1.0
1313 1347 1.0
1314 1315 1.0
1314 1347 1.0
1315 1316 1.0
1315 1348 1.0
1316 1317 1.0
1316 1348 1.0
1317 1318 1.0
1317 1349 1.0
1318 1319 1.0
1318 1349 1.0
1319 1260 1.0
1319 1320 1.0
1320 1350 1.0
1320 1351 1.0
1321 1352 1.0
1321 1353 1.0
1322 1354 1.0
1322 1355 1.0
1323 1356 1.0
1323 1357 1.0
1324 1358 1.0
1324 1359 1.0
1325 1360 1.0
1325 1361 1.0
1326 1362 1.0
1326 1363 1.0
1327 1364 1.0
1327 1365 1.0
1328 1366 1.0
1328 1367 1.0
1329 1368 1.0
1329 1369 1.0
1330 1370 1.0
1330 1371 1.0
1331 1372 1.0
1331 1373 1.0
1332 1374 1.0
1332 1375 1.0
1333 1376 1.0
1333 1377 1.0
1334 1378 1.0
1334 1379 1.0
1335 1380 1.0
1335 1381 1.0
1336 1382 1.0
1336 1383 1.0
1337 1384 1.0
1337 1385 1.0
1338 1386 1.0
1338 1387 1.0
1339 1388 1.0
1339 1389 1.0
1340 1390 1.0
1340 1391 1.0
1341 1392 1.0
1341 1393 1.0
1342 1394 1.0
1342 1395 1.0
1343 1396 1.0
1343 1397 1.0
1344 1398 1.0
1344 1399 1.0
1345 1400 1.0
1345 1401 1.0
1346 1402 1.0
1346 1403 1.0
1347 1404 1.0
1347 1405 1.0
1348 1406 1.0
1348 1407 1.0
1349 1408 1.0
1349 1409 1.0
1350 1351 1.0
1350 1410 1.0
1351 1352 1.0
1351 1411 1.0
1352 1353 1.0
1352 1411 1.0
1353 1354 1.0
1353 1412 1.0
1354 1355 1.0
1354 1412 1.0
1355 1356 1.0
1355 1413 1.0
1356 1357 1.0
1356 1413 1.0
1357 1358 1.0
1357 1414 1.0
1358 1359 1.0
1358 1414 1.0
1359 1360 1.0
1359 1415 1.0
1360 1361 1.0
1360 1415 1.0
1361 1362 1.0
1361 1416 1.0
1362 1363 1.0
1362 1416 1.0
1363 1364 1.0
1363 1417 1.0
1364 1365 1.0
1364 1417 1.0
1365 1366 1.0
1365 1418 1.0
1366 1367 1.0
1366 1418 1.0
1367 1368 1.0
1367 1419 1.0
1368 1369 1.0
1368 1419 1.0
1369 1370 1.0
1369 1420 1.0
1370 1371 1.0
1370 1420 1.0
1371 1372 1.0
1371 1421 1.0
1372 1373 1.0
1372 1421 1.0
1373 1374 1.0
1373 1422 1.0
1374 1375 1.0
1374 1422 1.0
1375 1376 1.0
1375 1423 1.0
1376 1377 1.0
1376 1423 1.0
1377 1378 1.0
1377 1424 1.0
1378 1379 1.0
1378 1424 1.0
1379 1380 1.0
1379 1425 1.0
1380 1381 1.0
1380 1425 1.0
1381 1382 1.0
1381 1426 1.0
1382 1383 1.0
1382 1426 1.0
1383 1384 1.0
1383 1427 1.0
1384 1385 1.0
1384 1427 1.0
1385 1386 1.0
1385 1428 1.0
1386 1387 1.0
1386 1428 1.0
1387 1388 1.0
1387 1429 1.0
1388 1389 1.0
1388 1429 1.0
1389 1390 1.0
1389 1430 1.0
1390 1391 1.0
1390 1430 1.0
1391 1392 1.0
1391 1431 1.0
1392 1393 1.0
1392 1431 1.0
1393 1394 1.0
1393 1432 1.0
1394 1395 1.0
1394 1432 1.0
1395 1396 1.0
1395 1433 1.0
1396 1397 1.0
1396 1433 1.0
1397 1398 1.0
1397 1434 1.0
1398 1399 1.0
1398 1434 1.0
1399 1400 1.0
1399 1435 1.0
1400 1401 1.0
1400 1435 1.0
1401 1402 1.0
1401 1436 1.0
1402 1403 1.0
1402 1436 1.0
1403 1404 1.0
1403 1437 1.0
1404 1405 1.0
1404 1437 1.0
1405 1406 1.0
1405 1438 1.0
1406 1407 1.0
1406 1438 1.0
1407 1408 1.0
1407 1439 1.0
1408 1409 1.0
1408 1439 1.0
1409 1350 1.0
1409 1410 1.0
1410 1440 1.0
1410 1441 1.0
1411 1442 1.0
1411 1443 1.0
1412 1444 1.0
1412 1445 1.0
1413 1446 1.0
1413 1447 1.0
1414 1448 1.0
1414 1449 1.0
1415 1450 1.0
1415 1451 1.0
1416 1452 1.0
1416 1453 1.0
1417 1454 1.0
1417 1455 1.0
1418 1456 1.0
1418 1457 1.0
1419 1458 1.0
1419 1459 1.0
1420 1460 1.0
1420 1461 1.0
1421 1462 1.0
1421 1463 1.0
1422 1464 1.0
1422 1465 1.0
1423 1466 1.0
1423 1467 1.0
1424 1468 1.0
1424 1469 1.0
1425 1470 1.0
1425 1471 1.0
1426 1472 1.0
1426 1473 1.0
1427 1474 1.0
1427 1475 1.0
1428 1476 1.0
1428 1477 1.0
1429 1478 1.0
1429 1479 1.0
1430 1480 1.0
1430 1481 1.0
1431 1482 1.0
1431 1483 1.0
1432 1484 1.0
1432 1485 1.0
1433 1486 1.0
1433 1487 1.0
1434 1488 1.0
1434 1489 1.0
1435 1490 1.0
1435 1491 1.0
1436 1492 1.0
1436 1493 1.0
1437 1494 1.0
1437 1495 1.0
1438 1496 1.0
1438 1497 1.0
1439 1498 1.0
1439 1499 1.0
1440 1441 1.0
1440 1500 1.0
1441 1442 1.0
1441 1501 1.0
1442 1443 1.0
1442 1501 1.0
1443 1444 1.0
1443 1502 1.0
1444 1445 1.0
1444 1502 1.0
1445 1446 1.0
1445 1503 1.0
1446 1447 1.0
1446 1503 1.0
1447 1448 1.0
1447 1504 1.0
1448 1449 1.0
1448 1504 1.0
1449 1450 1.0
1449 1505 1.0
1450 1451 1.0
1450 1505 1.0
1451 1452 1.0
1451 1506 1.0
1452 1453 1.0
1452 1506 1.0
1453 1454 1.0
1453 1507 1.0
1454 1455 1.0
1454 1507 1.0
1455 1456 1.0
1455 1508 1.0
1456 1457 1.0
1456 1508 1.0
1457 1458 1.0
1457 1509 1.0
1458 1459 1.0
1458 1509 1.0
1459 1460 1.0
1459 1510 1.0
1460 1461 1.0
1460 1510 1.0
1461 1462 1.0
1461 1511 1.0
1462 1463 1.0
1462 1511 1.0
1463 1464 1.0
1463 1512 1.0
1464 1465 1.0
1464 1512 1.0
1465 1466 1.0
1465 1513 1.0
1466 1467 1.0
1466 1513 1.0
1467 1468 1.0
1467 1514 1.0
1468 1469 1.0
1468 1514 1.0
1469 1470 1.0
1469 1515 1.0
1470 1471 1.0
1470 1515 1.0
1471 1472 1.0
1471 1516 1.0
1472 1473 1.0
1472 1516 1.0
1473 1474 1.0
1473 1517 1.0
1474 1475 1.0
1474 1517 1.0
1475 1476 1.0
1475 1518 1.0
1476 1477 1.0
1476 1518 1.0
1477 1478 1.0
1477 1519 1.0
1478 1479 1.0
1478 1519 1.0
1479 1480 1.0
1479 1520 1.0
1480 1481 1.0
1480 1520 1.0
1481 1482 1.0
1481 1521 1.0
1482 1483 1.0
1482 1521 1.0
1483 1484 1.0
1483 1522 1.0
1484 1485 1.0
1484 1522 1.0
1485 1486 1.0
1485 1523 1.0
1486 1487 1.0
1486 1523 1.0
1487 1488 1.0
1487 1524 1.0
1488 1489 1.0
1488 1524 1.0
1489 1490 1.0
1489 1525 1.0
1490 1491 1.0
1490 1525 1.0
1491 1492 1.0
1491 1526 1.0
1492 1493 1.0
1492 1526 1.0
1493 1494 1.0
1493 1527 1.0
1494 1495 1.0
1494 1527 1.0
1495 1496 1.0
1495 1528 1.0
1496 1497 1.0
1496 1528 1.0
1497 1498 1.0
1497 1529 1.0
1498 1499 1.0
1498 1529 1.0
1499 1440 1.0
1499 1500 1.0
1500 1530 1.0
1500 1531 1.0
1501 1532 1.0
1501 1533 1.0
1502 1534 1.0
1502 1535 1.0
1503 1536 1.0
1503 1537 1.0
1504 1538 1.0
1504 1539 1.0
1505 1540 1.0
1505 1541 1.0
1506 1542 1.0
1506 1543 1.0
1507 1544 1.0
1507 1545 1.0
1508 1546 1.0
1508 1547 1.0
1509 1548 1.0
1509 1549 1.0
1510 1550 1.0
1510 1551 1.0
1511 1552 1.0
1511 1553 1.0
1512 1554 1.0
1512 1555 1.0
1513 1556 1.0
1513 1557 1.0
1514 1558 1.0
1514 1559 1.0
1515 1560 1.0
1515 1561 1.0
1516 1562 1.0
1516 1563 1.0
1517 1564 1.0
1517 1565 1.0
1518 1566 1.0
1518 1567 1.0
1519 1568 1.0
1519 1569 1.0
1520 1570 1.0
1520 1571 1.0
1521 1572 1.0
1521 1573 1.0
1522 1574 1.0
1522 1575 1.0
1523 1576 1.0
1523 1577 1.0
1524 1578 1.0
1524 1579 1.0
1525 1580 1.0
1525 1581 1.0
1526 1582 1.0
1526 1583 1.0
1527 1584 1.0
1527 1585 1.0
1528 1586 1.0
1528 1587 1.0
1529 1588 1.0
1529 1589 1.0
1530 1531 1.0
1530 1590 1.0
1531 1532 1.0
1531 1591 1.0
1532 1533 1.0
1532 1591 1.0
1533 1534 1.0
1533 1592 1.0
1534 1535 1.0
1534 1592 1.0
1535 1536 1.0
1535 1593 1.0
1536 1537 1.0
1536 1593 1.0
1537 1538 1.0
1537 1594 1.0
1538 1539 1.0
1538 1594 1.0
1539 1540 1.0
1539 1595 1.0
1540 1541 1.0
1540 1595 1.0
1541 1542 1.0
1541 1596 1.0
1542 1543 1.0
1542 1596 1.0
1543 1544 1.0
1543 1597 1.0
1544 1545 1.0
1544 1597 1.0
1545 1546 1.0
1545 1598 1.0
1546 1547 1.0
1546 1598 1.0
1547 1548 1.0
1547 1599 1.0
1548 1549 1.0
1548 1599 1.0
1549 1550 1.0
1549 1600 1.0
1550 1551 1.0
1550 1600 1.0
1551 1552 1.0
1551 1601 1.0
1552 1553 1.0
1552 1601 1.0
1553 1554 1.0
1553 1602 1.0
1554 1555 1.0
1554 1602 1.0
1555 1556 1.0
1555 1603 1.0
1556 1557 1.0
1556 1603 1.0
1557 1558 1.0
1557 1604 1.0
1558 1559 1.0
1558 1604 1.0
1559 1560 1.0
1559 1605 1.0
1560 1561 1.0
1560 1605 1.0
1561 1562 1.0
1561 1606 1.0
1562 1563 1.0
1562 1606 1.0
1563 1564 1.0
1563 1607 1.0
1564 1565 1.0
1564 1607 1.0
1565 1566 1.0
1565 1608 1.0
1566 1567 1.0
1566 1608 1.0
1567 1568 1.0
1567 1609 1.0
1568 1569 1.0
1568 1609 1.0
1569 1570 1.0
1569 1610 1.0
1570 1571 1.0
1570 1610 1.0
1571 1572 1.0
1571 1611 1.0
1572 1573 1.0
1572 1611 1.0
1573 1574 1.0
1573 1612 1.0
1574 1575 1.0
1574 1612 1.0
1575 1576 1.0
1575 1613 1.0
1576 1577 1.0
1576 1613 1.0
1577 1578 1.0
1577 1614 1.0
1578 1579 1.0
1578 1614 1.0
1579 1580 1.0
1579 1615 1.0
1580 1581 1.0
1580 1615 1.0
1581 1582 1.0
1581 1616 1.0
1582 1583 1.0
1582 1616 1.0
1583 1584 1.0
1583 1617 1.0
1584 1585 1.0
1584 1617 1.0
1585 1586 1.0
1585 1618 1.0
1586 1587 1.0
1586 1618 1.0
1587 1588 1.0
1587 1619 1.0
1588 1589 1.0
1588 1619 1.0
1589 1530 1.0
1589 1590 1.0
1590 1620 1.0
1590 1621 1.0
1591 1622 1.0
1591 1623 1.0
1592 1624 1.0
1592 1625 1.0
1593 1626 1.0
1593 1627 1.0
1594 1628 1.0
1594 1629 1.0
1595 1630 1.0
1595 1631 1.0
1596 1632 1.0
1596 1633 1.0
1597 1634 1.0
1597 1635 1.0
1598 1636 1.0
1598 1637 1.0
1599 1638 1.0
1599 1639 1.0
1600 1640 1.0
1600 1641 1.0
1601 1642 1.0
1601 1643 1.0
1602 1644 1.0
1602 1645 1.0
1603 1646 1.0
1603 1647 1.0
1604 1648 1.0
1604 1649 1.0
1605 1650 1.0
1605 1651 1.0
1606 1652 1.0
1606 1653 1.0
1607 1654 1.0
1607 1655 1.0
1608 1656 1.0
1608 1657 1.0
1609 1658 1.0
1609 1659 1.0
1610 1660 1.0
1610 1661 1.0
1611 1662 1.0
1611 1663 1.0
1612 1664 1.0
1612 1665 1.0
1613 1666 1.0
1613 1667 1.0
1614 1668 1.0
1614 1669 1.0
1615 1670 1.0
1615 1671 1.0
1616 1672 1.0
1616 1673 1.0
1617 1674 1.0
1617 1675 1.0
1618 1676 1.0
1618 1677 1.0
1619 1678 1.0
1619 1679 1.0
1620 1621 1.0
1620 1680 1.0
1621 1622 1.0
1621 1681 1.0
1622 1623 1.0
1622 1681 1.0
1623 1624 1.0
1623 1682 1.0
1624 1625 1.0
1624 1682 1.0
1625 1626 1.0
1625 1683 1.0
1626 1627 1.0
1626 1683 1.0
1627 1628 1.0
1627 1684 1.0
1628 1629 1.0
1628 1684 1.0
1629 1630 1.0
1629 1685 1.0
1630 1631 1.0
1630 1685 1.0
1631 1632 1.0
1631 1686 1.0
1632 1633 1.0
1632 1686 1.0
1633 1634 1.0
1633 1687 1.0
1634 1635 1.0
1634 1687 1.0
1635 1636 1.0
1635 1688 1.0
1636 1637 1.0
1636 1688 1.0
1637 1638 1.0
1637 1689 1.0
1638 1639 1.0
1638 1689 1.0
1639 1640 1.0
1639 1690 1.0
1640 1641 1.0
1640 1690 1.0
1641 1642 1.0
1641 1691 1.0
1642 1643 1.0
1642 1691 1.0
1643 1644 1.0
1643 1692 1.0
1644 1645 1.0
1644 1692 1.0
1645 1646 1.0
1645 1693 1.0
1646 1647 1.0
1646 1693 1.0
1647 1648 1.0
1647 1694 1.0
1648 1649 1.0
1648 1694 1.0
1649 1650 1.0
1649 1695 1.0
1650 1651 1.0
1650 1695 1.0
1651 1652 1.0
1651 1696 1.0
1652 1653 1.0
1652 1696 1.0
1653 1654 1.0
1653 1697 1.0
1654 1655 1.0
1654 1697 1.0
1655 1656 1.0
1655 1698 1.0
1656 1657 1.0
1656 1698 1.0
1657 1658 1.0
1657 1699 1.0
1658 1659 1.0
1658 1699 1.0
1659 1660 1.0
1659 1700 1.0
1660 1661 1.0
1660 1700 1.0
1661 1662 1.0
1661 1701 1.0
1662 1663 1.0
1662 1701 1.0
1663 1664 1.0
1663 1702 1.0
1664 1665 1.0
1664 1702 1.0
1665 1666 1.0
1665 1703 1.0
1666 1667 1.0
1666 1703 1.0
1667 1668 1.0
1667 1704 1.0
1668 1669 1.0
1668 1704 1.0
1669 1670 1.0
1669 1705 1.0
1670 1671 1.0
1670 1705 1.0
1671 1672 1.0
1671 1706 1.0
1672 1673 1.0
1672 1706 1.0
1673 1674 1.0
1673 1707 1.0
1674 1675 1.0
1674 1707 1.0
1675 1676 1.0
1675 1708 1.0
1676 1677 1.0
1676 1708 1.0
1677 1678 1.0
1677 1709 1.0
1678 1679 1.0
1678 1709 1.0
1679 1620 1.0
1679 1680 1.0
1680 1710 1.0
1680 1711 1.0
1681 1712 1.0
1681 1713 1.0
1682 1714 1.0
1682 1715 1.0
1683 1716 1.0
1683 1717 1.0
1684 1718 1.0
1684 1719 1.0
1685 1720 1.0
1685 1721 1.0
1686 1722 1.0
1686 1723 1.0
1687 1724 1.0
1687 1725 1.0
1688 1726 1.0
1688 1727 1.0
1689 1728 1.0
1689 1729 1.0
1690 1730 1.0
1690 1731 1.0
1691 1732 1.0
1691 1733 1.0
1692 1734 1.0
1692 1735 1.0
1693 1736 1.0
1693 1737 1.0
1694 1738 1.0
1694 1739 1.0
1695 1740 1.0
1695 1741 1.0
1696 1742 1.0
1696 1743 1.0
1697 1744 1.0
1697 1745 1.0
1698 1746 1.0
1698 1747 1.0
1699 1748 1.0
1699 1749 1.0
1700 1750 1.0
1700 1751 1.0
1701 1752 1.0
1701 1753 1.0
1702 1754 1.0
1702 1755 1.0
1703 1756 1.0
1703 1757 1.0
1704 1758 1.0
1704 1759 1.0
1705 1760 1.0
1705 1761 1.0
1706 1762 1.0
1706 1763 1.0
1707 1764 1.0
1707 1765 1.0
1708 1766 1.0
1708 1767 1.0
1709 1768 1.0
1709 1769 1.0
1710 1711 1.0
1710 1770 1.0
1711 1712 1.0
1711 1771 1.0
1712 1713 1.0
1712 1771 1.0
1713 1714 1.0
1713 1772 1.0
1714 1715 1.0
1714 1772 1.0
1715 1716 1.0
1715 1773 1.0
1716 1717 1.0
1716 1773 1.0
1717 1718 1.0
1717 1774 1.0
1718 1719 1.0
1718 1774 1.0
1719 1720 1.0
1719 1775 1.0
1720 1721 1.0
1720 1775 1.0
1721 1722 1.0
1721 1776 1.0
1722 1723 1.0
1722 1776 1.0
1723 1724 1.0
1723 1777 1.0
1724 1725 1.0
1724 1777 1.0
1725 1726 1.0
1725 1778 1.0
1726 1727 1.0
1726 1778 1.0
1727 1728 1.0
1727 1779 1.0
1728 1729 1.0
1728 1779 1.0
1729 1730 1.0
1729 1780 1.0
1730 1731 1.0
1730 1780 1.0
1731 1732 1.0
1731 1781 1.0
1732 1733 1.0
1732 1781 1.0
1733 1734 1.0
1733 1782 1.0
1734 1735 1.0
1734 1782 1.0
1735 1736 1.0
1735 1783 1.0
1736 1737 1.0
1736 1783 1.0
1737 1738 1.0
1737 1784 1.0
1738 1739 1.0
1738 1784 1.0
1739 1740 1.0
1739 1785 1.0
1740 1741 1.0
1740 1785 1.0
1741 1742 1.0
1741 1786 1.0
1742 1743 1.0
1742 1786 1.0
1743 1744 1.0
1743 1787 1.0
1744 1745 1.0
1744 1787 1.0
1745 1746 1.0
1745 1788 1.0
1746 1747 1.0
1746 1788 1.0
1747 1748 1.0
1747 1789 1.0
1748 1749 1.0
1748 1789 1.0
1749 1750 1.0
1749 1790 1.0
1750 1751 1.0
1750 1790 1.0
1751 1752 1.0
1751 1791 1.0
1752 1753 1.0
1752 1791 1.0
1753 1754 1.0
1753 1792 1.0
1754 1755 1.0
1754 1792 1.0
1755 1756 1.0
1755 1793 1.0
1756 1757 1.0
1756 1793 1.0
1757 1758 1.0
1757 1794 1.0
1758 1759 1.0
1758 1794 1.0
1759 1760 1.0
1759 1795 1.0
1760 1761 1.0
1760 1795 1.0
1761 1762 1.0
1761 1796 1.0
1762 1763 1.0
1762 1796 1.0
1763 1764 1.0
1763 1797 1.0
1764 1765 1.0
1764 1797 1.0
1765 1766 1.0
1765 1798 1.0
1766 1767 1.0
1766 1798 1.0
1767 1768 1.0
1767 1799 1.0
1768 1769 1.0
1768 1799 1.0
1769 1710 1.0
1769 1770 1.0
1770 1800 1.0
1770 1801 1.0
1771 1802 1.0
1771 1803 1.0
1772 1804 1.0
1772 1805 1.0
1773 1806 1.0
1773 1807 1.0
1774 1808 1.0
1774 1809 1.0
1775 1810 1.0
1775 1811 1.0
1776 1812 1.0
1776 1813 1.0
1777 1814 1.0
1777 1815 1.0
1778 1816 1.0
1778 1817 1.0
1779 1818 1.0
1779 1819 1.0
1780 1820 1.0
1780 1821 1.0
1781 1822 1.0
1781 1823 1.0
1782 1824 1.0
1782 1825 1.0
1783 1826 1.0
1783 1827 1.0
1784 1828 1.0
1784 1829 1.0
1785 1830 1.0
1785 1831 1.0
1786 1832 1.0
1786 1833 1.0
1787 1834 1.0
1787 1835 1.0
1788 1836 1.0
1788 1837 1.0
1789 1838 1.0
1789 1839 1.0
1790 1840 1.0
1790 1841 1.0
1791 1842 1.0
1791 1843 1.0
1792 1844 1.0
1792 1845 1.0
1793 1846 1.0
1793 1847 1.0
1794 1848 1.0
1794 1849 1.0
1795 1850 1.0
1795 1851 1.0
1796 1852 1.0
1796 1853 1.0
1797 1854 1.0
1797 1855 1.0
1798 1856 1.0
1798 1857 1.0
1799 1858 1.0
1799 1859 1.0
1800 1801 1.0
1800 1860 1.0
1801 1802 1.0
1801 1861 1.0
1802 1803 1.0
1802 1861 1.0
1803 1804 1.0
1803 1862 1.0
1804 1805 1.0
1804 1862 1.0
1805 1806 1.0
1805 1863 1.0
1806 1807 1.0
1806 1863 1.0
1807 1808 1.0
1807 1864 1.0
1808 1809 1.0
1808 1864 1.0
1809 1810 1.0
1809 1865 1.0
1810 1811 1.0
1810 1865 1.0
1811 1812 1.0
1811 1866 1.0
1812 1813 1.0
1812 1866 1.0
1813 1814 1.0
1813 1867 1.0
1814 1815 1.0
1814 1867 1.0
1815 1816 1.0
1815 1868 1.0
1816 1817 1.0
1816 1868 1.0
1817 1818 1.0
1817 1869 1.0
1818 1819 1.0
1818 1869 1.0
1819 1820 1.0
1819 1870 1.0
1820 1821 1.0
1820 1870 1.0
1821 1822 1.0
1821 1871 1.0
1822 1823 1.0
1822 1871 1.0
1823 1824 1.0
1823 1872 1.0
1824 1825 1.0
1824 1872 1.0
1825 1826 1.0
1825 1873 1.0
1826 1827 1.0
1826 1873 1.0
1827 1828 1.0
1827 1874 1.0
1828 1829 1.0
1828 1874 1.0
1829 1830 1.0
1829 1875 1.0
1830 1831 1.0
1830 1875 1.0
1831 1832 1.0
1831 1876 1.0
1832 1833 1.0
1832 1876 1.0
1833 1834 1.0
1833 1877 1.0
1834 1835 1.0
1834 1877 1.0
1835 1836 1.0
1835 1878 1.0
1836 1837 1.0
1836 1878 1.0
1837 1838 1.0
1837 1879 1.0
1838 1839 1.0
1838 1879 1.0
1839 1840 1.0
1839 1880 1.0
1840 1841 1.0
1840 1880 1.0
1841 1842 1.0
1841 1881 1.0
1842 1843 1.0
1842 1881 1.0
1843 1844 1.0
1843 1882 1.0
1844 1845 1.0
1844 1882 1.0
1845 1846 1.0
1845 1883 1.0
1846 1847 1.0
1846 1883 1.0
1847 1848 1.0
1847 1884 1.0
1848 1849 1.0
1848 1884 1.0
1849 1850 1.0
1849 1885 1.0
1850 1851 1.0
1850 1885 1.0
1851 1852 1.0
1851 1886 1.0
1852 1853 1.0
1852 1886 1.0
1853 1854 1.0
1853 1887 1.0
1854 1855 1.0
1854 1887 1.0
1855 1856 1.0
1855 1888 1.0
1856 1857 1.0
1856 1888 1.0
1857 1858 1.0
1857 1889 1.0
1858 1859 1.0
1858 1889 1.0
1859 1800 1.0
1859 1860 1.0
1860 1890 1.0
1860 1891 1.0
1861 1892 1.0
1861 1893 1.0
1862 1894 1.0
1862 1895 1.0
1863 1896 1.0
1863 1897 1.0
1864 1898 1.0
1864 1899 1.0
1865 1900 1.0
1865 1901 1.0
1866 1902 1.0
1866 1903 1.0
1867 1904 1.0
1867 1905 1.0
1868 1906 1.0
1868 1907 1.0
1869 1908 1.0
1869 1909 1.0
1870 1910 1.0
1870 1911 1.0
1871 1912 1.0
1871 1913 1.0
1872 1914 1.0
1872 1915 1.0
1873 1916 1.0
1873 1917 1.0
1874 1918 1.0
1874 1919 1.0
1875 1920 1.0
1875 1921 1.0
1876 1922 1.0
1876 1923 1.0
1877 1924 1.0
1877 1925 1.0
1878 1926 1.0
1878 1927 1.0
1879 1928 1.0
1879 1929 1.0
1880 1930 1.0
1880 1931 1.0
1881 1932 1.0
1881 1933 1.0
1882 1934 1.0
1882 1935 1.0
1883 1936 1.0
1883 1937 1.0
1884 1938 1.0
1884 1939 1.0
1885 1940 1.0
1885 1941 1.0
1886 1942 1.0
1886 1943 1.0
1887 1944 1.0
1887 1945 1.0
1888 1946 1.0
1888 1947 1.0
1889 1948 1.0
1889 1949 1.0
1890 1891 1.0
1890 1950 1.0
1891 1892 1.0
1891 1951 1.0
1892 1893 1.0
1892 1951 1.0
1893 1894 1.0
1893 1952 1.0
1894 1895 1.0
1894 1952 1.0
1895 1896 1.0
1895 1953 1.0
1896 1897 1.0
1896 1953 1.0
1897 1898 1.0
1897 1954 1.0
1898 1899 1.0
1898 1954 1.0
1899 1900 1.0
1899 1955 1.0
1900 1901 1.0
1900 1955 1.0
1901 1902 1.0
1901 1956 1.0
1902 1903 1.0
1902 1956 1.0
1903 1904 1.0
1903 1957 1.0
1904 1905 1.0
1904 1957 1.0
1905 1906 1.0
1905 1958 1.0
1906 1907 1.0
1906 1958 1.0
1907 1908 1.0
1907 1959 1.0
1908 1909 1.0
1908 1959 1.0
1909 1910 1.0
1909 1960 1.0
1910 1911 1.0
1910 1960 1.0
1911 1912 1.0
1911 1961 1.0
1912 1913 1.0
1912 1961 1.0
1913 1914 1.0
1913 1962 1.0
1914 1915 1.0
1914 1962 1.0
1915 1916 1.0
1915 1963 1.0
1916 1917 1.0
1916 1963 1.0
1917 1918 1.0
1917 1964 1.0
1918 1919 1.0
1918 1964 1.0
1919 1920 1.0
1919 1965 1.0
1920 1921 1.0
1920 1965 1.0
1921 1922 1.0
1921 1966 1.0
1922 1923 1.0
1922 1966 1.0
1923 1924 1.0
1923 1967 1.0
1924 1925 1.0
1924 1967 1.0
1925 1926 1.0
1925 1968 1.0
1926 1927 1.0
1926 1968 1.0
1927 1928 1.0
1927 1969 1.0
1928 1929 1.0
1928 1969 1.0
1929 1930 1.0
1929 1970 1.0
1930 1931 1.0
1930 1970 1.0
1931 1932 1.0
1931 1971 1.0
1932 1933 1.0
1932 1971 1.0
1933 1934 1.0
1933 1972 1.0
1934 1935 1.0
1934 1972 1.0
1935 1936 1.0
1935 1973 1.0
1936 1937 1.0
1936 1973 1.0
1937 1938 1.0
1937 1974 1.0
1938 1939 1.0
1938 1974 1.0
1939 1940 1.0
1939 1975 1.0
1940 1941 1.0
1940 1975 1.0
1941 1942 1.0
1941 1976 1.0
1942 1943 1.0
1942 1976 1.0
1943 1944 1.0
1943 1977 1.0
1944 1945 1.0
1944 1977 1.0
1945 1946 1.0
1945 1978 1.0
1946 1947 1.0
1946 1978 1.0
1947 1948 1.0
1947 1979 1.0
1948 1949 1.0
1948 1979 1.0
1949 1890 1.0
1949 1950 1.0
1950 1980 1.0
1950 1981 1.0
1951 1982 1.0
1951 1983 1.0
1952 1984 1.0
1952 1985 1.0
1953 1986 1.0
1953 1987 1.0
1954 1988 1.0
1954 1989 1.0
1955 1990 1.0
1955 1991 1.0
1956 1992 1.0
1956 1993 1.0
1957 1994 1.0
1957 1995 1.0
1958 1996 1.0
1958 1997 1.0
1959 1998 1.0
1959 1999 1.0
1960 2000 1.0
1960 2001 1.0
1961 2002 1.0
1961 2003 1.0
1962 2004 1.0
1962 2005 1.0
1963 2006 1.0
1963 2007 1.0
1964 2008 1.0
1964 2009 1.0
1965 2010 1.0
1965 2011 1.0
1966 2012 1.0
1966 2013 1.0
1967 2014 1.0
1967 2015 1.0
1968 2016 1.0
1968 2017 1.0
1969 2018 1.0
1969 2019 1.0
1970 2020 1.0
1970 2021 1.0
1971 2022 1.0
1971 2023 1.0
1972 2024 1.0
1972 2025 1.0
1973 2026 1.0
1973 2027 1.0
1974 2028 1.0
1974 2029 1.0
1975 2030 1.0
1975 2031 1.0
1976 2032 1.0
1976 2033 1.0
1977 2034 1.0
1977 2035 1.0
1978 2036 1.0
1978 2037 1.0
1979 2038 1.0
1979 2039 1.0
1980 1981 1.0
1980 2040 1.0
1981 1982 1.0
1981 2041 1.0
1982 1983 1.0
1982 2041 1.0
1983 1984 1.0
1983 2042 1.0
1984 1985 1.0
1984 2042 1.0
1985 1986 1.0
1985 2043 1.0
1986 1987 1.0
1986 2043 1.0
1987 1988 1.0
1987 2044 1.0
1988 1989 1.0
1988 2044 1.0
1989 1990 1.0
1989 2045 1.0
1990 1991 1.0
1990 2045 1.0
1991 1992 1.0
1991 2046 1.0
1992 1993 1.0
1992 2046 1.0
1993 1994 1.0
1993 2047 1.0
1994 1995 1.0
1994 2047 1.0
1995 1996 1.0
1995 2048 1.0
1996 1997 1.0
1996 2048 1.0
1997 1998 1.0
1997 2049 1.0
1998 1999 1.0
1998 2049 1.0
1999 2000 1.0
1999 2050 1.0
2000 2001 1.0
2000 2050 1.0
2001 2002 1.0
2001 2051 1.0
2002 2003 1.0
2002 2051 1.0
2003 2004 1.0
2003 2052 1.0
2004 2005 1.0
2004 2052 1.0
2005 2006 1.0
2005 2053 1.0
2006 2007 1.0
2006 2053 1.0
2007 2008 1.0
2007 2054 1.0
2008 2009 1.0
2008 2054 1.0
2009 2010 1.0
2009 2055 1.0
2010 2011 1.0
2010 2055 1.0
2011 2012 1.0
2011 2056 1.0
2012 2013 1.0
2012 2056 1.0
2013 2014 1.0
2013 2057 1.0
2014 2015 1.0
2014 2057 1.0
2015 2016 1.0
2015 2058 1.0
2016 2017 1.0
2016 2058 1.0
2017 2018 1.0
2017 2059 1.0
2018 2019 1.0
2018 2059 1.0
2019 2020 1.0
2019 2060 1.0
2020 2021 1.0
2020 2060 1.0
2021 2022 1.0
2021 2061 1.0
2022 2023 1.0
2022 2061 1.0
2023 2024 1.0
2023 2062 1.0
2024 2025 1.0
2024 2062 1.0
2025 2026 1.0
2025 2063 1.0
2026 2027 1.0
2026 2063 1.0
2027 2028 1.0
2027 2064 1.0
2028 2029 1.0
2028 2064 1.0
2029 2030 1.0
2029 2065 1.0
2030 2031 1.0
2030 2065 1.0
2031 2032 1.0
2031 2066 1.0
2032 2033 1.0
2032 2066 1.0
2033 2034 1.0
2033 2067 1.0
2034 2035 1.0
2034 2067 1.0
2035 2036 1.0
2035 2068 1.0
2036 2037 1.0
2036 2068 1.0
2037 2038 1.0
2037 2069 1.0
2038 2039 1.0
2038 2069 1.0
2039 1980 1.0
2039 2040 1.0
2040 2070 1.0
2040 2071 1.0
2041 2072 1.0
2041 2073 1.0
2042 2074 1.0
2042 2075 1.0
2043 2076 1.0
2043 2077 1.0
2044 2078 1.0
2044 2079 1.0
2045 2080 1.0
2045 2081 1.0
2046 2082 1.0
2046 2083 1.0
2047 2084 1.0
2047 2085 1.0
2048 2086 1.0
2048 2087 1.0
2049 2088 1.0
2049 2089 1.0
2050 2090 1.0
2050 2091 1.0
2051 2092 1.0
2051 2093 1.0
2052 2094 1.0
2052 2095 1.0
2053 2096 1.0
2053 2097 1.0
2054 2098 1.0
2054 2099 1.0
2055 2100 1.0
2055 2101 1.0
2056 2102 1.0
2056 2103 1.0
2057 2104 1.0
2057 2105 1.0
2058 2106 1.0
2058 2107 1.0
2059 2108 1.0
2059 2109 1.0
2060 2110 1.0
2060 2111 1.0
2061 2112 1.0
2061 2113 1.0
2062 2114 1.0
2062 2115 1.0
2063 2116 1.0
2063 2117 1.0
2064 2118 1.0
2064 2119 1.0
2065 2120 1.0
2065 2121 1.0
2066 2122 1.0
2066 2123 1.0
2067 2124 1.0
2067 2125 1.0
2068 2126 1.0
2068 2127 1.0
2069 2128 1.0
2069 2129 1.0
2070 2071 1.0
2070 2130 1.0
2071 2072 1.0
2071 2131 1.0
2072 2073 1.0
2072 2131 1.0
2073 2074 1.0
2073 2132 1.0
2074 2075 1.0
2074 2132 1.0
2075 2076 1.0
2075 2133 1.0
2076 2077 1.0
2076 2133 1.0
2077 2078 1.0
2077 2134 1.0
2078 2079 1.0
2078 2134 1.0
2079 2080 1.0
2079 2135 1.0
2080 2081 1.0
2080 2135 1.0
2081 2082 1.0
2081 2136 1.0
2082 2083 1.0
2082 2136 1.0
2083 2084 1.0
2083 2137 1.0
2084 2085 1.0
2084 2137 1.0
2085 2086 1.0
2085 2138 1.0
2086 2087 1.0
2086 2138 1.0
2087 2088 1.0
2087 2139 1.0
2088 2089 1.0
2088 2139 1.0
2089 2090 1.0
2089 2140 1.0
2090 2091 1.0
2090 2140 1.0
2091 2092 1.0
2091 2141 1.0
2092 2093 1.0
2092 2141 1.0
2093 2094 1.0
2093 2142 1.0
2094 2095 1.0
2094 2142 1.0
2095 2096 1.0
2095 2143 1.0
2096 2097 1.0
2096 2143 1.0
2097 2098 1.0
2097 2144 1.0
2098 2099 1.0
2098 2144 1.0
2099 2100 1.0
2099 2145 1.0
2100 2101 1.0
2100 2145 1.0
2101 2102 1.0
2101 2146 1.0
2102 2103 1.0
2102 2146 1.0
2103 2104 1.0
2103 2147 1.0
2104 2105 1.0
2104 2147 1.0
2105 2106 1.0
2105 2148 1.0
2106 2107 1.0
2106 2148 1.0
2107 2108 1.0
2107 2149 1.0
2108 2109 1.0
2108 2149 1.0
2109 2110 1.0
2109 2150 1.0
2110 2111 1.0
2110 2150 1.0
2111 2112 1.0
2111 2151 1.0
2112 2113 1.0
2112 2151 1.0
2113 2114 1.0
2113 2152 1.0
2114 2115 1.0
2114 2152 1.0
2115 2116 1.0
2115 2153 1.0
2116 2117 1.0
2116 2153 1.0
2117 2118 1.0
2117 2154 1.0
2118 2119 1.0
2118 2154 1.0
2119 2120 1.0
2119 2155 1.0
2120 2121 1.0
2120 2155 1.0
2121 2122 1.0
2121 2156 1.0
2122 2123 1.0
2122 2156 1.0
2123 2124 1.0
2123 2157 1.0
2124 2125 1.0
2124 2157 1.0
2125 2126 1.0
2125 2158 1.0
2126 2127 1.0
2126 2158 1.0
2127 2128 1.0
2127 2159 1.0
2128 2129 1.0
2128 2159 1.0
2129 2070 1.0
2129 2130 1.0
2130 2160 1.0
2130 2161 1.0
2131 2162 1.0
2131 2163 1.0
2132 2164 1.0
2132 2165 1.0
2133 2166 1.0
2133 2167 1.0
2134 2168 1.0
2134 2169 1.0
2135 2170 1.0
2135 2171 1.0
2136 2172 1.0
2136 2173 1.0
2137 2174 1.0
2137 2175 1.0
2138 2176 1.0
2138 2177 1.0
2139 2178 1.0
2139 2179 1.0
2140 2180 1.0
2140 2181 1.0
2141 2182 1.0
2141 2183 1.0
2142 2184 1.0
2142 2185 1.0
2143 2186 1.0
2143 2187 1.0
2144 2188 1.0
2144 2189 1.0
2145 2190 1.0
2145 2191 1.0
2146 2192 1.0
2146 2193 1.0
2147 2194 1.0
2147 2195 1.0
2148 2196 1.0
2148 2197 1.0
2149 2198 1.0
2149 2199 1.0
2150 2200 1.0
2150 2201 1.0
2151 2202 1.0
2151 2203 1.0
2152 2204 1.0
2152 2205 1.0
2153 2206 1.0
2153 2207 1.0
2154 2208 1.0
2154 2209 1.0
2155 2210 1.0
2155 2211 1.0
2156 2212 1.0
2156 2213 1.0
2157 2214 1.0
2157 2215 1.0
2158 2216 1.0
2158 2217 1.0
2159 2218 1.0
2159 2219 1.0
2160 2161 1.0
2160 2220 1.0
2161 2162 1.0
2161 2221 1.0
2162 2163 1.0
2162 2221 1.0
2163 2164 1.0
2163 2222 1.0
2164 2165 1.0
2164 2222 1.0
2165 2166 1.0
2165 2223 1.0
2166 2167 1.0
2166 2223 1.0
2167 2168 1.0
2167 2224 1.0
2168 2169 1.0
2168 2224 1.0
2169 2170 1.0
2169 2225 1.0
2170 2171 1.0
2170 2225 1.0
2171 2172 1.0
2171 2226 1.0
2172 2173 1.0
2172 2226 1.0
2173 2174 1.0
2173 2227 1.0
2174 2175 1.0
2174 2227 1.0
2175 2176 1.0
2175 2228 1.0
2176 2177 1.0
2176 2228 1.0
2177 2178 1.0
2177 2229 1.0
2178 2179 1.0
2178 2229 1.0
2179 2180 1.0
2179 2230 1.0
2180 2181 1.0
2180 2230 1.0
2181 2182 1.0
2181 2231 1.0
2182 2183 1.0
2182 2231 1.0
2183 2184 1.0
2183 2232 1.0
2184 2185 1.0
2184 2232 1.0
2185 2186 1.0
2185 2233 1.0
2186 2187 1.0
2186 2233 1.0
2187 2188 1.0
2187 2234 1.0
2188 2189 1.0
2188 2234 1.0
2189 2190 1.0
2189 2235 1.0
2190 2191 1.0
2190 2235 1.0
2191 2192 1.0
2191 2236 1.0
2192 2193 1.0
2192 2236 1.0
2193 2194 1.0
2193 2237 1.0
2194 2195 1.0
2194 2237 1.0
2195 2196 1.0
2195 2238 1.0
2196 2197 1.0
2196 2238 1.0
2197 2198 1.0
2197 2239 1.0
2198 2199 1.0
2198 2239 1.0
2199 2200 1.0
2199 2240 1.0
2200 2201 1.0
2200 2240 1.0
2201 2202 1.0
2201 2241 1.0
2202 2203 1.0
2202 2241 1.0
2203 2204 1.0
2203 2242 1.0
2204 2205 1.0
2204 2242 1.0
2205 2206 1.0
2205 2243 1.0
2206 2207 1.0
2206 2243 1.0
2207 2208 1.0
2207 2244 1.0
2208 2209 1.0
2208 2244 1.0
2209 2210 1.0
2209 2245 1.0
2210 2211 1.0
2210 2245 1.0
2211 2212 1.0
2211 2246 1.0
2212 2213 1.0
2212 2246 1.0
2213 2214 1.0
2213 2247 1.0
2214 2215 1.0
2214 2247 1.0
2215 2216 1.0
2215 2248 1.0
2216 2217 1.0
2216 2248 1.0
2217 2218 1.0
2217 2249 1.0
2218 2219 1.0
2218 2249 1.0
2219 2160 1.0
2219 2220 1.0
2220 2250 1.0
2220 2251 1.0
2221 2252 1.0
2221 2253 1.0
2222 2254 1.0
2222 2255 1.0
2223 2256 1.0
2223 2257 1.0
2224 2258 1.0
2224 2259 1.0
2225 2260 1.0
2225 2261 1.0
2226 2262 1.0
2226 2263 1.0
2227 2264 1.0
2227 2265 1.0
2228 2266 1.0
2228 2267 1.0
2229 2268 1.0
2229 2269 1.0
2230 2270 1.0
2230 2271 1.0
2231 2272 1.0
2231 2273 1.0
2232 2274 1.0
2232 2275 1.0
2233 2276 1.0
2233 2277 1.0
2234 2278 1.0
2234 2279 1.0
2235 2280 1.0
2235 2281 1.0
2236 2282 1.0
2236 2283 1.0
2237 2284 1.0
2237 2285 1.0
2238 2286 1.0
2238 2287 1.0
2239 2288 1.0
2239 2289 1.0
2240 2290 1.0
2240 2291 1.0
2241 2292 1.0
2241 2293 1.0
2242 2294 1.0
2242 2295 1.0
2243 2296 1.0
2243 2297 1.0
2244 2298 1.0
2244 2299 1.0
2245 2300 1.0
2245 2301 1.0
2246 2302 1.0
2246 2303 1.0
2247 2304 1.0
2247 2305 1.0
2248 2306 1.0
2248 2307 1.0
2249 2308 1.0
2249 2309 1.0
2250 2251 1.0
2250 2310 1.0
2251 2252 1.0
2251 2311 1.0
2252 2253 1.0
2252 2311 1.0
2253 2254 1.0
2253 2312 1.0
2254 2255 1.0
2254 2312 1.0
2255 2256 1.0
2255 2313 1.0
2256 2257 1.0
2256 2313 1.0
2257 2258 1.0
2257 2314 1.0
2258 2259 1.0
2258 2314 1.0
2259 2260 1.0
2259 2315 1.0
2260 2261 1.0
2260 2315 1.0
2261 2262 1.0
2261 2316 1.0
2262 2263 1.0
2262 2316 1.0
2263 2264 1.0
2263 2317 1.0
2264 2265 1.0
2264 2317 1.0
2265 2266 1.0
2265 2318 1.0
2266 2267 1.0
2266 2318 1.0
2267 2268 1.0
2267 2319 1.0
2268 2269 1.0
2268 2319 1.0
2269 2270 1.0
2269 2320 1.0
2270 2271 1.0
2270 2320 1.0
2271 2272 1.0
2271 2321 1.0
2272 2273 1.0
2272 2321 1.0
2273 2274 1.0
2273 2322 1.0
2274 2275 1.0
2274 2322 1.0
2275 2276 1.0
2275 2323 1.0
2276 2277 1.0
2276 2323 1.0
2277 2278 1.0
2277 2324 1.0
2278 2279 1.0
2278 2324 1.0
2279 2280 1.0
2279 2325 1.0
2280 2281 1.0
2280 2325 1.0
2281 2282 1.0
2281 2326 1.0
2282 2283 1.0
2282 2326 1.0
2283 2284 1.0
2283 2327 1.0
2284 2285 1.0
2284 2327 1.0
2285 2286 1.0
2285 2328 1.0
2286 2287 1.0
2286 2328 1.0
2287 2288 1.0
2287 2329 1.0
2288 2289 1.0
2288 2329 1.0
2289 2290 1.0
2289 2330 1.0
2290 2291 1.0
2290 2330 1.0
2291 2292 1.0
2291 2331 1.0
2292 2293 1.0
2292 2331 1.0
2293 2294 1.0
2293 2332 1.0
2294 2295 1.0
2294 2332 1.0
2295 2296 1.0
2295 2333 1.0
2296 2297 1.0
2296 2333 1.0
2297 2298 1.0
2297 2334 1.0
2298 2299 1.0
2298 2334 1.0
2299 2300 1.0
2299 2335 1.0
2300 2301 1.0
2300 2335 1.0
2301 2302 1.0
2301 2336 1.0
2302 2303 1.0
2302 2336 1.0
2303 2304 1.0
2303 2337 1.0
2304 2305 1.0
2304 2337 1.0
2305 2306 1.0
2305 2338 1.0
2306 2307 1.0
2306 2338 1.0
2307 2308 1.0
2307 2339 1.0
2308 2309 1.0
2308 2339 1.0
2309 2250 1.0
2309 2310 1.0
2310 2340 1.0
2310 2341 1.0
2311 2342 1.0
2311 2343 1.0
2312 2344 1.0
2312 2345 1.0
2313 2346 1.0
2313 2347 1.0
2314 2348 1.0
2314 2349 1.0
2315 2350 1.0
2315 2351 1.0
2316 2352 1.0
2316 2353 1.0
2317 2354 1.0
2317 2355 1.0
2318 2356 1.0
2318 2357 1.0
2319 2358 1.0
2319 2359 1.0
2320 2360 1.0
2320 2361 1.0
2321 2362 1.0
2321 2363 1.0
2322 2364 1.0
2322 2365 1.0
2323 2366 1.0
2323 2367 1.0
2324 2368 1.0
2324 2369 1.0
2325 2370 1.0
2325 2371 1.0
2326 2372 1.0
2326 2373 1.0
2327 2374 1.0
2327 2375 1.0
2328 2376 1.0
2328 2377 1.0
2329 2378 1.0
2329 2379 1.0
2330 2380 1.0
2330 2381 1.0
2331 2382 1.0
2331 2383 1.0
2332 2384 1.0
2332 2385 1.0
2333 2386 1.0
2333 2387 1.0
2334 2388 1.0
2334 2389 1.0
2335 2390 1.0
2335 2391 1.0
2336 2392 1.0
2336 2393 1.0
2337 2394 1.0
2337 2395 1.0
2338 2396 1.0
2338 2397 1.0
2339 2398 1.0
2339 2399 1.0
2340 2341 1.0
2340 2400 1.0
2341 2342 1.0
2341 2401 1.0
2342 2343 1.0
2342 2401 1.0
2343 2344 1.0
2343 2402 1.0
2344 2345 1.0
2344 2402 1.0
2345 2346 1.0
2345 2403 1.0
2346 2347 1.0
2346 2403 1.0
2347 2348 1.0
2347 2404 1.0
2348 2349 1.0
2348 2404 1.0
2349 2350 1.0
2349 2405 1.0
2350 2351 1.0
2350 2405 1.0
2351 2352 1.0
2351 2406 1.0
2352 2353 1.0
2352 2406 1.0
2353 2354 1.0
2353 2407 1.0
2354 2355 1.0
2354 2407 1.0
2355 2356 1.0
2355 2408 1.0
2356 2357 1.0
2356 2408 1.0
2357 2358 1.0
2357 2409 1.0
2358 2359 1.0
2358 2409 1.0
2359 2360 1.0
2359 2410 1.0
2360 2361 1.0
2360 2410 1.0
2361 2362 1.0
2361 2411 1.0
2362 2363 1.0
2362 2411 1.0
2363 2364 1.0
2363 2412 1.0
2364 2365 1.0
2364 2412 1.0
2365 2366 1.0
2365 2413 1.0
2366 2367 1.0
2366 2413 1.0
2367 2368 1.0
2367 2414 1.0
2368 2369 1.0
2368 2414 1.0
2369 2370 1.0
2369 2415 1.0
2370 2371 1.0
2370 2415 1.0
2371 2372 1.0
2371 2416 1.0
2372 2373 1.0
2372 2416 1.0
2373 2374 1.0
2373 2417 1.0
2374 2375 1.0
2374 2417 1.0
2375 2376 1.0
2375 2418 1.0
2376 2377 1.0
2376 2418 1.0
2377 2378 1.0
2377 2419 1.0
2378 2379 1.0
2378 2419 1.0
2379 2380 1.0
2379 2420 1.0
2380 2381 1.0
2380 2420 1.0
2381 2382 1.0
2381 2421 1.0
2382 2383 1.0
2382 2421 1.0
2383 2384 1.0
2383 2422 1.0
2384 2385 1.0
2384 2422 1.0
2385 2386 1.0
2385 2423 1.0
2386 2387 1.0
2386 2423 1.0
2387 2388 1.0
2387 2424 1.0
2388 2389 1.0
2388 2424 1.0
2389 2390 1.0
2389 2425 1.0
2390 2391 1.0
2390 2425 1.0
2391 2392 1.0
2391 2426 1.0
2392 2393 1.0
2392 2426 1.0
2393 2394 1.0
2393 2427 1.0
2394 2395 1.0
2394 2427 1.0
2395 2396 1.0
2395 2428 1.0
2396 2397 1.0
2396 2428 1.0
2397 2398 1.0
2397 2429 1.0
2398 2399 1.0
2398 2429 1.0
2399 2340 1.0
2399 2400 1.0
2400 2430 1.0
2400 2431 1.0
2401 2432 1.0
2401 2433 1.0
2402 2434 1.0
2402 2435 1.0
2403 2436 1.0
2403 2437 1.0
2404 2438 1.0
2404 2439 1.0
2405 2440 1.0
2405 2441 1.0
2406 2442 1.0
2406 2443 1.0
2407 2444 1.0
2407 2445 1.0
2408 2446 1.0
2408 2447 1.0
2409 2448 1.0
2409 2449 1.0
2410 2450 1.0
2410 2451 1.0
2411 2452 1.0
2411 2453 1.0
2412 2454 1.0
2412 2455 1.0
2413 2456 1.0
2413 2457 1.0
2414 2458 1.0
2414 2459 1.0
2415 2460 1.0
2415 2461 1.0
2416 2462 1.0
2416 2463 1.0
2417 2464 1.0
2417 2465 1.0
2418 2466 1.0
2418 2467 1.0
2419 2468 1.0
2419 2469 1.0
2420 2470 1.0
2420 2471 1.0
2421 2472 1.0
2421 2473 1.0
2422 2474 1.0
2422 2475 1.0
2423 2476 1.0
2423 2477 1.0
2424 2478 1.0
2424 2479 1.0
2425 2480 1.0
2425 2481 1.0
2426 2482 1.0
2426 2483 1.0
2427 2484 1.0
2427 2485 1.0
2428 2486 1.0
2428 2487 1.0
2429 2488 1.0
2429 2489 1.0
2430 2431 1.0
2430 2490 1.0
2431 2432 1.0
2431 2491 1.0
2432 2433 1.0
2432 2491 1.0
2433 2434 1.0
2433 2492 1.0
2434 2435 1.0
2434 2492 1.0
2435 2436 1.0
2435 2493 1.0
2436 2437 1.0
2436 2493 1.0
2437 2438 1.0
2437 2494 1.0
2438 2439 1.0
2438 2494 1.0
2439 2440 1.0
2439 2495 1.0
2440 2441 1.0
2440 2495 1.0
2441 2442 1.0
2441 2496 1.0
2442 2443 1.0
2442 2496 1.0
2443 2444 1.0
2443 2497 1.0
2444 2445 1.0
2444 2497 1.0
2445 2446 1.0
2445 2498 1.0
2446 2447 1.0
2446 2498 1.0
2447 2448 1.0
2447 2499 1.0
2448 2449 1.0
2448 2499 1.0
2449 2450 1.0
2449 2500 1.0
2450 2451 1.0
2450 2500 1.0
2451 2452 1.0
2451 2501 1.0
2452 2453 1.0
2452 2501 1.0
2453 2454 1.0
2453 2502 1.0
2454 2455 1.0
2454 2502 1.0
2455 2456 1.0
2455 2503 1.0
2456 2457 1.0
2456 2503 1.0
2457 2458 1.0
2457 2504 1.0
2458 2459 1.0
2458 2504 1.0
2459 2460 1.0
2459 2505 1.0
2460 2461 1.0
2460 2505 1.0
2461 2462 1.0
2461 2506 1.0
2462 2463 1.0
2462 2506 1.0
2463 2464 1.0
2463 2507 1.0
2464 2465 1.0
2464 2507 1.0
2465 2466 1.0
2465 2508 1.0
2466 2467 1.0
2466 2508 1.0
2467 2468 1.0
2467 2509 1.0
2468 2469 1.0
2468 2509 1.0
2469 2470 1.0
2469 2510 1.0
2470 2471 1.0
2470 2510 1.0
2471 2472 1.0
2471 2511 1.0
2472 2473 1.0
2472 2511 1.0
2473 2474 1.0
2473 2512 1.0
2474 2475 1.0
2474 2512 1.0
2475 2476 1.0
2475 2513 1.0
2476 2477 1.0
2476 2513 1.0
2477 2478 1.0
2477 2514 1.0
2478 2479 1.0
2478 2514 1.0
2479 2480 1.0
2479 2515 1.0
2480 2481 1.0
2480 2515 1.0
2481 2482 1.0
2481 2516 1.0
2482 2483 1.0
2482 2516 1.0
2483 2484 1.0
2483 2517 1.0
2484 2485 1.0
2484 2517 1.0
2485 2486 1.0
2485 2518 1.0
2486 2487 1.0
2486 2518 1.0
2487 2488 1.0
2487 2519 1.0
2488 2489 1.0
2488 2519 1.0
2489 2430 1.0
2489 2490 1.0
2490 2520 1.0
2490 2521 1.0
2491 2522 1.0
2491 2523 1.0
2492 2524 1.0
2492 2525 1.0
2493 2526 1.0
2493 2527 1.0
2494 2528 1.0
2494 2529 1.0
2495 2530 1.0
2495 2531 1.0
2496 2532 1.0
2496 2533 1.0
2497 2534 1.0
2497 2535 1.0
2498 2536 1.0
2498 2537 1.0
2499 2538 1.0
2499 2539 1.0
2500 2540 1.0
2500 2541 1.0
2501 2542 1.0
2501 2543 1.0
2502 2544 1.0
2502 2545 1.0
2503 2546 1.0
2503 2547 1.0
2504 2548 1.0
2504 2549 1.0
2505 2550 1.0
2505 2551 1.0
2506 2552 1.0
2506 2553 1.0
2507 2554 1.0
2507 2555 1.0
2508 2556 1.0
2508 2557 1.0
2509 2558 1.0
2509 2559 1.0
2510 2560 1.0
2510 2561 1.0
2511 2562 1.0
2511 2563 1.0
2512 2564 1.0
2512 2565 1.0
2513 2566 1.0
2513 2567 1.0
2514 2568 1.0
2514 2569 1.0
2515 2570 1.0
2515 2571 1.0
2516 2572 1.0
2516 2573 1.0
2517 2574 1.0
2517 2575 1.0
2518 2576 1.0
2518 2577 1.0
2519 2578 1.0
2519 2579 1.0
2520 2521 1.0
2520 2580 1.0
2521 2522 1.0
2521 2581 1.0
2522 2523 1.0
2522 2581 1.0
2523 2524 1.0
2523 2582 1.0
2524 2525 1.0
2524 2582 1.0
2525 2526 1.0
2525 2583 1.0
2526 2527 1.0
2526 2583 1.0
2527 2528 1.0
2527 2584 1.0
2528 2529 1.0
2528 2584 1.0
2529 2530 1.0
2529 2585 1.0
2530 2531 1.0
2530 2585 1.0
2531 2532 1.0
2531 2586 1.0
2532 2533 1.0
2532 2586 1.0
2533 2534 1.0
2533 2587 1.0
2534 2535 1.0
2534 2587 1.0
2535 2536 1.0
2535 2588 1.0
2536 2537 1.0
2536 2588 1.0
2537 2538 1.0
2537 2589 1.0
2538 2539 1.0
2538 2589 1.0
2539 2540 1.0
2539 2590 1.0
2540 2541 1.0
2540 2590 1.0
2541 2542 1.0
2541 2591 1.0
2542 2543 1.0
2542 2591 1.0
2543 2544 1.0
2543 2592 1.0
2544 2545 1.0
2544 2592 1.0
2545 2546 1.0
2545 2593 1.0
2546 2547 1.0
2546 2593 1.0
2547 2548 1.0
2547 2594 1.0
2548 2549 1.0
2548 2594 1.0
2549 2550 1.0
2549 2595 1.0
2550 2551 1.0
2550 2595 1.0
2551 2552 1.0
2551 2596 1.0
2552 2553 1.0
2552 2596 1.0
2553 2554 1.0
2553 2597 1.0
2554 2555 1.0
2554 2597 1.0
2555 2556 1.0
2555 2598 1.0
2556 2557 1.0
2556 2598 1.0
2557 2558 1.0
2557 2599 1.0
2558 2559 1.0
2558 2599 1.0
2559 2560 1.0
2559 2600 1.0
2560 2561 1.0
2560 2600 1.0
2561 2562 1.0
2561 2601 1.0
2562 2563 1.0
2562 2601 1.0
2563 2564 1.0
2563 2602 1.0
2564 2565 1.0
2564 2602 1.0
2565 2566 1.0
2565 2603 1.0
2566 2567 1.0
2566 2603 1.0
2567 2568 1.0
2567 2604 1.0
2568 2569 1.0
2568 2604 1.0
2569 2570 1.0
2569 2605 1.0
2570 2571 1.0
2570 2605 1.0
2571 2572 1.0
2571 2606 1.0
2572 2573 1.0
2572 2606 1.0
2573 2574 1.0
2573 2607 1.0
2574 2575 1.0
2574 2607 1.0
2575 2576 1.0
2575 2608 1.0
2576 2577 1.0
2576 2608 1.0
2577 2578 1.0
2577 2609 1.0
2578 2579 1.0
2578 2609 1.0
2579 2520 1.0
2579 2580 1.0
2580 2610 1.0
2580 2611 1.0
2581 2612 1.0
2581 2613 1.0
2582 2614 1.0
2582 2615 1.0
2583 2616 1.0
2583 2617 1.0
2584 2618 1.0
2584 2619 1.0
2585 2620 1.0
2585 2621 1.0
2586 2622 1.0
2586 2623 1.0
2587 2624 1.0
2587 2625 1.0
2588 2626 1.0
2588 2627 1.0
2589 2628 1.0
2589 2629 1.0
2590 2630 1.0
2590 2631 1.0
2591 2632 1.0
2591 2633 1.0
2592 2634 1.0
2592 2635 1.0
2593 2636 1.0
2593 2637 1.0
2594 2638 1.0
2594 2639 1.0
2595 2640 1.0
2595 2641 1.0
2596 2642 1.0
2596 2643 1.0
2597 2644 1.0
2597 2645 1.0
2598 2646 1.0
2598 2647 1.0
2599 2648 1.0
2599 2649 1.0
2600 2650 1.0
2600 2651 1.0
2601 2652 1.0
2601 2653 1.0
2602 2654 1.0
2602 2655 1.0
2603 2656 1.0
2603 2657 1.0
2604 2658 1.0
2604 2659 1.0
2605 2660 1.0
2605 2661 1.0
2606 2662 1.0
2606 2663 1.0
2607 2664 1.0
2607 2665 1.0
2608 2666 1.0
2608 2667 1.0
2609 2668 1.0
2609 2669 1.0
2610 2611 1.0
2610 2670 1.0
2611 2612 1.0
2611 2671 1.0
2612 2613 1.0
2612 2671 1.0
2613 2614 1.0
2613 2672 1.0
2614 2615 1.0
2614 2672 1.0
2615 2616 1.0
2615 2673 1.0
2616 2617 1.0
2616 2673 1.0
2617 2618 1.0
2617 2674 1.0
2618 2619 1.0
2618 2674 1.0
2619 2620 1.0
2619 2675 1.0
2620 2621 1.0
2620 2675 1.0
2621 2622 1.0
2621 2676 1.0
2622 2623 1.0
2622 2676 1.0
2623 2624 1.0
2623 2677 1.0
2624 2625 1.0
2624 2677 1.0
2625 2626 1.0
2625 2678 1.0
2626 2627 1.0
2626 2678 1.0
2627 2628 1.0
2627 2679 1.0
2628 2629 1.0
2628 2679 1.0
2629 2630 1.0
2629 2680 1.0
2630 2631 1.0
2630 2680 1.0
2631 2632 1.0
2631 2681 1.0
2632 2633 1.0
2632 2681 1.0
2633 2634 1.0
2633 2682 1.0
2634 2635 1.0
2634 2682 1.0
2635 2636 1.0
2635 2683 1.0
2636 2637 1.0
2636 2683 1.0
2637 2638 1.0
2637 2684 1.0
2638 2639 1.0
2638 2684 1.0
2639 2640 1.0
2639 2685 1.0
2640 2641 1.0
2640 2685 1.0
2641 2642 1.0
2641 2686 1.0
2642 2643 1.0
2642 2686 1.0
2643 2644 1.0
2643 2687 1.0
2644 2645 1.0
2644 2687 1.0
2645 2646 1.0
2645 2688 1.0
2646 2647 1.0
2646 2688 1.0
2647 2648 1.0
2647 2689 1.0
2648 2649 1.0
2648 2689 1.0
2649 2650 1.0
2649 2690 1.0
2650 2651 1.0
2650 2690 1.0
2651 2652 1.0
2651 2691 1.0
2652 2653 1.0
2652 2691 1.0
2653 2654 1.0
2653 2692 1.0
2654 2655 1.0
2654 2692 1.0
2655 2656 1.0
2655 2693 1.0
2656 2657 1.0
2656 2693 1.0
2657 2658 1.0
2657 2694 1.0
2658 2659 1.0
2658 2694 1.0
2659 2660 1.0
2659 2695 1.0
2660 2661 1.0
2660 2695 1.0
2661 2662 1.0
2661 2696 1.0
2662 2663 1.0
2662 2696 1.0
2663 2664 1.0
2663 2697 1.0
2664 2665 1.0
2664 2697 1.0
2665 2666 1.0
2665 2698 1.0
2666 2667 1.0
2666 2698 1.0
2667 2668 1.0
2667 2699 1.0
2668 2669 1.0
2668 2699 1.0
2669 2610 1.0
2669 2670 1.0
2670 0 1.0
2670 1 1.0
2671 2 1.0
2671 3 1.0
2672 4 1.0
2672 5 1.0
2673 6 1.0
2673 7 1.0
2674 8 1.0
2674 9 1.0
2675 10 1.0
2675 11 1.0
2676 12 1.0
2676 13 1.0
2677 14 1.0
2677 15 1.0
2678 16 1.0
2678 17 1.0
2679 18 1.0
2679 19 1.0
2680 20 1.0
2680 21 1.0
2681 22 1.0
2681 23 1.0
2682 24 1.0
2682 25 1.0
2683 26 1.0
2683 27 1.0
2684 28 1.0
2684 29 1.0
2685 30 1.0
2685 31 1.0
2686 32 1.0
2686 33 1.0
2687 34 1.0
2687 35 1.0
2688 36 1.0
2688 37 1.0
2689 38 1.0
2689 39 1.0
2690 40 1.0
2690 41 1.0
2691 42 1.0
2691 43 1.0
2692 44 1.0
2692 45 1.0
2693 46 1.0
2693 47 1.0
2694 48 1.0
2694 49 1.0
2695 50 1.0
2695 51 1.0
2696 52 1.0
2696 53 1.0
2697 54 1.0
2697 55 1.0
2698 56 1.0
2698 57 1.0
2699 58 1.0
2699 59 1.0
