# Model: L 42 W 42 Kagome Graph
0 1 1.0
0 42 1.0
1 2 1.0
1 43 1.0
2 3 1.0
2 43 1.0
3 4 1.0
3 44 1.0
4 5 1.0
4 44 1.0
5 6 1.0
5 45 1.0
6 7 1.0
6 45 1.0
7 8 1.0
7 46 1.0
8 9 1.0
8 46 1.0
9 10 1.0
9 47 1.0
10 11 1.0
10 47 1.0
11 12 1.0
11 48 1.0
12 13 1.0
12 48 1.0
13 14 1.0
13 49 1.0
14 15 1.0
14 49 1.0
15 16 1.0
15 50 1.0
16 17 1.0
16 50 1.0
17 18 1.0
17 51 1.0
18 19 1.0
18 51 1.0
19 20 1.0
19 52 1.0
20 21 1.0
20 52 1.0
21 22 1.0
21 53 1.0
22 23 1.0
22 53 1.0
23 24 1.0
23 54 1.0
24 25 1.0
24 54 1.0
25 26 1.0
25 55 1.0
26 27 1.0
26 55 1.0
27 28 1.0
27 56 1.0
28 29 1.0
28 56 1.0
29 30 1.0
29 57 1.0
30 31 1.0
30 57 1.0
31 32 1.0
31 58 1.0
32 33 1.0
32 58 1.0
33 34 1.0
33 59 1.0
34 35 1.0
34 59 1.0
35 36 1.0
35 60 1.0
36 37 1.0
36 60 1.0
37 38 1.0
37 61 1.0
38 39 1.0
38 61 1.0
39 40 1.0
39 62 1.0
40 41 1.0
40 62 1.0
41 0 1.0
41 42 1.0
42 63 1.0
42 64 1.0
43 65 1.0
43 66 1.0
44 67 1.0
44 68 1.0
45 69 1.0
45 70 1.0
46 71 1.0
46 72 1.0
47 73 1.0
47 74 1.0
48 75 1.0
48 76 1.0
49 77 1.0
49 78 1.0
50 79 1.0
50 80 1.0
51 81 1.0
51 82 1.0
52 83 1.0
52 84 1.0
53 85 1.0
53 86 1.0
54 87 1.0
54 88 1.0
55 89 1.0
55 90 1.0
56 91 1.0
56 92 1.0
57 93 1.0
57 94 1.0
58 95 1.0
58 96 1.0
59 97 1.0
59 98 1.0
60 99 1.0
60 100 1.0
61 101 1.0
61 102 1.0
62 103 1.0
62 104 1.0
63 64 1.0
63 105 1.0
64 65 1.0
64 106 1.0
65 66 1.0
65 106 1.0
66 67 1.0
66 107 1.0
67 68 1.0
67 107 1.0
68 69 1.0
68 108 1.0
69 70 1.0
69 108 1.0
70 71 1.0
70 109 1.0
71 72 1.0
71 109 1.0
72 73 1.0
72 110 1.0
73 74 1.0
73 110 1.0
74 75 1.0
74 111 1.0
75 76 1.0
75 111 1.0
76 77 1.0
76 112 1.0
77 78 1.0
77 112 1.0
78 79 1.0
78 113 1.0
79 80 1.0
79 113 1.0
80 81 1.0
80 114 1.0
81 82 1.0
81 114 1.0
82 83 1.0
82 115 1.0
83 84 1.0
83 115 1.0
84 85 1.0
84 116 1.0
85 86 1.0
85 116 1.0
86 87 1.0
86 117 1.0
87 88 1.0
87 117 1.0
88 89 1.0
88 118 1.0
89 90 1.0
89 118 1.0
90 91 1.0
90 119 1.0
91 92 1.0
91 119 1.0
92 93 1.0
92 120 1.0
93 94 1.0
93 120 1.0
94 95 1.0
94 121 1.0
95 96 1.0
95 121 1.0
96 97 1.0
96 122 1.0
97 98 1.0
97 122 1.0
98 99 1.0
98 123 1.0
99 100 1.0
99 123 1.0
100 101 1.0
100 124 1.0
101 102 1.0
101 124 1.0
102 103 1.0
102 125 1.0
103 104 1.0
103 125 1.0
104 63 1.0
104 105 1.0
105 126 1.0
105 127 1.0
106 128 1.0
106 129 1.0
107 130 1.0
107 131 1.0
108 132 1.0
108 133 1.0
109 134 1.0
109 135 1.0
110 136 1.0
110 137 1.0
111 138 1.0
111 139 1.0
112 140 1.0
112 141 1.0
113 142 1.0
113 143 1.0
114 144 1.0
114 145 1.0
115 146 1.0
115 147 1.0
116 148 1.0
116 149 1.0
117 150 1.0
117 151 1.0
118 152 1.0
118 153 1.0
119 154 1.0
119 155 1.0
120 156 1.0
120 157 1.0
121 158 1.0
121 159 1.0
122 160 1.0
122 161 1.0
123 162 1.0
123 163 1.0
124 164 1.0
124 165 1.0
125 166 1.0
125 167 1.0
126 127 1.0
126 168 1.0
127 128 1.0
127 169 1.0
128 129 1.0
128 169 1.0
129 130 1.0
129 170 1.0
130 131 1.0
130 170 1.0
131 132 1.0
131 171 1.0
132 133 1.0
132 171 1.0
133 134 1.0
133 172 1.0
134 135 1.0
134 172 1.0
135 136 1.0
135 173 1.0
136 137 1.0
136 173 1.0
137 138 1.0
137 174 1.0
138 139 1.0
138 174 1.0
139 140 1.0
139 175 1.0
140 141 1.0
140 175 1.0
141 142 1.0
141 176 1.0
142 143 1.0
142 176 1.0
143 144 1.0
143 177 1.0
144 145 1.0
144 177 1.0
145 146 1.0
145 178 1.0
146 147 1.0
146 178 1.0
147 148 1.0
147 179 1.0
148 149 1.0
148 179 1.0
149 150 1.0
149 180 1.0
150 151 1.0
150 180 1.0
151 152 1.0
151 181 1.0
152 153 1.0
152 181 1.0
153 154 1.0
153 182 1.0
154 155 1.0
154 182 1.0
155 156 1.0
155 183 1.0
156 157 1.0
156 183 1.0
157 158 1.0
157 184 1.0
158 159 1.0
158 184 1.0
159 160 1.0
159 185 1.0
160 161 1.0
160 185 1.0
161 162 1.0
161 186 1.0
162 163 1.0
162 186 1.0
163 164 1.0
163 187 1.0
164 165 1.0
164 187 1.0
165 166 1.0
165 188 1.0
166 167 1.0
166 188 1.0
167 126 1.0
167 168 1.0
168 189 1.0
168 190 1.0
169 191 1.0
169 192 1.0
170 193 1.0
170 194 1.0
171 195 1.0
171 196 1.0
172 197 1.0
172 198 1.0
173 199 1.0
173 200 1.0
174 201 1.0
174 202 1.0
175 203 1.0
175 204 1.0
176 205 1.0
176 206 1.0
177 207 1.0
177 208 1.0
178 209 1.0
178 210 1.0
179 211 1.0
179 212 1.0
180 213 1.0
180 214 1.0
181 215 1.0
181 216 1.0
182 217 1.0
182 218 1.0
183 219 1.0
183 220 1.0
184 221 1.0
184 222 1.0
185 223 1.0
185 224 1.0
186 225 1.0
186 226 1.0
187 227 1.0
187 228 1.0
188 229 1.0
188 230 1.0
189 190 1.0
189 231 1.0
190 191 1.0
190 232 1.0
191 192 1.0
191 232 1.0
192 193 1.0
192 233 1.0
193 194 1.0
193 233 1.0
194 195 1.0
194 234 1.0
195 196 1.0
195 234 1.0
196 197 1.0
196 235 1.0
197 198 1.0
197 235 1.0
198 199 1.0
198 236 1.0
199 200 1.0
199 236 1.0
200 201 1.0
200 237 1.0
201 202 1.0
201 237 1.0
202 203 1.0
202 238 1.0
203 204 1.0
203 238 1.0
204 205 1.0
204 239 1.0
205 206 1.0
205 239 1.0
206 207 1.0
206 240 1.0
207 208 1.0
207 240 1.0
208 209 1.0
208 241 1.0
209 210 1.0
209 241 1.0
210 211 1.0
210 242 1.0
211 212 1.0
211 242 1.0
212 213 1.0
212 243 1.0
213 214 1.0
213 243 1.0
214 215 1.0
214 244 1.0
215 216 1.0
215 244 1.0
216 217 1.0
216 245 1.0
217 218 1.0
217 245 1.0
218 219 1.0
218 246 1.0
219 220 1.0
219 246 1.0
220 221 1.0
220 247 1.0
221 222 1.0
221 247 1.0
222 223 1.0
222 248 1.0
223 224 1.0
223 248 1.0
224 225 1.0
224 249 1.0
225 226 1.0
225 249 1.0
226 227 1.0
226 250 1.0
227 228 1.0
227 250 1.0
228 229 1.0
228 251 1.0
229 230 1.0
229 251 1.0
230 189 1.0
230 231 1.0
231 252 1.0
231 253 1.0
232 254 1.0
232 255 1.0
233 256 1.0
233 257 1.0
234 258 1.0
234 259 1.0
235 260 1.0
235 261 1.0
236 262 1.0
236 263 1.0
237 264 1.0
237 265 1.0
238 266 1.0
238 267 1.0
239 268 1.0
239 269 1.0
240 270 1.0
240 271 1.0
241 272 1.0
241 273 1.0
242 274 1.0
242 275 1.0
243 276 1.0
243 277 1.0
244 278 1.0
244 279 1.0
245 280 1.0
245 281 1.0
246 282 1.0
246 283 1.0
247 284 1.0
247 285 1.0
248 286 1.0
248 287 1.0
249 288 1.0
249 289 1.0
250 290 1.0
250 291 1.0
251 292 1.0
251 293 1.0
252 253 1.0
252 294 1.0
253 254 1.0
253 295 1.0
254 255 1.0
254 295 1.0
255 256 1.0
255 296 1.0
256 257 1.0
256 296 1.0
257 258 1.0
257 297 1.0
258 259 1.0
258 297 1.0
259 260 1.0
259 298 1.0
260 261 1.0
260 298 1.0
261 262 1.0
261 299 1.0
262 263 1.0
262 299 1.0
263 264 1.0
263 300 1.0
264 265 1.0
264 300 1.0
265 266 1.0
265 301 1.0
266 267 1.0
266 301 1.0
267 268 1.0
267 302 1.0
268 269 1.0
268 302 1.0
269 270 1.0
269 303 1.0
270 271 1.0
270 303 1.0
271 272 1.0
271 304 1.0
272 273 1.0
272 304 1.0
273 274 1.0
273 305 1.0
274 275 1.0
274 305 1.0
275 276 1.0
275 306 1.0
276 277 1.0
276 306 1.0
277 278 1.0
277 307 1.0
278 279 1.0
278 307 1.0
279 280 1.0
279 308 1.0
280 281 1.0
280 308 1.0
281 282 1.0
281 309 1.0
282 283 1.0
282 309 1.0
283 284 1.0
283 310 1.0
284 285 1.0
284 310 1.0
285 286 1.0
285 311 1.0
286 287 1.0
286 311 1.0
287 288 1.0
287 312 1.0
288 289 1.0
288 312 1.0
289 290 1.0
289 313 1.0
290 291 1.0
290 313 1.0
291 292 1.0
291 314 1.0
292 293 1.0
292 314 1.0
293 252 1.0
293 294 1.0
294 315 1.0
294 316 1.0
295 317 1.0
295 318 1.0
296 319 1.0
296 320 1.0
297 321 1.0
297 322 1.0
298 323 1.0
298 324 1.0
299 325 1.0
299 326 1.0
300 327 1.0
300 328 1.0
301 329 1.0
301 330 1.0
302 331 1.0
302 332 1.0
303 333 1.0
303 334 1.0
304 335 1.0
304 336 1.0
305 337 1.0
305 338 1.0
306 339 1.0
306 340 1.0
307 341 1.0
307 342 1.0
308 343 1.0
308 344 1.0
309 345 1.0
309 346 1.0
310 347 1.0
310 348 1.0
311 349 1.0
311 350 1.0
312 351 1.0
312 352 1.0
313 353 1.0
313 354 1.0
314 355 1.0
314 356 1.0
315 316 1.0
315 357 1.0
316 317 1.0
316 358 1.0
317 318 1.0
317 358 1.0
318 319 1.0
318 359 1.0
319 320 1.0
319 359 1.0
320 321 1.0
320 360 1.0
321 322 1.0
321 360 1.0
322 323 1.0
322 361 1.0
323 324 1.0
323 361 1.0
324 325 1.0
324 362 1.0
325 326 1.0
325 362 1.0
326 327 1.0
326 363 1.0
327 328 1.0
327 363 1.0
328 329 1.0
328 364 1.0
329 330 1.0
329 364 1.0
330 331 1.0
330 365 1.0
331 332 1.0
331 365 1.0
332 333 1.0
332 366 1.0
333 334 1.0
333 366 1.0
334 335 1.0
334 367 1.0
335 336 1.0
335 367 1.0
336 337 1.0
336 368 1.0
337 338 1.0
337 368 1.0
338 339 1.0
338 369 1.0
339 340 1.0
339 369 1.0
340 341 1.0
340 370 1.0
341 342 1.0
341 370 1.0
342 343 1.0
342 371 1.0
343 344 1.0
343 371 1.0
344 345 1.0
344 372 1.0
345 346 1.0
345 372 1.0
346 347 1.0
346 373 1.0
347 348 1.0
347 373 1.0
348 349 1.0
348 374 1.0
349 350 1.0
349 374 1.0
350 351 1.0
350 375 1.0
351 352 1.0
351 375 1.0
352 353 1.0
352 376 1.0
353 354 1.0
353 376 1.0
354 355 1.0
354 377 1.0
355 356 1.0
355 377 1.0
356 315 1.0
356 357 1.0
357 378 1.0
357 379 1.0
358 380 1.0
358 381 1.0
359 382 1.0
359 383 1.0
360 384 1.0
360 385 1.0
361 386 1.0
361 387 1.0
362 388 1.0
362 389 1.0
363 390 1.0
363 391 1.0
364 392 1.0
364 393 1.0
365 394 1.0
365 395 1.0
366 396 1.0
366 397 1.0
367 398 1.0
367 399 1.0
368 400 1.0
368 401 1.0
369 402 1.0
369 403 1.0
370 404 1.0
370 405 1.0
371 406 1.0
371 407 1.0
372 408 1.0
372 409 1.0
373 410 1.0
373 411 1.0
374 412 1.0
374 413 1.0
375 414 1.0
375 415 1.0
376 416 1.0
376 417 1.0
377 418 1.0
377 419 1.0
378 379 1.0
378 420 1.0
379 380 1.0
379 421 1.0
380 381 1.0
380 421 1.0
381 382 1.0
381 422 1.0
382 383 1.0
382 422 1.0
383 384 1.0
383 423 1.0
384 385 1.0
384 423 1.0
385 386 1.0
385 424 1.0
386 387 1.0
386 424 1.0
387 388 1.0
387 425 1.0
388 389 1.0
388 425 1.0
389 390 1.0
389 426 1.0
390 391 1.0
390 426 1.0
391 392 1.0
391 427 1.0
392 393 1.0
392 427 1.0
393 394 1.0
393 428 1.0
394 395 1.0
394 428 1.0
395 396 1.0
395 429 1.0
396 397 1.0
396 429 1.0
397 398 1.0
397 430 1.0
398 399 1.0
398 430 1.0
399 400 1.0
399 431 1.0
400 401 1.0
400 431 1.0
401 402 1.0
401 432 1.0
402 403 1.0
402 432 1.0
403 404 1.0
403 433 1.0
404 405 1.0
404 433 1.0
405 406 1.0
405 434 1.0
406 407 1.0
406 434 1.0
407 408 1.0
407 435 1.0
408 409 1.0
408 435 1.0
409 410 1.0
409 436 1.0
410 411 1.0
410 436 1.0
411 412 1.0
411 437 1.0
412 413 1.0
412 437 1.0
413 414 1.0
413 438 1.0
414 415 1.0
414 438 1.0
415 416 1.0
415 439 1.0
416 417 1.0
416 439 1.0
417 418 1.0
417 440 1.0
418 419 1.0
418 440 1.0
419 378 1.0
419 420 1.0
420 441 1.0
420 442 1.0
421 443 1.0
421 444 1.0
422 445 1.0
422 446 1.0
423 447 1.0
423 448 1.0
424 449 1.0
424 450 1.0
425 451 1.0
425 452 1.0
426 453 1.0
426 454 1.0
427 455 1.0
427 456 1.0
428 457 1.0
428 458 1.0
429 459 1.0
429 460 1.0
430 461 1.0
430 462 1.0
431 463 1.0
431 464 1.0
432 465 1.0
432 466 1.0
433 467 1.0
433 468 1.0
434 469 1.0
434 470 1.0
435 471 1.0
435 472 1.0
436 473 1.0
436 474 1.0
437 475 1.0
437 476 1.0
438 477 1.0
438 478 1.0
439 479 1.0
439 480 1.0
440 481 1.0
440 482 1.0
441 442 1.0
441 483 1.0
442 443 1.0
442 484 1.0
443 444 1.0
443 484 1.0
444 445 1.0
444 485 1.0
445 446 1.0
445 485 1.0
446 447 1.0
446 486 1.0
447 448 1.0
447 486 1.0
448 449 1.0
448 487 1.0
449 450 1.0
449 487 1.0
450 451 1.0
450 488 1.0
451 452 1.0
451 488 1.0
452 453 1.0
452 489 1.0
453 454 1.0
453 489 1.0
454 455 1.0
454 490 1.0
455 456 1.0
455 490 1.0
456 457 1.0
456 491 1.0
457 458 1.0
457 491 1.0
458 459 1.0
458 492 1.0
459 460 1.0
459 492 1.0
460 461 1.0
460 493 1.0
461 462 1.0
461 493 1.0
462 463 1.0
462 494 1.0
463 464 1.0
463 494 1.0
464 465 1.0
464 495 1.0
465 466 1.0
465 495 1.0
466 467 1.0
466 496 1.0
467 468 1.0
467 496 1.0
468 469 1.0
468 497 1.0
469 470 1.0
469 497 1.0
470 471 1.0
470 498 1.0
471 472 1.0
471 498 1.0
472 473 1.0
472 499 1.0
473 474 1.0
473 499 1.0
474 475 1.0
474 500 1.0
475 476 1.0
475 500 1.0
476 477 1.0
476 501 1.0
477 478 1.0
477 501 1.0
478 479 1.0
478 502 1.0
479 480 1.0
479 502 1.0
480 481 1.0
480 503 1.0
481 482 1.0
481 503 1.0
482 441 1.0
482 483 1.0
483 504 1.0
483 505 1.0
484 506 1.0
484 507 1.0
485 508 1.0
485 509 1.0
486 510 1.0
486 511 1.0
487 512 1.0
487 513 1.0
488 514 1.0
488 515 1.0
489 516 1.0
489 517 1.0
490 518 1.0
490 519 1.0
491 520 1.0
491 521 1.0
492 522 1.0
492 523 1.0
493 524 1.0
493 525 1.0
494 526 1.0
494 527 1.0
495 528 1.0
495 529 1.0
496 530 1.0
496 531 1.0
497 532 1.0
497 533 1.0
498 534 1.0
498 535 1.0
499 536 1.0
499 537 1.0
500 538 1.0
500 539 1.0
501 540 1.0
501 541 1.0
502 542 1.0
502 543 1.0
503 544 1.0
503 545 1.0
504 505 1.0
504 546 1.0
505 506 1.0
505 547 1.0
506 507 1.0
506 547 1.0
507 508 1.0
507 548 1.0
508 509 1.0
508 548 1.0
509 510 1.0
509 549 1.0
510 511 1.0
510 549 1.0
511 512 1.0
511 550 1.0
512 513 1.0
512 550 1.0
513 514 1.0
513 551 1.0
514 515 1.0
514 551 1.0
515 516 1.0
515 552 1.0
516 517 1.0
516 552 1.0
517 518 1.0
517 553 1.0
518 519 1.0
518 553 1.0
519 520 1.0
519 554 1.0
520 521 1.0
520 554 1.0
521 522 1.0
521 555 1.0
522 523 1.0
522 555 1.0
523 524 1.0
523 556 1.0
524 525 1.0
524 556 1.0
525 526 1.0
525 557 1.0
526 527 1.0
526 557 1.0
527 528 1.0
527 558 1.0
528 529 1.0
528 558 1.0
529 530 1.0
529 559 1.0
530 531 1.0
530 559 1.0
531 532 1.0
531 560 1.0
532 533 1.0
532 560 1.0
533 534 1.0
533 561 1.0
534 535 1.0
534 561 1.0
535 536 1.0
535 562 1.0
536 537 1.0
536 562 1.0
537 538 1.0
537 563 1.0
538 539 1.0
538 563 1.0
539 540 1.0
539 564 1.0
540 541 1.0
540 564 1.0
541 542 1.0
541 565 1.0
542 543 1.0
542 565 1.0
543 544 1.0
543 566 1.0
544 545 1.0
544 566 1.0
545 504 1.0
545 546 1.0
546 567 1.0
546 568 1.0
547 569 1.0
547 570 1.0
548 571 1.0
548 572 1.0
549 573 1.0
549 574 1.0
550 575 1.0
550 576 1.0
551 577 1.0
551 578 1.0
552 579 1.0
552 580 1.0
553 581 1.0
553 582 1.0
554 583 1.0
554 584 1.0
555 585 1.0
555 586 1.0
556 587 1.0
556 588 1.0
557 589 1.0
557 590 1.0
558 591 1.0
558 592 1.0
559 593 1.0
559 594 1.0
560 595 1.0
560 596 1.0
561 597 1.0
561 598 1.0
562 599 1.0
562 600 1.0
563 601 1.0
563 602 1.0
564 603 1.0
564 604 1.0
565 605 1.0
565 606 1.0
566 607 1.0
566 608 1.0
567 568 1.0
567 609 1.0
568 569 1.0
568 610 1.0
569 570 1.0
569 610 1.0
570 571 1.0
570 611 1.0
571 572 1.0
571 611 1.0
572 573 1.0
572 612 1.0
573 574 1.0
573 612 1.0
574 575 1.0
574 613 1.0
575 576 1.0
575 613 1.0
576 577 1.0
576 614 1.0
577 578 1.0
577 614 1.0
578 579 1.0
578 615 1.0
579 580 1.0
579 615 1.0
580 581 1.0
580 616 1.0
581 582 1.0
581 616 1.0
582 583 1.0
582 617 1.0
583 584 1.0
583 617 1.0
584 585 1.0
584 618 1.0
585 586 1.0
585 618 1.0
586 587 1.0
586 619 1.0
587 588 1.0
587 619 1.0
588 589 1.0
588 620 1.0
589 590 1.0
589 620 1.0
590 591 1.0
590 621 1.0
591 592 1.0
591 621 1.0
592 593 1.0
592 622 1.0
593 594 1.0
593 622 1.0
594 595 1.0
594 623 1.0
595 596 1.0
595 623 1.0
596 597 1.0
596 624 1.0
597 598 1.0
597 624 1.0
598 599 1.0
598 625 1.0
599 600 1.0
599 625 1.0
600 601 1.0
600 626 1.0
601 602 1.0
601 626 1.0
602 603 1.0
602 627 1.0
603 604 1.0
603 627 1.0
604 605 1.0
604 628 1.0
605 606 1.0
605 628 1.0
606 607 1.0
606 629 1.0
607 608 1.0
607 629 1.0
608 567 1.0
608 609 1.0
609 630 1.0
609 631 1.0
610 632 1.0
610 633 1.0
611 634 1.0
611 635 1.0
612 636 1.0
612 637 1.0
613 638 1.0
613 639 1.0
614 640 1.0
614 641 1.0
615 642 1.0
615 643 1.0
616 644 1.0
616 645 1.0
617 646 1.0
617 647 1.0
618 648 1.0
618 649 1.0
619 650 1.0
619 651 1.0
620 652 1.0
620 653 1.0
621 654 1.0
621 655 1.0
622 656 1.0
622 657 1.0
623 658 1.0
623 659 1.0
624 660 1.0
624 661 1.0
625 662 1.0
625 663 1.0
626 664 1.0
626 665 1.0
627 666 1.0
627 667 1.0
628 668 1.0
628 669 1.0
629 670 1.0
629 671 1.0
630 631 1.0
630 672 1.0
631 632 1.0
631 673 1.0
632 633 1.0
632 673 1.0
633 634 1.0
633 674 1.0
634 635 1.0
634 674 1.0
635 636 1.0
635 675 1.0
636 637 1.0
636 675 1.0
637 638 1.0
637 676 1.0
638 639 1.0
638 676 1.0
639 640 1.0
639 677 1.0
640 641 1.0
640 677 1.0
641 642 1.0
641 678 1.0
642 643 1.0
642 678 1.0
643 644 1.0
643 679 1.0
644 645 1.0
644 679 1.0
645 646 1.0
645 680 1.0
646 647 1.0
646 680 1.0
647 648 1.0
647 681 1.0
648 649 1.0
648 681 1.0
649 650 1.0
649 682 1.0
650 651 1.0
650 682 1.0
651 652 1.0
651 683 1.0
652 653 1.0
652 683 1.0
653 654 1.0
653 684 1.0
654 655 1.0
654 684 1.0
655 656 1.0
655 685 1.0
656 657 1.0
656 685 1.0
657 658 1.0
657 686 1.0
658 659 1.0
658 686 1.0
659 660 1.0
659 687 1.0
660 661 1.0
660 687 1.0
661 662 1.0
661 688 1.0
662 663 1.0
662 688 1.0
663 664 1.0
663 689 1.0
664 665 1.0
664 689 1.0
665 666 1.0
665 690 1.0
666 667 1.0
666 690 1.0
667 668 1.0
667 691 1.0
668 669 1.0
668 691 1.0
669 670 1.0
669 692 1.0
670 671 1.0
670 692 1.0
671 630 1.0
671 672 1.0
672 693 1.0
672 694 1.0
673 695 1.0
673 696 1.0
674 697 1.0
674 698 1.0
675 699 1.0
675 700 1.0
676 701 1.0
676 702 1.0
677 703 1.0
677 704 1.0
678 705 1.0
678 706 1.0
679 707 1.0
679 708 1.0
680 709 1.0
680 710 1.0
681 711 1.0
681 712 1.0
682 713 1.0
682 714 1.0
683 715 1.0
683 716 1.0
684 717 1.0
684 718 1.0
685 719 1.0
685 720 1.0
686 721 1.0
686 722 1.0
687 723 1.0
687 724 1.0
688 725 1.0
688 726 1.0
689 727 1.0
689 728 1.0
690 729 1.0
690 730 1.0
691 731 1.0
691 732 1.0
692 733 1.0
692 734 1.0
693 694 1.0
693 735 1.0
694 695 1.0
694 736 1.0
695 696 1.0
695 736 1.0
696 697 1.0
696 737 1.0
697 698 1.0
697 737 1.0
698 699 1.0
698 738 1.0
699 700 1.0
699 738 1.0
700 701 1.0
700 739 1.0
701 702 1.0
701 739 1.0
702 703 1.0
702 740 1.0
703 704 1.0
703 740 1.0
704 705 1.0
704 741 1.0
705 706 1.0
705 741 1.0
706 707 1.0
706 742 1.0
707 708 1.0
707 742 1.0
708 709 1.0
708 743 1.0
709 710 1.0
709 743 1.0
710 711 1.0
710 744 1.0
711 712 1.0
711 744 1.0
712 713 1.0
712 745 1.0
713 714 1.0
713 745 1.0
714 715 1.0
714 746 1.0
715 716 1.0
715 746 1.0
716 717 1.0
716 747 1.0
717 718 1.0
717 747 1.0
718 719 1.0
718 748 1.0
719 720 1.0
719 748 1.0
720 721 1.0
720 749 1.0
721 722 1.0
721 749 1.0
722 723 1.0
722 750 1.0
723 724 1.0
723 750 1.0
724 725 1.0
724 751 1.0
725 726 1.0
725 751 1.0
726 727 1.0
726 752 1.0
727 728 1.0
727 752 1.0
728 729 1.0
728 753 1.0
729 730 1.0
729 753 1.0
730 731 1.0
730 754 1.0
731 732 1.0
731 754 1.0
732 733 1.0
732 755 1.0
733 734 1.0
733 755 1.0
734 693 1.0
734 735 1.0
735 756 1.0
735 757 1.0
736 758 1.0
736 759 1.0
737 760 1.0
737 761 1.0
738 762 1.0
738 763 1.0
739 764 1.0
739 765 1.0
740 766 1.0
740 767 1.0
741 768 1.0
741 769 1.0
742 770 1.0
742 771 1.0
743 772 1.0
743 773 1.0
744 774 1.0
744 775 1.0
745 776 1.0
745 777 1.0
746 778 1.0
746 779 1.0
747 780 1.0
747 781 1.0
748 782 1.0
748 783 1.0
749 784 1.0
749 785 1.0
750 786 1.0
750 787 1.0
751 788 1.0
751 789 1.0
752 790 1.0
752 791 1.0
753 792 1.0
753 793 1.0
754 794 1.0
754 795 1.0
755 796 1.0
755 797 1.0
756 757 1.0
756 798 1.0
757 758 1.0
757 799 1.0
758 759 1.0
758 799 1.0
759 760 1.0
759 800 1.0
760 761 1.0
760 800 1.0
761 762 1.0
761 801 1.0
762 763 1.0
762 801 1.0
763 764 1.0
763 802 1.0
764 765 1.0
764 802 1.0
765 766 1.0
765 803 1.0
766 767 1.0
766 803 1.0
767 768 1.0
767 804 1.0
768 769 1.0
768 804 1.0
769 770 1.0
769 805 1.0
770 771 1.0
770 805 1.0
771 772 1.0
771 806 1.0
772 773 1.0
772 806 1.0
773 774 1.0
773 807 1.0
774 775 1.0
774 807 1.0
775 776 1.0
775 808 1.0
776 777 1.0
776 808 1.0
777 778 1.0
777 809 1.0
778 779 1.0
778 809 1.0
779 780 1.0
779 810 1.0
780 781 1.0
780 810 1.0
781 782 1.0
781 811 1.0
782 783 1.0
782 811 1.0
783 784 1.0
783 812 1.0
784 785 1.0
784 812 1.0
785 786 1.0
785 813 1.0
786 787 1.0
786 813 1.0
787 788 1.0
787 814 1.0
788 789 1.0
788 814 1.0
789 790 1.0
789 815 1.0
790 791 1.0
790 815 1.0
791 792 1.0
791 816 1.0
792 793 1.0
792 816 1.0
793 794 1.0
793 817 1.0
794 795 1.0
794 817 1.0
795 796 1.0
795 818 1.0
796 797 1.0
796 818 1.0
797 756 1.0
797 798 1.0
798 819 1.0
798 820 1.0
799 821 1.0
799 822 1.0
800 823 1.0
800 824 1.0
801 825 1.0
801 826 1.0
802 827 1.0
802 828 1.0
803 829 1.0
803 830 1.0
804 831 1.0
804 832 1.0
805 833 1.0
805 834 1.0
806 835 1.0
806 836 1.0
807 837 1.0
807 838 1.0
808 839 1.0
808 840 1.0
809 841 1.0
809 842 1.0
810 843 1.0
810 844 1.0
811 845 1.0
811 846 1.0
812 847 1.0
812 848 1.0
813 849 1.0
813 850 1.0
814 851 1.0
814 852 1.0
815 853 1.0
815 854 1.0
816 855 1.0
816 856 1.0
817 857 1.0
817 858 1.0
818 859 1.0
818 860 1.0
819 820 1.0
819 861 1.0
820 821 1.0
820 862 1.0
821 822 1.0
821 862 1.0
822 823 1.0
822 863 1.0
823 824 1.0
823 863 1.0
824 825 1.0
824 864 1.0
825 826 1.0
825 864 1.0
826 827 1.0
826 865 1.0
827 828 1.0
827 865 1.0
828 829 1.0
828 866 1.0
829 830 1.0
829 866 1.0
830 831 1.0
830 867 1.0
831 832 1.0
831 867 1.0
832 833 1.0
832 868 1.0
833 834 1.0
833 868 1.0
834 835 1.0
834 869 1.0
835 836 1.0
835 869 1.0
836 837 1.0
836 870 1.0
837 838 1.0
837 870 1.0
838 839 1.0
838 871 1.0
839 840 1.0
839 871 1.0
840 841 1.0
840 872 1.0
841 842 1.0
841 872 1.0
842 843 1.0
842 873 1.0
843 844 1.0
843 873 1.0
844 845 1.0
844 874 1.0
845 846 1.0
845 874 1.0
846 847 1.0
846 875 1.0
847 848 1.0
847 875 1.0
848 849 1.0
848 876 1.0
849 850 1.0
849 876 1.0
850 851 1.0
850 877 1.0
851 852 1.0
851 877 1.0
852 853 1.0
852 878 1.0
853 854 1.0
853 878 1.0
854 855 1.0
854 879 1.0
855 856 1.0
855 879 1.0
856 857 1.0
856 880 1.0
857 858 1.0
857 880 1.0
858 859 1.0
858 881 1.0
859 860 1.0
859 881 1.0
860 819 1.0
860 861 1.0
861 882 1.0
861 883 1.0
862 884 1.0
862 885 1.0
863 886 1.0
863 887 1.0
864 888 1.0
864 889 1.0
865 890 1.0
865 891 1.0
866 892 1.0
866 893 1.0
867 894 1.0
867 895 1.0
868 896 1.0
868 897 1.0
869 898 1.0
869 899 1.0
870 900 1.0
870 901 1.0
871 902 1.0
871 903 1.0
872 904 1.0
872 905 1.0
873 906 1.0
873 907 1.0
874 908 1.0
874 909 1.0
875 910 1.0
875 911 1.0
876 912 1.0
876 913 1.0
877 914 1.0
877 915 1.0
878 916 1.0
878 917 1.0
879 918 1.0
879 919 1.0
880 920 1.0
880 921 1.0
881 922 1.0
881 923 1.0
882 883 1.0
882 924 1.0
883 884 1.0
883 925 1.0
884 885 1.0
884 925 1.0
885 886 1.0
885 926 1.0
886 887 1.0
886 926 1.0
887 888 1.0
887 927 1.0
888 889 1.0
888 927 1.0
889 890 1.0
889 928 1.0
890 891 1.0
890 928 1.0
891 892 1.0
891 929 1.0
892 893 1.0
892 929 1.0
893 894 1.0
893 930 1.0
894 895 1.0
894 930 1.0
895 896 1.0
895 931 1.0
896 897 1.0
896 931 1.0
897 898 1.0
897 932 1.0
898 899 1.0
898 932 1.0
899 900 1.0
899 933 1.0
900 901 1.0
900 933 1.0
901 902 1.0
901 934 1.0
902 903 1.0
902 934 1.0
903 904 1.0
903 935 1.0
904 905 1.0
904 935 1.0
905 906 1.0
905 936 1.0
906 907 1.0
906 936 1.0
907 908 1.0
907 937 1.0
908 909 1.0
908 937 1.0
909 910 1.0
909 938 1.0
910 911 1.0
910 938 1.0
911 912 1.0
911 939 1.0
912 913 1.0
912 939 1.0
913 914 1.0
913 940 1.0
914 915 1.0
914 940 1.0
915 916 1.0
915 941 1.0
916 917 1.0
916 941 1.0
917 918 1.0
917 942 1.0
918 919 1.0
918 942 1.0
919 920 1.0
919 943 1.0
920 921 1.0
920 943 1.0
921 922 1.0
921 944 1.0
922 923 1.0
922 944 1.0
923 882 1.0
923 924 1.0
924 945 1.0
924 946 1.0
925 947 1.0
925 948 1.0
926 949 1.0
926 950 1.0
927 951 1.0
927 952 1.0
928 953 1.0
928 954 1.0
929 955 1.0
929 956 1.0
930 957 1.0
930 958 1.0
931 959 1.0
931 960 1.0
932 961 1.0
932 962 1.0
933 963 1.0
933 964 1.0
934 965 1.0
934 966 1.0
935 967 1.0
935 968 1.0
936 969 1.0
936 970 1.0
937 971 1.0
937 972 1.0
938 973 1.0
938 974 1.0
939 975 1.0
939 976 1.0
940 977 1.0
940 978 1.0
941 979 1.0
941 980 1.0
942 981 1.0
942 982 1.0
943 983 1.0
943 984 1.0
944 985 1.0
944 986 1.0
945 946 1.0
945 987 1.0
946 947 1.0
946 988 1.0
947 948 1.0
947 988 1.0
948 949 1.0
948 989 1.0
949 950 1.0
949 989 1.0
950 951 1.0
950 990 1.0
951 952 1.0
951 990 1.0
952 953 1.0
952 991 1.0
953 954 1.0
953 991 1.0
954 955 1.0
954 992 1.0
955 956 1.0
955 992 1.0
956 957 1.0
956 993 1.0
957 958 1.0
957 993 1.0
958 959 1.0
958 994 1.0
959 960 1.0
959 994 1.0
960 961 1.0
960 995 1.0
961 962 1.0
961 995 1.0
962 963 1.0
962 996 1.0
963 964 1.0
963 996 1.0
964 965 1.0
964 997 1.0
965 966 1.0
965 997 1.0
966 967 1.0
966 998 1.0
967 968 1.0
967 998 1.0
968 969 1.0
968 999 1.0
969 970 1.0
969 999 1.0
970 971 1.0
970 1000 1.0
971 972 1.0
971 1000 1.0
972 973 1.0
972 1001 1.0
973 974 1.0
973 1001 1.0
974 975 1.0
974 1002 1.0
975 976 1.0
975 1002 1.0
976 977 1.0
976 1003 1.0
977 978 1.0
977 1003 1.0
978 979 1.0
978 1004 1.0
979 980 1.0
979 1004 1.0
980 981 1.0
980 1005 1.0
981 982 1.0
981 1005 1.0
982 983 1.0
982 1006 1.0
983 984 1.0
983 1006 1.0
984 985 1.0
984 1007 1.0
985 986 1.0
985 1007 1.0
986 945 1.0
986 987 1.0
987 1008 1.0
987 1009 1.0
988 1010 1.0
988 1011 1.0
989 1012 1.0
989 1013 1.0
990 1014 1.0
990 1015 1.0
991 1016 1.0
991 1017 1.0
992 1018 1.0
992 1019 1.0
993 1020 1.0
993 1021 1.0
994 1022 1.0
994 1023 1.0
995 1024 1.0
995 1025 1.0
996 1026 1.0
996 1027 1.0
997 1028 1.0
997 1029 1.0
998 1030 1.0
998 1031 1.0
999 1032 1.0
999 1033 1.0
1000 1034 1.0
1000 1035 1.0
1001 1036 1.0
1001 1037 1.0
1002 1038 1.0
1002 1039 1.0
1003 1040 1.0
1003 1041 1.0
1004 1042 1.0
1004 1043 1.0
1005 1044 1.0
1005 1045 1.0
1006 1046 1.0
1006 1047 1.0
1007 1048 1.0
1007 1049 1.0
1008 1009 1.0
1008 1050 1.0
1009 1010 1.0
1009 1051 1.0
1010 1011 1.0
1010 1051 1.0
1011 1012 1.0
1011 1052 1.0
1012 1013 1.0
1012 1052 1.0
1013 1014 1.0
1013 1053 1.0
1014 1015 1.0
1014 1053 1.0
1015 1016 1.0
1015 1054 1.0
1016 1017 1.0
1016 1054 1.0
1017 1018 1.0
1017 1055 1.0
1018 1019 1.0
1018 1055 1.0
1019 1020 1.0
1019 1056 1.0
1020 1021 1.0
1020 1056 1.0
1021 1022 1.0
1021 1057 1.0
1022 1023 1.0
1022 1057 1.0
1023 1024 1.0
1023 1058 1.0
1024 1025 1.0
1024 1058 1.0
1025 1026 1.0
1025 1059 1.0
1026 1027 1.0
1026 1059 1.0
1027 1028 1.0
1027 1060 1.0
1028 1029 1.0
1028 1060 1.0
1029 1030 1.0
1029 1061 1.0
1030 1031 1.0
1030 1061 1.0
1031 1032 1.0
1031 1062 1.0
1032 1033 1.0
1032 1062 1.0
1033 1034 1.0
1033 1063 1.0
1034 1035 1.0
1034 1063 1.0
1035 1036 1.0
1035 1064 1.0
1036 1037 1.0
1036 1064 1.0
1037 1038 1.0
1037 1065 1.0
1038 1039 1.0
1038 1065 1.0
1039 1040 1.0
1039 1066 1.0
1040 1041 1.0
1040 1066 1.0
1041 1042 1.0
1041 1067 1.0
1042 1043 1.0
1042 1067 1.0
1043 1044 1.0
1043 1068 1.0
1044 1045 1.0
1044 1068 1.0
1045 1046 1.0
1045 1069 1.0
1046 1047 1.0
1046 1069 1.0
1047 1048 1.0
1047 1070 1.0
1048 1049 1.0
1048 1070 1.0
1049 1008 1.0
1049 1050 1.0
1050 1071 1.0
1050 1072 1.0
1051 1073 1.0
1051 1074 1.0
1052 1075 1.0
1052 1076 1.0
1053 1077 1.0
1053 1078 1.0
1054 1079 1.0
1054 1080 1.0
1055 1081 1.0
1055 1082 1.0
1056 1083 1.0
1056 1084 1.0
1057 1085 1.0
1057 1086 1.0
1058 1087 1.0
1058 1088 1.0
1059 1089 1.0
1059 1090 1.0
1060 1091 1.0
1060 1092 1.0
1061 1093 1.0
1061 1094 1.0
1062 1095 1.0
1062 1096 1.0
1063 1097 1.0
1063 1098 1.0
1064 1099 1.0
1064 1100 1.0
1065 1101 1.0
1065 1102 1.0
1066 1103 1.0
1066 1104 1.0
1067 1105 1.0
1067 1106 1.0
1068 1107 1.0
1068 1108 1.0
1069 1109 1.0
1069 1110 1.0
1070 1111 1.0
1070 1112 1.0
1071 1072 1.0
1071 1113 1.0
1072 1073 1.0
1072 1114 1.0
1073 1074 1.0
1073 1114 1.0
1074 1075 1.0
1074 1115 1.0
1075 1076 1.0
1075 1115 1.0
1076 1077 1.0
1076 1116 1.0
1077 1078 1.0
1077 1116 1.0
1078 1079 1.0
1078 1117 1.0
1079 1080 1.0
1079 1117 1.0
1080 1081 1.0
1080 1118 1.0
1081 1082 1.0
1081 1118 1.0
1082 1083 1.0
1082 1119 1.0
1083 1084 1.0
1083 1119 1.0
1084 1085 1.0
1084 1120 1.0
1085 1086 1.0
1085 1120 1.0
1086 1087 1.0
1086 1121 1.0
1087 1088 1.0
1087 1121 1.0
1088 1089 1.0
1088 1122 1.0
1089 1090 1.0
1089 1122 1.0
1090 1091 1.0
1090 1123 1.0
1091 1092 1.0
1091 1123 1.0
1092 1093 1.0
1092 1124 1.0
1093 1094 1.0
1093 1124 1.0
1094 1095 1.0
1094 1125 1.0
1095 1096 1.0
1095 1125 1.0
1096 1097 1.0
1096 1126 1.0
1097 1098 1.0
1097 1126 1.0
1098 1099 1.0
1098 1127 1.0
1099 1100 1.0
1099 1127 1.0
1100 1101 1.0
1100 1128 1.0
1101 1102 1.0
1101 1128 1.0
1102 1103 1.0
1102 1129 1.0
1103 1104 1.0
1103 1129 1.0
1104 1105 1.0
1104 1130 1.0
1105 1106 1.0
1105 1130 1.0
1106 1107 1.0
1106 1131 1.0
1107 1108 1.0
1107 1131 1.0
1108 1109 1.0
1108 1132 1.0
1109 1110 1.0
1109 1132 1.0
1110 1111 1.0
1110 1133 1.0
1111 1112 1.0
1111 1133 1.0
1112 1071 1.0
1112 1113 1.0
1113 1134 1.0
1113 1135 1.0
1114 1136 1.0
1114 1137 1.0
1115 1138 1.0
1115 1139 1.0
1116 1140 1.0
1116 1141 1.0
1117 1142 1.0
1117 1143 1.0
1118 1144 1.0
1118 1145 1.0
1119 1146 1.0
1119 1147 1.0
1120 1148 1.0
1120 1149 1.0
1121 1150 1.0
1121 1151 1.0
1122 1152 1.0
1122 1153 1.0
1123 1154 1.0
1123 1155 1.0
1124 1156 1.0
1124 1157 1.0
1125 1158 1.0
1125 1159 1.0
1126 1160 1.0
1126 1161 1.0
1127 1162 1.0
1127 1163 1.0
1128 1164 1.0
1128 1165 1.0
1129 1166 1.0
1129 1167 1.0
1130 1168 1.0
1130 1169 1.0
1131 1170 1.0
1131 1171 1.0
1132 1172 1.0
1132 1173 1.0
1133 1174 1.0
1133 1175 1.0
1134 1135 1.0
1134 1176 1.0
1135 1136 1.0
1135 1177 1.0
1136 1137 1.0
1136 1177 1.0
1137 1138 1.0
1137 1178 1.0
1138 1139 1.0
1138 1178 1.0
1139 1140 1.0
1139 1179 1.0
1140 1141 1.0
1140 1179 1.0
1141 1142 1.0
1141 1180 1.0
1142 1143 1.0
1142 1180 1.0
1143 1144 1.0
1143 1181 1.0
1144 1145 1.0
1144 1181 1.0
1145 1146 1.0
1145 1182 1.0
1146 1147 1.0
1146 1182 1.0
1147 1148 1.0
1147 1183 1.0
1148 1149 1.0
1148 1183 1.0
1149 1150 1.0
1149 1184 1.0
1150 1151 1.0
1150 1184 1.0
1151 1152 1.0
1151 1185 1.0
1152 1153 1.0
1152 1185 1.0
1153 1154 1.0
1153 1186 1.0
1154 1155 1.0
1154 1186 1.0
1155 1156 1.0
1155 1187 1.0
1156 1157 1.0
1156 1187 1.0
1157 1158 1.0
1157 1188 1.0
1158 1159 1.0
1158 1188 1.0
1159 1160 1.0
1159 1189 1.0
1160 1161 1.0
1160 1189 1.0
1161 1162 1.0
1161 1190 1.0
1162 1163 1.0
1162 1190 1.0
1163 1164 1.0
1163 1191 1.0
1164 1165 1.0
1164 1191 1.0
1165 1166 1.0
1165 1192 1.0
1166 1167 1.0
1166 1192 1.0
1167 1168 1.0
1167 1193 1.0
1168 1169 1.0
1168 1193 1.0
1169 1170 1.0
1169 1194 1.0
1170 1171 1.0
1170 1194 1.0
1171 1172 1.0
1171 1195 1.0
1172 1173 1.0
1172 1195 1.0
1173 1174 1.0
1173 1196 1.0
1174 1175 1.0
1174 1196 1.0
1175 1134 1.0
1175 1176 1.0
1176 1197 1.0
1176 1198 1.0
1177 1199 1.0
1177 1200 1.0
1178 1201 1.0
1178 1202 1.0
1179 1203 1.0
1179 1204 1.0
1180 1205 1.0
1180 1206 1.0
1181 1207 1.0
1181 1208 1.0
1182 1209 1.0
1182 1210 1.0
1183 1211 1.0
1183 1212 1.0
1184 1213 1.0
1184 1214 1.0
1185 1215 1.0
1185 1216 1.0
1186 1217 1.0
1186 1218 1.0
1187 1219 1.0
1187 1220 1.0
1188 1221 1.0
1188 1222 1.0
1189 1223 1.0
1189 1224 1.0
1190 1225 1.0
1190 1226 1.0
1191 1227 1.0
1191 1228 1.0
1192 1229 1.0
1192 1230 1.0
1193 1231 1.0
1193 1232 1.0
1194 1233 1.0
1194 1234 1.0
1195 1235 1.0
1195 1236 1.0
1196 1237 1.0
1196 1238 1.0
1197 1198 1.0
1197 1239 1.0
1198 1199 1.0
1198 1240 1.0
1199 1200 1.0
1199 1240 1.0
1200 1201 1.0
1200 1241 1.0
1201 1202 1.0
1201 1241 1.0
1202 1203 1.0
1202 1242 1.0
1203 1204 1.0
1203 1242 1.0
1204 1205 1.0
1204 1243 1.0
1205 1206 1.0
1205 1243 1.0
1206 1207 1.0
1206 1244 1.0
1207 1208 1.0
1207 1244 1.0
1208 1209 1.0
1208 1245 1.0
1209 1210 1.0
1209 1245 1.0
1210 1211 1.0
1210 1246 1.0
1211 1212 1.0
1211 1246 1.0
1212 1213 1.0
1212 1247 1.0
1213 1214 1.0
1213 1247 1.0
1214 1215 1.0
1214 1248 1.0
1215 1216 1.0
1215 1248 1.0
1216 1217 1.0
1216 1249 1.0
1217 1218 1.0
1217 1249 1.0
1218 1219 1.0
1218 1250 1.0
1219 1220 1.0
1219 1250 1.0
1220 1221 1.0
1220 1251 1.0
1221 1222 1.0
1221 1251 1.0
1222 1223 1.0
1222 1252 1.0
1223 1224 1.0
1223 1252 1.0
1224 1225 1.0
1224 1253 1.0
1225 1226 1.0
1225 1253 1.0
1226 1227 1.0
1226 1254 1.0
1227 1228 1.0
1227 1254 1.0
1228 1229 1.0
1228 1255 1.0
1229 1230 1.0
1229 1255 1.0
1230 1231 1.0
1230 1256 1.0
1231 1232 1.0
1231 1256 1.0
1232 1233 1.0
1232 1257 1.0
1233 1234 1.0
1233 1257 1.0
1234 1235 1.0
1234 1258 1.0
1235 1236 1.0
1235 1258 1.0
1236 1237 1.0
1236 1259 1.0
1237 1238 1.0
1237 1259 1.0
1238 1197 1.0
1238 1239 1.0
1239 1260 1.0
1239 1261 1.0
1240 1262 1.0
1240 1263 1.0
1241 1264 1.0
1241 1265 1.0
1242 1266 1.0
1242 1267 1.0
1243 1268 1.0
1243 1269 1.0
1244 1270 1.0
1244 1271 1.0
1245 1272 1.0
1245 1273 1.0
1246 1274 1.0
1246 1275 1.0
1247 1276 1.0
1247 1277 1.0
1248 1278 1.0
1248 1279 1.0
1249 1280 1.0
1249 1281 1.0
1250 1282 1.0
1250 1283 1.0
1251 1284 1.0
1251 1285 1.0
1252 1286 1.0
1252 1287 1.0
1253 1288 1.0
1253 1289 1.0
1254 1290 1.0
1254 1291 1.0
1255 1292 1.0
1255 1293 1.0
1256 1294 1.0
1256 1295 1.0
1257 1296 1.0
1257 1297 1.0
1258 1298 1.0
1258 1299 1.0
1259 1300 1.0
1259 1301 1.0
1260 1261 1.0
1260 1302 1.0
1261 1262 1.0
1261 1303 1.0
1262 1263 1.0
1262 1303 1.0
1263 1264 1.0
1263 1304 1.0
1264 1265 1.0
1264 1304 1.0
1265 1266 1.0
1265 1305 1.0
1266 1267 1.0
1266 1305 1.0
1267 1268 1.0
1267 1306 1.0
1268 1269 1.0
1268 1306 1.0
1269 1270 1.0
1269 1307 1.0
1270 1271 1.0
1270 1307 1.0
1271 1272 1.0
1271 1308 1.0
1272 1273 1.0
1272 1308 1.0
1273 1274 1.0
1273 1309 1.0
1274 1275 1.0
1274 1309 1.0
1275 1276 1.0
1275 1310 1.0
1276 1277 1.0
1276 1310 1.0
1277 1278 1.0
1277 1311 1.0
1278 1279 1.0
1278 1311 1.0
1279 1280 1.0
1279 1312 1.0
1280 1281 1.0
1280 1312 1.0
1281 1282 1.0
1281 1313 1.0
1282 1283 1.0
1282 1313 1.0
1283 1284 1.0
1283 1314 1.0
1284 1285 1.0
1284 1314 1.0
1285 1286 1.0
1285 1315 1.0
1286 1287 1.0
1286 1315 1.0
1287 1288 1.0
1287 1316 1.0
1288 1289 1.0
1288 1316 1.0
1289 1290 1.0
1289 1317 1.0
1290 1291 1.0
1290 1317 1.0
1291 1292 1.0
1291 1318 1.0
1292 1293 1.0
1292 1318 1.0
1293 1294 1.0
1293 1319 1.0
1294 1295 1.0
1294 1319 1.0
1295 1296 1.0
1295 1320 1.0
1296 1297 1.0
1296 1320 1.0
1297 1298 1.0
1297 1321 1.0
1298 1299 1.0
1298 1321 1.0
1299 1300 1.0
1299 1322 1.0
1300 1301 1.0
1300 1322 1.0
1301 1260 1.0
1301 1302 1.0
1302 0 1.0
1302 1 1.0
1303 2 1.0
1303 3 1.0
1304 4 1.0
1304 5 1.0
1305 6 1.0
1305 7 1.0
1306 8 1.0
1306 9 1.0
1307 10 1.0
1307 11 1.0
1308 12 1.0
1308 13 1.0
1309 14 1.0
1309 15 1.0
1310 16 1.0
1310 17 1.0
1311 18 1.0
1311 19 1.0
1312 20 1.0
1312 21 1.0
1313 22 1.0
1313 23 1.0
1314 24 1.0
1314 25 1.0
1315 26 1.0
1315 27 1.0
1316 28 1.0
1316 29 1.0
1317 30 1.0
1317 31 1.0
1318 32 1.0
1318 33 1.0
1319 34 1.0
1319 35 1.0
1320 36 1.0
1320 37 1.0
1321 38 1.0
1321 39 1.0
1322 40 1.0
1322 41 1.0
