# Model: L 30 W 30 Kagome Graph
0 1 1.0
0 30 1.0
1 2 1.0
1 31 1.0
2 3 1.0
2 31 1.0
3 4 1.0
3 32 1.0
4 5 1.0
4 32 1.0
5 6 1.0
5 33 1.0
6 7 1.0
6 33 1.0
7 8 1.0
7 34 1.0
8 9 1.0
8 34 1.0
9 10 1.0
9 35 1.0
10 11 1.0
10 35 1.0
11 12 1.0
11 36 1.0
12 13 1.0
12 36 1.0
13 14 1.0
13 37 1.0
14 15 1.0
14 37 1.0
15 16 1.0
15 38 1.0
16 17 1.0
16 38 1.0
17 18 1.0
17 39 1.0
18 19 1.0
18 39 1.0
19 20 1.0
19 40 1.0
20 21 1.0
20 40 1.0
21 22 1.0
21 41 1.0
22 23 1.0
22 41 1.0
23 24 1.0
23 42 1.0
24 25 1.0
24 42 1.0
25 26 1.0
25 43 1.0
26 27 1.0
26 43 1.0
27 28 1.0
27 44 1.0
28 29 1.0
28 44 1.0
29 0 1.0
29 30 1.0
30 45 1.0
30 46 1.0
31 47 1.0
31 48 1.0
32 49 1.0
32 50 1.0
33 51 1.0
33 52 1.0
34 53 1.0
34 54 1.0
35 55 1.0
35 56 1.0
36 57 1.0
36 58 1.0
37 59 1.0
37 60 1.0
38 61 1.0
38 62 1.0
39 63 1.0
39 64 1.0
40 65 1.0
40 66 1.0
41 67 1.0
41 68 1.0
42 69 1.0
42 70 1.0
43 71 1.0
43 72 1.0
44 73 1.0
44 74 1.0
45 46 1.0
45 75 1.0
46 47 1.0
46 76 1.0
47 48 1.0
47 76 1.0
48 49 1.0
48 77 1.0
49 50 1.0
49 77 1.0
50 51 1.0
50 78 1.0
51 52 1.0
51 78 1.0
52 53 1.0
52 79 1.0
53 54 1.0
53 79 1.0
54 55 1.0
54 80 1.0
55 56 1.0
55 80 1.0
56 57 1.0
56 81 1.0
57 58 1.0
57 81 1.0
58 59 1.0
58 82 1.0
59 60 1.0
59 82 1.0
60 61 1.0
60 83 1.0
61 62 1.0
61 83 1.0
62 63 1.0
62 84 1.0
63 64 1.0
63 84 1.0
64 65 1.0
64 85 1.0
65 66 1.0
65 85 1.0
66 67 1.0
66 86 1.0
67 68 1.0
67 86 1.0
68 69 1.0
68 87 1.0
69 70 1.0
69 87 1.0
70 71 1.0
70 88 1.0
71 72 1.0
71 88 1.0
72 73 1.0
72 89 1.0
73 74 1.0
73 89 1.0
74 45 1.0
74 75 1.0
75 90 1.0
75 91 1.0
76 92 1.0
76 93 1.0
77 94 1.0
77 95 1.0
78 96 1.0
78 97 1.0
79 98 1.0
79 99 1.0
80 100 1.0
80 101 1.0
81 102 1.0
81 103 1.0
82 104 1.0
82 105 1.0
83 106 1.0
83 107 1.0
84 108 1.0
84 109 1.0
85 110 1.0
85 111 1.0
86 112 1.0
86 113 1.0
87 114 1.0
87 115 1.0
88 116 1.0
88 117 1.0
89 118 1.0
89 119 1.0
90 91 1.0
90 120 1.0
91 92 1.0
91 121 1.0
92 93 1.0
92 121 1.0
93 94 1.0
93 122 1.0
94 95 1.0
94 122 1.0
95 96 1.0
95 123 1.0
96 97 1.0
96 123 1.0
97 98 1.0
97 124 1.0
98 99 1.0
98 124 1.0
99 100 1.0
99 125 1.0
100 101 1.0
100 125 1.0
101 102 1.0
101 126 1.0
102 103 1.0
102 126 1.0
103 104 1.0
103 127 1.0
104 105 1.0
104 127 1.0
105 106 1.0
105 128 1.0
106 107 1.0
106 128 1.0
107 108 1.0
107 129 1.0
108 109 1.0
108 129 1.0
109 110 1.0
109 130 1.0
110 111 1.0
110 130 1.0
111 112 1.0
111 131 1.0
112 113 1.0
112 131 1.0
113 114 1.0
113 132 1.0
114 115 1.0
114 132 1.0
115 116 1.0
115 133 1.0
116 117 1.0
116 133 1.0
117 118 1.0
117 134 1.0
118 119 1.0
118 134 1.0
119 90 1.0
119 120 1.0
120 135 1.0
120 136 1.0
121 137 1.0
121 138 1.0
122 139 1.0
122 140 1.0
123 141 1.0
123 142 1.0
124 143 1.0
124 144 1.0
125 145 1.0
125 146 1.0
126 147 1.0
126 148 1.0
127 149 1.0
127 150 1.0
128 151 1.0
128 152 1.0
129 153 1.0
129 154 1.0
130 155 1.0
130 156 1.0
131 157 1.0
131 158 1.0
132 159 1.0
132 160 1.0
133 161 1.0
133 162 1.0
134 163 1.0
134 164 1.0
135 136 1.0
135 165 1.0
136 137 1.0
136 166 1.0
137 138 1.0
137 166 1.0
138 139 1.0
138 167 1.0
139 140 1.0
139 167 1.0
140 141 1.0
140 168 1.0
141 142 1.0
141 168 1.0
142 143 1.0
142 169 1.0
143 144 1.0
143 169 1.0
144 145 1.0
144 170 1.0
145 146 1.0
145 170 1.0
146 147 1.0
146 171 1.0
147 148 1.0
147 171 1.0
148 149 1.0
148 172 1.0
149 150 1.0
149 172 1.0
150 151 1.0
150 173 1.0
151 152 1.0
151 173 1.0
152 153 1.0
152 174 1.0
153 154 1.0
153 174 1.0
154 155 1.0
154 175 1.0
155 156 1.0
155 175 1.0
156 157 1.0
156 176 1.0
157 158 1.0
157 176 1.0
158 159 1.0
158 177 1.0
159 160 1.0
159 177 1.0
160 161 1.0
160 178 1.0
161 162 1.0
161 178 1.0
162 163 1.0
162 179 1.0
163 164 1.0
163 179 1.0
164 135 1.0
164 165 1.0
165 180 1.0
165 181 1.0
166 182 1.0
166 183 1.0
167 184 1.0
167 185 1.0
168 186 1.0
168 187 1.0
169 188 1.0
169 189 1.0
170 190 1.0
170 191 1.0
171 192 1.0
171 193 1.0
172 194 1.0
172 195 1.0
173 196 1.0
173 197 1.0
174 198 1.0
174 199 1.0
175 200 1.0
175 201 1.0
176 202 1.0
176 203 1.0
177 204 1.0
177 205 1.0
178 206 1.0
178 207 1.0
179 208 1.0
179 209 1.0
180 181 1.0
180 210 1.0
181 182 1.0
181 211 1.0
182 183 1.0
182 211 1.0
183 184 1.0
183 212 1.0
184 185 1.0
184 212 1.0
185 186 1.0
185 213 1.0
186 187 1.0
186 213 1.0
187 188 1.0
187 214 1.0
188 189 1.0
188 214 1.0
189 190 1.0
189 215 1.0
190 191 1.0
190 215 1.0
191 192 1.0
191 216 1.0
192 193 1.0
192 216 1.0
193 194 1.0
193 217 1.0
194 195 1.0
194 217 1.0
195 196 1.0
195 218 1.0
196 197 1.0
196 218 1.0
197 198 1.0
197 219 1.0
198 199 1.0
198 219 1.0
199 200 1.0
199 220 1.0
200 201 1.0
200 220 1.0
201 202 1.0
201 221 1.0
202 203 1.0
202 221 1.0
203 204 1.0
203 222 1.0
204 205 1.0
204 222 1.0
205 206 1.0
205 223 1.0
206 207 1.0
206 223 1.0
207 208 1.0
207 224 1.0
208 209 1.0
208 224 1.0
209 180 1.0
209 210 1.0
210 225 1.0
210 226 1.0
211 227 1.0
211 228 1.0
212 229 1.0
212 230 1.0
213 231 1.0
213 232 1.0
214 233 1.0
214 234 1.0
215 235 1.0
215 236 1.0
216 237 1.0
216 238 1.0
217 239 1.0
217 240 1.0
218 241 1.0
218 242 1.0
219 243 1.0
219 244 1.0
220 245 1.0
220 246 1.0
221 247 1.0
221 248 1.0
222 249 1.0
222 250 1.0
223 251 1.0
223 252 1.0
224 253 1.0
224 254 1.0
225 226 1.0
225 255 1.0
226 227 1.0
226 256 1.0
227 228 1.0
227 256 1.0
228 229 1.0
228 257 1.0
229 230 1.0
229 257 1.0
230 231 1.0
230 258 1.0
231 232 1.0
231 258 1.0
232 233 1.0
232 259 1.0
233 234 1.0
233 259 1.0
234 235 1.0
234 260 1.0
235 236 1.0
235 260 1.0
236 237 1.0
236 261 1.0
237 238 1.0
237 261 1.0
238 239 1.0
238 262 1.0
239 240 1.0
239 262 1.0
240 241 1.0
240 263 1.0
241 242 1.0
241 263 1.0
242 243 1.0
242 264 1.0
243 244 1.0
243 264 1.0
244 245 1.0
244 265 1.0
245 246 1.0
245 265 1.0
246 247 1.0
246 266 1.0
247 248 1.0
247 266 1.0
248 249 1.0
248 267 1.0
249 250 1.0
249 267 1.0
250 251 1.0
250 268 1.0
251 252 1.0
251 268 1.0
252 253 1.0
252 269 1.0
253 254 1.0
253 269 1.0
254 225 1.0
254 255 1.0
255 270 1.0
255 271 1.0
256 272 1.0
256 273 1.0
257 274 1.0
257 275 1.0
258 276 1.0
258 277 1.0
259 278 1.0
259 279 1.0
260 280 1.0
260 281 1.0
261 282 1.0
261 283 1.0
262 284 1.0
262 285 1.0
263 286 1.0
263 287 1.0
264 288 1.0
264 289 1.0
265 290 1.0
265 291 1.0
266 292 1.0
266 293 1.0
267 294 1.0
267 295 1.0
268 296 1.0
268 297 1.0
269 298 1.0
269 299 1.0
270 271 1.0
270 300 1.0
271 272 1.0
271 301 1.0
272 273 1.0
272 301 1.0
273 274 1.0
273 302 1.0
274 275 1.0
274 302 1.0
275 276 1.0
275 303 1.0
276 277 1.0
276 303 1.0
277 278 1.0
277 304 1.0
278 279 1.0
278 304 1.0
279 280 1.0
279 305 1.0
280 281 1.0
280 305 1.0
281 282 1.0
281 306 1.0
282 283 1.0
282 306 1.0
283 284 1.0
283 307 1.0
284 285 1.0
284 307 1.0
285 286 1.0
285 308 1.0
286 287 1.0
286 308 1.0
287 288 1.0
287 309 1.0
288 289 1.0
288 309 1.0
289 290 1.0
289 310 1.0
290 291 1.0
290 310 1.0
291 292 1.0
291 311 1.0
292 293 1.0
292 311 1.0
293 294 1.0
293 312 1.0
294 295 1.0
294 312 1.0
295 296 1.0
295 313 1.0
296 297 1.0
296 313 1.0
297 298 1.0
297 314 1.0
298 299 1.0
298 314 1.0
299 270 1.0
299 300 1.0
300 315 1.0
300 316 1.0
301 317 1.0
301 318 1.0
302 319 1.0
302 320 1.0
303 321 1.0
303 322 1.0
304 323 1.0
304 324 1.0
305 325 1.0
305 326 1.0
306 327 1.0
306 328 1.0
307 329 1.0
307 330 1.0
308 331 1.0
308 332 1.0
309 333 1.0
309 334 1.0
310 335 1.0
310 336 1.0
311 337 1.0
311 338 1.0
312 339 1.0
312 340 1.0
313 341 1.0
313 342 1.0
314 343 1.0
314 344 1.0
315 316 1.0
315 345 1.0
316 317 1.0
316 346 1.0
317 318 1.0
317 346 1.0
318 319 1.0
318 347 1.0
319 320 1.0
319 347 1.0
320 321 1.0
320 348 1.0
321 322 1.0
321 348 1.0
322 323 1.0
322 349 1.0
323 324 1.0
323 349 1.0
324 325 1.0
324 350 1.0
325 326 1.0
325 350 1.0
326 327 1.0
326 351 1.0
327 328 1.0
327 351 1.0
328 329 1.0
328 352 1.0
329 330 1.0
329 352 1.0
330 331 1.0
330 353 1.0
331 332 1.0
331 353 1.0
332 333 1.0
332 354 1.0
333 334 1.0
333 354 1.0
334 335 1.0
334 355 1.0
335 336 1.0
335 355 1.0
336 337 1.0
336 356 1.0
337 338 1.0
337 356 1.0
338 339 1.0
338 357 1.0
339 340 1.0
339 357 1.0
340 341 1.0
340 358 1.0
341 342 1.0
341 358 1.0
342 343 1.0
342 359 1.0
343 344 1.0
343 359 1.0
344 315 1.0
344 345 1.0
345 360 1.0
345 361 1.0
346 362 1.0
346 363 1.0
347 364 1.0
347 365 1.0
348 366 1.0
348 367 1.0
349 368 1.0
349 369 1.0
350 370 1.0
350 371 1.0
351 372 1.0
351 373 1.0
352 374 1.0
352 375 1.0
353 376 1.0
353 377 1.0
354 378 1.0
354 379 1.0
355 380 1.0
355 381 1.0
356 382 1.0
356 383 1.0
357 384 1.0
357 385 1.0
358 386 1.0
358 387 1.0
359 388 1.0
359 389 1.0
360 361 1.0
360 390 1.0
361 362 1.0
361 391 1.0
362 363 1.0
362 391 1.0
363 364 1.0
363 392 1.0
364 365 1.0
364 392 1.0
365 366 1.0
365 393 1.0
366 367 1.0
366 393 1.0
367 368 1.0
367 394 1.0
368 369 1.0
368 394 1.0
369 370 1.0
369 395 1.0
370 371 1.0
370 395 1.0
371 372 1.0
371 396 1.0
372 373 1.0
372 396 1.0
373 374 1.0
373 397 1.0
374 375 1.0
374 397 1.0
375 376 1.0
375 398 1.0
376 377 1.0
376 398 1.0
377 378 1.0
377 399 1.0
378 379 1.0
378 399 1.0
379 380 1.0
379 400 1.0
380 381 1.0
380 400 1.0
381 382 1.0
381 401 1.0
382 383 1.0
382 401 1.0
383 384 1.0
383 402 1.0
384 385 1.0
384 402 1.0
385 386 1.0
385 403 1.0
386 387 1.0
386 403 1.0
387 388 1.0
387 404 1.0
388 389 1.0
388 404 1.0
389 360 1.0
389 390 1.0
390 405 1.0
390 406 1.0
391 407 1.0
391 408 1.0
392 409 1.0
392 410 1.0
393 411 1.0
393 412 1.0
394 413 1.0
394 414 1.0
395 415 1.0
395 416 1.0
396 417 1.0
396 418 1.0
397 419 1.0
397 420 1.0
398 421 1.0
398 422 1.0
399 423 1.0
399 424 1.0
400 425 1.0
400 426 1.0
401 427 1.0
401 428 1.0
402 429 1.0
402 430 1.0
403 431 1.0
403 432 1.0
404 433 1.0
404 434 1.0
405 406 1.0
405 435 1.0
406 407 1.0
406 436 1.0
407 408 1.0
407 436 1.0
408 409 1.0
408 437 1.0
409 410 1.0
409 437 1.0
410 411 1.0
410 438 1.0
411 412 1.0
411 438 1.0
412 413 1.0
412 439 1.0
413 414 1.0
413 439 1.0
414 415 1.0
414 440 1.0
415 416 1.0
415 440 1.0
416 417 1.0
416 441 1.0
417 418 1.0
417 441 1.0
418 419 1.0
418 442 1.0
419 420 1.0
419 442 1.0
420 421 1.0
420 443 1.0
421 422 1.0
421 443 1.0
422 423 1.0
422 444 1.0
423 424 1.0
423 444 1.0
424 425 1.0
424 445 1.0
425 426 1.0
425 445 1.0
426 427 1.0
426 446 1.0
427 428 1.0
427 446 1.0
428 429 1.0
428 447 1.0
429 430 1.0
429 447 1.0
430 431 1.0
430 448 1.0
431 432 1.0
431 448 1.0
432 433 1.0
432 449 1.0
433 434 1.0
433 449 1.0
434 405 1.0
434 435 1.0
435 450 1.0
435 451 1.0
436 452 1.0
436 453 1.0
437 454 1.0
437 455 1.0
438 456 1.0
438 457 1.0
439 458 1.0
439 459 1.0
440 460 1.0
440 461 1.0
441 462 1.0
441 463 1.0
442 464 1.0
442 465 1.0
443 466 1.0
443 467 1.0
444 468 1.0
444 469 1.0
445 470 1.0
445 471 1.0
446 472 1.0
446 473 1.0
447 474 1.0
447 475 1.0
448 476 1.0
448 477 1.0
449 478 1.0
449 479 1.0
450 451 1.0
450 480 1.0
451 452 1.0
451 481 1.0
452 453 1.0
452 481 1.0
453 454 1.0
453 482 1.0
454 455 1.0
454 482 1.0
455 456 1.0
455 483 1.0
456 457 1.0
456 483 1.0
457 458 1.0
457 484 1.0
458 459 1.0
458 484 1.0
459 460 1.0
459 485 1.0
460 461 1.0
460 485 1.0
461 462 1.0
461 486 1.0
462 463 1.0
462 486 1.0
463 464 1.0
463 487 1.0
464 465 1.0
464 487 1.0
465 466 1.0
465 488 1.0
466 467 1.0
466 488 1.0
467 468 1.0
467 489 1.0
468 469 1.0
468 489 1.0
469 470 1.0
469 490 1.0
470 471 1.0
470 490 1.0
471 472 1.0
471 491 1.0
472 473 1.0
472 491 1.0
473 474 1.0
473 492 1.0
474 475 1.0
474 492 1.0
475 476 1.0
475 493 1.0
476 477 1.0
476 493 1.0
477 478 1.0
477 494 1.0
478 479 1.0
478 494 1.0
479 450 1.0
479 480 1.0
480 495 1.0
480 496 1.0
481 497 1.0
481 498 1.0
482 499 1.0
482 500 1.0
483 501 1.0
483 502 1.0
484 503 1.0
484 504 1.0
485 505 1.0
485 506 1.0
486 507 1.0
486 508 1.0
487 509 1.0
487 510 1.0
488 511 1.0
488 512 1.0
489 513 1.0
489 514 1.0
490 515 1.0
490 516 1.0
491 517 1.0
491 518 1.0
492 519 1.0
492 520 1.0
493 521 1.0
493 522 1.0
494 523 1.0
494 524 1.0
495 496 1.0
495 525 1.0
496 497 1.0
496 526 1.0
497 498 1.0
497 526 1.0
498 499 1.0
498 527 1.0
499 500 1.0
499 527 1.0
500 501 1.0
500 528 1.0
501 502 1.0
501 528 1.0
502 503 1.0
502 529 1.0
503 504 1.0
503 529 1.0
504 505 1.0
504 530 1.0
505 506 1.0
505 530 1.0
506 507 1.0
506 531 1.0
507 508 1.0
507 531 1.0
508 509 1.0
508 532 1.0
509 510 1.0
509 532 1.0
510 511 1.0
510 533 1.0
511 512 1.0
511 533 1.0
512 513 1.0
512 534 1.0
513 514 1.0
513 534 1.0
514 515 1.0
514 535 1.0
515 516 1.0
515 535 1.0
516 517 1.0
516 536 1.0
517 518 1.0
517 536 1.0
518 519 1.0
518 537 1.0
519 520 1.0
519 537 1.0
520 521 1.0
520 538 1.0
521 522 1.0
521 538 1.0
522 523 1.0
522 539 1.0
523 524 1.0
523 539 1.0
524 495 1.0
524 525 1.0
525 540 1.0
525 541 1.0
526 542 1.0
526 543 1.0
527 544 1.0
527 545 1.0
528 546 1.0
528 547 1.0
529 548 1.0
529 549 1.0
530 550 1.0
530 551 1.0
531 552 1.0
531 553 1.0
532 554 1.0
532 555 1.0
533 556 1.0
533 557 1.0
534 558 1.0
534 559 1.0
535 560 1.0
535 561 1.0
536 562 1.0
536 563 1.0
537 564 1.0
537 565 1.0
538 566 1.0
538 567 1.0
539 568 1.0
539 569 1.0
540 541 1.0
540 570 1.0
541 542 1.0
541 571 1.0
542 543 1.0
542 571 1.0
543 544 1.0
543 572 1.0
544 545 1.0
544 572 1.0
545 546 1.0
545 573 1.0
546 547 1.0
546 573 1.0
547 548 1.0
547 574 1.0
548 549 1.0
548 574 1.0
549 550 1.0
549 575 1.0
550 551 1.0
550 575 1.0
551 552 1.0
551 576 1.0
552 553 1.0
552 576 1.0
553 554 1.0
553 577 1.0
554 555 1.0
554 577 1.0
555 556 1.0
555 578 1.0
556 557 1.0
556 578 1.0
557 558 1.0
557 579 1.0
558 559 1.0
558 579 1.0
559 560 1.0
559 580 1.0
560 561 1.0
560 580 1.0
561 562 1.0
561 581 1.0
562 563 1.0
562 581 1.0
563 564 1.0
563 582 1.0
564 565 1.0
564 582 1.0
565 566 1.0
565 583 1.0
566 567 1.0
566 583 1.0
567 568 1.0
567 584 1.0
568 569 1.0
568 584 1.0
569 540 1.0
569 570 1.0
570 585 1.0
570 586 1.0
571 587 1.0
571 588 1.0
572 589 1.0
572 590 1.0
573 591 1.0
573 592 1.0
574 593 1.0
574 594 1.0
575 595 1.0
575 596 1.0
576 597 1.0
576 598 1.0
577 599 1.0
577 600 1.0
578 601 1.0
578 602 1.0
579 603 1.0
579 604 1.0
580 605 1.0
580 606 1.0
581 607 1.0
581 608 1.0
582 609 1.0
582 610 1.0
583 611 1.0
583 612 1.0
584 613 1.0
584 614 1.0
585 586 1.0
585 615 1.0
586 587 1.0
586 616 1.0
587 588 1.0
587 616 1.0
588 589 1.0
588 617 1.0
589 590 1.0
589 617 1.0
590 591 1.0
590 618 1.0
591 592 1.0
591 618 1.0
592 593 1.0
592 619 1.0
593 594 1.0
593 619 1.0
594 595 1.0
594 620 1.0
595 596 1.0
595 620 1.0
596 597 1.0
596 621 1.0
597 598 1.0
597 621 1.0
598 599 1.0
598 622 1.0
599 600 1.0
599 622 1.0
600 601 1.0
600 623 1.0
601 602 1.0
601 623 1.0
602 603 1.0
602 624 1.0
603 604 1.0
603 624 1.0
604 605 1.0
604 625 1.0
605 606 1.0
605 625 1.0
606 607 1.0
606 626 1.0
607 608 1.0
607 626 1.0
608 609 1.0
608 627 1.0
609 610 1.0
609 627 1.0
610 611 1.0
610 628 1.0
611 612 1.0
611 628 1.0
612 613 1.0
612 629 1.0
613 614 1.0
613 629 1.0
614 585 1.0
614 615 1.0
615 630 1.0
615 631 1.0
616 632 1.0
616 633 1.0
617 634 1.0
617 635 1.0
618 636 1.0
618 637 1.0
619 638 1.0
619 639 1.0
620 640 1.0
620 641 1.0
621 642 1.0
621 643 1.0
622 644 1.0
622 645 1.0
623 646 1.0
623 647 1.0
624 648 1.0
624 649 1.0
625 650 1.0
625 651 1.0
626 652 1.0
626 653 1.0
627 654 1.0
627 655 1.0
628 656 1.0
628 657 1.0
629 658 1.0
629 659 1.0
630 631 1.0
630 660 1.0
631 632 1.0
631 661 1.0
632 633 1.0
632 661 1.0
633 634 1.0
633 662 1.0
634 635 1.0
634 662 1.0
635 636 1.0
635 663 1.0
636 637 1.0
636 663 1.0
637 638 1.0
637 664 1.0
638 639 1.0
638 664 1.0
639 640 1.0
639 665 1.0
640 641 1.0
640 665 1.0
641 642 1.0
641 666 1.0
642 643 1.0
642 666 1.0
643 644 1.0
643 667 1.0
644 645 1.0
644 667 1.0
645 646 1.0
645 668 1.0
646 647 1.0
646 668 1.0
647 648 1.0
647 669 1.0
648 649 1.0
648 669 1.0
649 650 1.0
649 670 1.0
650 651 1.0
650 670 1.0
651 652 1.0
651 671 1.0
652 653 1.0
652 671 1.0
653 654 1.0
653 672 1.0
654 655 1.0
654 672 1.0
655 656 1.0
655 673 1.0
656 657 1.0
656 673 1.0
657 658 1.0
657 674 1.0
658 659 1.0
658 674 1.0
659 630 1.0
659 660 1.0
660 0 1.0
660 1 1.0
661 2 1.0
661 3 1.0
662 4 1.0
662 5 1.0
663 6 1.0
663 7 1.0
664 8 1.0
664 9 1.0
665 10 1.0
665 11 1.0
666 12 1.0
666 13 1.0
667 14 1.0
667 15 1.0
668 16 1.0
668 17 1.0
669 18 1.0
669 19 1.0
670 20 1.0
670 21 1.0
671 22 1.0
671 23 1.0
672 24 1.0
672 25 1.0
673 26 1.0
673 27 1.0
674 28 1.0
674 29 1.0
