# Model: L 66 W 66 Kagome Graph
0 1 1.0
0 66 1.0
1 2 1.0
1 67 1.0
2 3 1.0
2 67 1.0
3 4 1.0
3 68 1.0
4 5 1.0
4 68 1.0
5 6 1.0
5 69 1.0
6 7 1.0
6 69 1.0
7 8 1.0
7 70 1.0
8 9 1.0
8 70 1.0
9 10 1.0
9 71 1.0
10 11 1.0
10 71 1.0
11 12 1.0
11 72 1.0
12 13 1.0
12 72 1.0
13 14 1.0
13 73 1.0
14 15 1.0
14 73 1.0
15 16 1.0
15 74 1.0
16 17 1.0
16 74 1.0
17 18 1.0
17 75 1.0
18 19 1.0
18 75 1.0
19 20 1.0
19 76 1.0
20 21 1.0
20 76 1.0
21 22 1.0
21 77 1.0
22 23 1.0
22 77 1.0
23 24 1.0
23 78 1.0
24 25 1.0
24 78 1.0
25 26 1.0
25 79 1.0
26 27 1.0
26 79 1.0
27 28 1.0
27 80 1.0
28 29 1.0
28 80 1.0
29 30 1.0
29 81 1.0
30 31 1.0
30 81 1.0
31 32 1.0
31 82 1.0
32 33 1.0
32 82 1.0
33 34 1.0
33 83 1.0
34 35 1.0
34 83 1.0
35 36 1.0
35 84 1.0
36 37 1.0
36 84 1.0
37 38 1.0
37 85 1.0
38 39 1.0
38 85 1.0
39 40 1.0
39 86 1.0
40 41 1.0
40 86 1.0
41 42 1.0
41 87 1.0
42 43 1.0
42 87 1.0
43 44 1.0
43 88 1.0
44 45 1.0
44 88 1.0
45 46 1.0
45 89 1.0
46 47 1.0
46 89 1.0
47 48 1.0
47 90 1.0
48 49 1.0
48 90 1.0
49 50 1.0
49 91 1.0
50 51 1.0
50 91 1.0
51 52 1.0
51 92 1.0
52 53 1.0
52 92 1.0
53 54 1.0
53 93 1.0
54 55 1.0
54 93 1.0
55 56 1.0
55 94 1.0
56 57 1.0
56 94 1.0
57 58 1.0
57 95 1.0
58 59 1.0
58 95 1.0
59 60 1.0
59 96 1.0
60 61 1.0
60 96 1.0
61 62 1.0
61 97 1.0
62 63 1.0
62 97 1.0
63 64 1.0
63 98 1.0
64 65 1.0
64 98 1.0
65 0 1.0
65 66 1.0
66 99 1.0
66 100 1.0
67 101 1.0
67 102 1.0
68 103 1.0
68 104 1.0
69 105 1.0
69 106 1.0
70 107 1.0
70 108 1.0
71 109 1.0
71 110 1.0
72 111 1.0
72 112 1.0
73 113 1.0
73 114 1.0
74 115 1.0
74 116 1.0
75 117 1.0
75 118 1.0
76 119 1.0
76 120 1.0
77 121 1.0
77 122 1.0
78 123 1.0
78 124 1.0
79 125 1.0
79 126 1.0
80 127 1.0
80 128 1.0
81 129 1.0
81 130 1.0
82 131 1.0
82 132 1.0
83 133 1.0
83 134 1.0
84 135 1.0
84 136 1.0
85 137 1.0
85 138 1.0
86 139 1.0
86 140 1.0
87 141 1.0
87 142 1.0
88 143 1.0
88 144 1.0
89 145 1.0
89 146 1.0
90 147 1.0
90 148 1.0
91 149 1.0
91 150 1.0
92 151 1.0
92 152 1.0
93 153 1.0
93 154 1.0
94 155 1.0
94 156 1.0
95 157 1.0
95 158 1.0
96 159 1.0
96 160 1.0
97 161 1.0
97 162 1.0
98 163 1.0
98 164 1.0
99 100 1.0
99 165 1.0
100 101 1.0
100 166 1.0
101 102 1.0
101 166 1.0
102 103 1.0
102 167 1.0
103 104 1.0
103 167 1.0
104 105 1.0
104 168 1.0
105 106 1.0
105 168 1.0
106 107 1.0
106 169 1.0
107 108 1.0
107 169 1.0
108 109 1.0
108 170 1.0
109 110 1.0
109 170 1.0
110 111 1.0
110 171 1.0
111 112 1.0
111 171 1.0
112 113 1.0
112 172 1.0
113 114 1.0
113 172 1.0
114 115 1.0
114 173 1.0
115 116 1.0
115 173 1.0
116 117 1.0
116 174 1.0
117 118 1.0
117 174 1.0
118 119 1.0
118 175 1.0
119 120 1.0
119 175 1.0
120 121 1.0
120 176 1.0
121 122 1.0
121 176 1.0
122 123 1.0
122 177 1.0
123 124 1.0
123 177 1.0
124 125 1.0
124 178 1.0
125 126 1.0
125 178 1.0
126 127 1.0
126 179 1.0
127 128 1.0
127 179 1.0
128 129 1.0
128 180 1.0
129 130 1.0
129 180 1.0
130 131 1.0
130 181 1.0
131 132 1.0
131 181 1.0
132 133 1.0
132 182 1.0
133 134 1.0
133 182 1.0
134 135 1.0
134 183 1.0
135 136 1.0
135 183 1.0
136 137 1.0
136 184 1.0
137 138 1.0
137 184 1.0
138 139 1.0
138 185 1.0
139 140 1.0
139 185 1.0
140 141 1.0
140 186 1.0
141 142 1.0
141 186 1.0
142 143 1.0
142 187 1.0
143 144 1.0
143 187 1.0
144 145 1.0
144 188 1.0
145 146 1.0
145 188 1.0
146 147 1.0
146 189 1.0
147 148 1.0
147 189 1.0
148 149 1.0
148 190 1.0
149 150 1.0
149 190 1.0
150 151 1.0
150 191 1.0
151 152 1.0
151 191 1.0
152 153 1.0
152 192 1.0
153 154 1.0
153 192 1.0
154 155 1.0
154 193 1.0
155 156 1.0
155 193 1.0
156 157 1.0
156 194 1.0
157 158 1.0
157 194 1.0
158 159 1.0
158 195 1.0
159 160 1.0
159 195 1.0
160 161 1.0
160 196 1.0
161 162 1.0
161 196 1.0
162 163 1.0
162 197 1.0
163 164 1.0
163 197 1.0
164 99 1.0
164 165 1.0
165 198 1.0
165 199 1.0
166 200 1.0
166 201 1.0
167 202 1.0
167 203 1.0
168 204 1.0
168 205 1.0
169 206 1.0
169 207 1.0
170 208 1.0
170 209 1.0
171 210 1.0
171 211 1.0
172 212 1.0
172 213 1.0
173 214 1.0
173 215 1.0
174 216 1.0
174 217 1.0
175 218 1.0
175 219 1.0
176 220 1.0
176 221 1.0
177 222 1.0
177 223 1.0
178 224 1.0
178 225 1.0
179 226 1.0
179 227 1.0
180 228 1.0
180 229 1.0
181 230 1.0
181 231 1.0
182 232 1.0
182 233 1.0
183 234 1.0
183 235 1.0
184 236 1.0
184 237 1.0
185 238 1.0
185 239 1.0
186 240 1.0
186 241 1.0
187 242 1.0
187 243 1.0
188 244 1.0
188 245 1.0
189 246 1.0
189 247 1.0
190 248 1.0
190 249 1.0
191 250 1.0
191 251 1.0
192 252 1.0
192 253 1.0
193 254 1.0
193 255 1.0
194 256 1.0
194 257 1.0
195 258 1.0
195 259 1.0
196 260 1.0
196 261 1.0
197 262 1.0
197 263 1.0
198 199 1.0
198 264 1.0
199 200 1.0
199 265 1.0
200 201 1.0
200 265 1.0
201 202 1.0
201 266 1.0
202 203 1.0
202 266 1.0
203 204 1.0
203 267 1.0
204 205 1.0
204 267 1.0
205 206 1.0
205 268 1.0
206 207 1.0
206 268 1.0
207 208 1.0
207 269 1.0
208 209 1.0
208 269 1.0
209 210 1.0
209 270 1.0
210 211 1.0
210 270 1.0
211 212 1.0
211 271 1.0
212 213 1.0
212 271 1.0
213 214 1.0
213 272 1.0
214 215 1.0
214 272 1.0
215 216 1.0
215 273 1.0
216 217 1.0
216 273 1.0
217 218 1.0
217 274 1.0
218 219 1.0
218 274 1.0
219 220 1.0
219 275 1.0
220 221 1.0
220 275 1.0
221 222 1.0
221 276 1.0
222 223 1.0
222 276 1.0
223 224 1.0
223 277 1.0
224 225 1.0
224 277 1.0
225 226 1.0
225 278 1.0
226 227 1.0
226 278 1.0
227 228 1.0
227 279 1.0
228 229 1.0
228 279 1.0
229 230 1.0
229 280 1.0
230 231 1.0
230 280 1.0
231 232 1.0
231 281 1.0
232 233 1.0
232 281 1.0
233 234 1.0
233 282 1.0
234 235 1.0
234 282 1.0
235 236 1.0
235 283 1.0
236 237 1.0
236 283 1.0
237 238 1.0
237 284 1.0
238 239 1.0
238 284 1.0
239 240 1.0
239 285 1.0
240 241 1.0
240 285 1.0
241 242 1.0
241 286 1.0
242 243 1.0
242 286 1.0
243 244 1.0
243 287 1.0
244 245 1.0
244 287 1.0
245 246 1.0
245 288 1.0
246 247 1.0
246 288 1.0
247 248 1.0
247 289 1.0
248 249 1.0
248 289 1.0
249 250 1.0
249 290 1.0
250 251 1.0
250 290 1.0
251 252 1.0
251 291 1.0
252 253 1.0
252 291 1.0
253 254 1.0
253 292 1.0
254 255 1.0
254 292 1.0
255 256 1.0
255 293 1.0
256 257 1.0
256 293 1.0
257 258 1.0
257 294 1.0
258 259 1.0
258 294 1.0
259 260 1.0
259 295 1.0
260 261 1.0
260 295 1.0
261 262 1.0
261 296 1.0
262 263 1.0
262 296 1.0
263 198 1.0
263 264 1.0
264 297 1.0
264 298 1.0
265 299 1.0
265 300 1.0
266 301 1.0
266 302 1.0
267 303 1.0
267 304 1.0
268 305 1.0
268 306 1.0
269 307 1.0
269 308 1.0
270 309 1.0
270 310 1.0
271 311 1.0
271 312 1.0
272 313 1.0
272 314 1.0
273 315 1.0
273 316 1.0
274 317 1.0
274 318 1.0
275 319 1.0
275 320 1.0
276 321 1.0
276 322 1.0
277 323 1.0
277 324 1.0
278 325 1.0
278 326 1.0
279 327 1.0
279 328 1.0
280 329 1.0
280 330 1.0
281 331 1.0
281 332 1.0
282 333 1.0
282 334 1.0
283 335 1.0
283 336 1.0
284 337 1.0
284 338 1.0
285 339 1.0
285 340 1.0
286 341 1.0
286 342 1.0
287 343 1.0
287 344 1.0
288 345 1.0
288 346 1.0
289 347 1.0
289 348 1.0
290 349 1.0
290 350 1.0
291 351 1.0
291 352 1.0
292 353 1.0
292 354 1.0
293 355 1.0
293 356 1.0
294 357 1.0
294 358 1.0
295 359 1.0
295 360 1.0
296 361 1.0
296 362 1.0
297 298 1.0
297 363 1.0
298 299 1.0
298 364 1.0
299 300 1.0
299 364 1.0
300 301 1.0
300 365 1.0
301 302 1.0
301 365 1.0
302 303 1.0
302 366 1.0
303 304 1.0
303 366 1.0
304 305 1.0
304 367 1.0
305 306 1.0
305 367 1.0
306 307 1.0
306 368 1.0
307 308 1.0
307 368 1.0
308 309 1.0
308 369 1.0
309 310 1.0
309 369 1.0
310 311 1.0
310 370 1.0
311 312 1.0
311 370 1.0
312 313 1.0
312 371 1.0
313 314 1.0
313 371 1.0
314 315 1.0
314 372 1.0
315 316 1.0
315 372 1.0
316 317 1.0
316 373 1.0
317 318 1.0
317 373 1.0
318 319 1.0
318 374 1.0
319 320 1.0
319 374 1.0
320 321 1.0
320 375 1.0
321 322 1.0
321 375 1.0
322 323 1.0
322 376 1.0
323 324 1.0
323 376 1.0
324 325 1.0
324 377 1.0
325 326 1.0
325 377 1.0
326 327 1.0
326 378 1.0
327 328 1.0
327 378 1.0
328 329 1.0
328 379 1.0
329 330 1.0
329 379 1.0
330 331 1.0
330 380 1.0
331 332 1.0
331 380 1.0
332 333 1.0
332 381 1.0
333 334 1.0
333 381 1.0
334 335 1.0
334 382 1.0
335 336 1.0
335 382 1.0
336 337 1.0
336 383 1.0
337 338 1.0
337 383 1.0
338 339 1.0
338 384 1.0
339 340 1.0
339 384 1.0
340 341 1.0
340 385 1.0
341 342 1.0
341 385 1.0
342 343 1.0
342 386 1.0
343 344 1.0
343 386 1.0
344 345 1.0
344 387 1.0
345 346 1.0
345 387 1.0
346 347 1.0
346 388 1.0
347 348 1.0
347 388 1.0
348 349 1.0
348 389 1.0
349 350 1.0
349 389 1.0
350 351 1.0
350 390 1.0
351 352 1.0
351 390 1.0
352 353 1.0
352 391 1.0
353 354 1.0
353 391 1.0
354 355 1.0
354 392 1.0
355 356 1.0
355 392 1.0
356 357 1.0
356 393 1.0
357 358 1.0
357 393 1.0
358 359 1.0
358 394 1.0
359 360 1.0
359 394 1.0
360 361 1.0
360 395 1.0
361 362 1.0
361 395 1.0
362 297 1.0
362 363 1.0
363 396 1.0
363 397 1.0
364 398 1.0
364 399 1.0
365 400 1.0
365 401 1.0
366 402 1.0
366 403 1.0
367 404 1.0
367 405 1.0
368 406 1.0
368 407 1.0
369 408 1.0
369 409 1.0
370 410 1.0
370 411 1.0
371 412 1.0
371 413 1.0
372 414 1.0
372 415 1.0
373 416 1.0
373 417 1.0
374 418 1.0
374 419 1.0
375 420 1.0
375 421 1.0
376 422 1.0
376 423 1.0
377 424 1.0
377 425 1.0
378 426 1.0
378 427 1.0
379 428 1.0
379 429 1.0
380 430 1.0
380 431 1.0
381 432 1.0
381 433 1.0
382 434 1.0
382 435 1.0
383 436 1.0
383 437 1.0
384 438 1.0
384 439 1.0
385 440 1.0
385 441 1.0
386 442 1.0
386 443 1.0
387 444 1.0
387 445 1.0
388 446 1.0
388 447 1.0
389 448 1.0
389 449 1.0
390 450 1.0
390 451 1.0
391 452 1.0
391 453 1.0
392 454 1.0
392 455 1.0
393 456 1.0
393 457 1.0
394 458 1.0
394 459 1.0
395 460 1.0
395 461 1.0
396 397 1.0
396 462 1.0
397 398 1.0
397 463 1.0
398 399 1.0
398 463 1.0
399 400 1.0
399 464 1.0
400 401 1.0
400 464 1.0
401 402 1.0
401 465 1.0
402 403 1.0
402 465 1.0
403 404 1.0
403 466 1.0
404 405 1.0
404 466 1.0
405 406 1.0
405 467 1.0
406 407 1.0
406 467 1.0
407 408 1.0
407 468 1.0
408 409 1.0
408 468 1.0
409 410 1.0
409 469 1.0
410 411 1.0
410 469 1.0
411 412 1.0
411 470 1.0
412 413 1.0
412 470 1.0
413 414 1.0
413 471 1.0
414 415 1.0
414 471 1.0
415 416 1.0
415 472 1.0
416 417 1.0
416 472 1.0
417 418 1.0
417 473 1.0
418 419 1.0
418 473 1.0
419 420 1.0
419 474 1.0
420 421 1.0
420 474 1.0
421 422 1.0
421 475 1.0
422 423 1.0
422 475 1.0
423 424 1.0
423 476 1.0
424 425 1.0
424 476 1.0
425 426 1.0
425 477 1.0
426 427 1.0
426 477 1.0
427 428 1.0
427 478 1.0
428 429 1.0
428 478 1.0
429 430 1.0
429 479 1.0
430 431 1.0
430 479 1.0
431 432 1.0
431 480 1.0
432 433 1.0
432 480 1.0
433 434 1.0
433 481 1.0
434 435 1.0
434 481 1.0
435 436 1.0
435 482 1.0
436 437 1.0
436 482 1.0
437 438 1.0
437 483 1.0
438 439 1.0
438 483 1.0
439 440 1.0
439 484 1.0
440 441 1.0
440 484 1.0
441 442 1.0
441 485 1.0
442 443 1.0
442 485 1.0
443 444 1.0
443 486 1.0
444 445 1.0
444 486 1.0
445 446 1.0
445 487 1.0
446 447 1.0
446 487 1.0
447 448 1.0
447 488 1.0
448 449 1.0
448 488 1.0
449 450 1.0
449 489 1.0
450 451 1.0
450 489 1.0
451 452 1.0
451 490 1.0
452 453 1.0
452 490 1.0
453 454 1.0
453 491 1.0
454 455 1.0
454 491 1.0
455 456 1.0
455 492 1.0
456 457 1.0
456 492 1.0
457 458 1.0
457 493 1.0
458 459 1.0
458 493 1.0
459 460 1.0
459 494 1.0
460 461 1.0
460 494 1.0
461 396 1.0
461 462 1.0
462 495 1.0
462 496 1.0
463 497 1.0
463 498 1.0
464 499 1.0
464 500 1.0
465 501 1.0
465 502 1.0
466 503 1.0
466 504 1.0
467 505 1.0
467 506 1.0
468 507 1.0
468 508 1.0
469 509 1.0
469 510 1.0
470 511 1.0
470 512 1.0
471 513 1.0
471 514 1.0
472 515 1.0
472 516 1.0
473 517 1.0
473 518 1.0
474 519 1.0
474 520 1.0
475 521 1.0
475 522 1.0
476 523 1.0
476 524 1.0
477 525 1.0
477 526 1.0
478 527 1.0
478 528 1.0
479 529 1.0
479 530 1.0
480 531 1.0
480 532 1.0
481 533 1.0
481 534 1.0
482 535 1.0
482 536 1.0
483 537 1.0
483 538 1.0
484 539 1.0
484 540 1.0
485 541 1.0
485 542 1.0
486 543 1.0
486 544 1.0
487 545 1.0
487 546 1.0
488 547 1.0
488 548 1.0
489 549 1.0
489 550 1.0
490 551 1.0
490 552 1.0
491 553 1.0
491 554 1.0
492 555 1.0
492 556 1.0
493 557 1.0
493 558 1.0
494 559 1.0
494 560 1.0
495 496 1.0
495 561 1.0
496 497 1.0
496 562 1.0
497 498 1.0
497 562 1.0
498 499 1.0
498 563 1.0
499 500 1.0
499 563 1.0
500 501 1.0
500 564 1.0
501 502 1.0
501 564 1.0
502 503 1.0
502 565 1.0
503 504 1.0
503 565 1.0
504 505 1.0
504 566 1.0
505 506 1.0
505 566 1.0
506 507 1.0
506 567 1.0
507 508 1.0
507 567 1.0
508 509 1.0
508 568 1.0
509 510 1.0
509 568 1.0
510 511 1.0
510 569 1.0
511 512 1.0
511 569 1.0
512 513 1.0
512 570 1.0
513 514 1.0
513 570 1.0
514 515 1.0
514 571 1.0
515 516 1.0
515 571 1.0
516 517 1.0
516 572 1.0
517 518 1.0
517 572 1.0
518 519 1.0
518 573 1.0
519 520 1.0
519 573 1.0
520 521 1.0
520 574 1.0
521 522 1.0
521 574 1.0
522 523 1.0
522 575 1.0
523 524 1.0
523 575 1.0
524 525 1.0
524 576 1.0
525 526 1.0
525 576 1.0
526 527 1.0
526 577 1.0
527 528 1.0
527 577 1.0
528 529 1.0
528 578 1.0
529 530 1.0
529 578 1.0
530 531 1.0
530 579 1.0
531 532 1.0
531 579 1.0
532 533 1.0
532 580 1.0
533 534 1.0
533 580 1.0
534 535 1.0
534 581 1.0
535 536 1.0
535 581 1.0
536 537 1.0
536 582 1.0
537 538 1.0
537 582 1.0
538 539 1.0
538 583 1.0
539 540 1.0
539 583 1.0
540 541 1.0
540 584 1.0
541 542 1.0
541 584 1.0
542 543 1.0
542 585 1.0
543 544 1.0
543 585 1.0
544 545 1.0
544 586 1.0
545 546 1.0
545 586 1.0
546 547 1.0
546 587 1.0
547 548 1.0
547 587 1.0
548 549 1.0
548 588 1.0
549 550 1.0
549 588 1.0
550 551 1.0
550 589 1.0
551 552 1.0
551 589 1.0
552 553 1.0
552 590 1.0
553 554 1.0
553 590 1.0
554 555 1.0
554 591 1.0
555 556 1.0
555 591 1.0
556 557 1.0
556 592 1.0
557 558 1.0
557 592 1.0
558 559 1.0
558 593 1.0
559 560 1.0
559 593 1.0
560 495 1.0
560 561 1.0
561 594 1.0
561 595 1.0
562 596 1.0
562 597 1.0
563 598 1.0
563 599 1.0
564 600 1.0
564 601 1.0
565 602 1.0
565 603 1.0
566 604 1.0
566 605 1.0
567 606 1.0
567 607 1.0
568 608 1.0
568 609 1.0
569 610 1.0
569 611 1.0
570 612 1.0
570 613 1.0
571 614 1.0
571 615 1.0
572 616 1.0
572 617 1.0
573 618 1.0
573 619 1.0
574 620 1.0
574 621 1.0
575 622 1.0
575 623 1.0
576 624 1.0
576 625 1.0
577 626 1.0
577 627 1.0
578 628 1.0
578 629 1.0
579 630 1.0
579 631 1.0
580 632 1.0
580 633 1.0
581 634 1.0
581 635 1.0
582 636 1.0
582 637 1.0
583 638 1.0
583 639 1.0
584 640 1.0
584 641 1.0
585 642 1.0
585 643 1.0
586 644 1.0
586 645 1.0
587 646 1.0
587 647 1.0
588 648 1.0
588 649 1.0
589 650 1.0
589 651 1.0
590 652 1.0
590 653 1.0
591 654 1.0
591 655 1.0
592 656 1.0
592 657 1.0
593 658 1.0
593 659 1.0
594 595 1.0
594 660 1.0
595 596 1.0
595 661 1.0
596 597 1.0
596 661 1.0
597 598 1.0
597 662 1.0
598 599 1.0
598 662 1.0
599 600 1.0
599 663 1.0
600 601 1.0
600 663 1.0
601 602 1.0
601 664 1.0
602 603 1.0
602 664 1.0
603 604 1.0
603 665 1.0
604 605 1.0
604 665 1.0
605 606 1.0
605 666 1.0
606 607 1.0
606 666 1.0
607 608 1.0
607 667 1.0
608 609 1.0
608 667 1.0
609 610 1.0
609 668 1.0
610 611 1.0
610 668 1.0
611 612 1.0
611 669 1.0
612 613 1.0
612 669 1.0
613 614 1.0
613 670 1.0
614 615 1.0
614 670 1.0
615 616 1.0
615 671 1.0
616 617 1.0
616 671 1.0
617 618 1.0
617 672 1.0
618 619 1.0
618 672 1.0
619 620 1.0
619 673 1.0
620 621 1.0
620 673 1.0
621 622 1.0
621 674 1.0
622 623 1.0
622 674 1.0
623 624 1.0
623 675 1.0
624 625 1.0
624 675 1.0
625 626 1.0
625 676 1.0
626 627 1.0
626 676 1.0
627 628 1.0
627 677 1.0
628 629 1.0
628 677 1.0
629 630 1.0
629 678 1.0
630 631 1.0
630 678 1.0
631 632 1.0
631 679 1.0
632 633 1.0
632 679 1.0
633 634 1.0
633 680 1.0
634 635 1.0
634 680 1.0
635 636 1.0
635 681 1.0
636 637 1.0
636 681 1.0
637 638 1.0
637 682 1.0
638 639 1.0
638 682 1.0
639 640 1.0
639 683 1.0
640 641 1.0
640 683 1.0
641 642 1.0
641 684 1.0
642 643 1.0
642 684 1.0
643 644 1.0
643 685 1.0
644 645 1.0
644 685 1.0
645 646 1.0
645 686 1.0
646 647 1.0
646 686 1.0
647 648 1.0
647 687 1.0
648 649 1.0
648 687 1.0
649 650 1.0
649 688 1.0
650 651 1.0
650 688 1.0
651 652 1.0
651 689 1.0
652 653 1.0
652 689 1.0
653 654 1.0
653 690 1.0
654 655 1.0
654 690 1.0
655 656 1.0
655 691 1.0
656 657 1.0
656 691 1.0
657 658 1.0
657 692 1.0
658 659 1.0
658 692 1.0
659 594 1.0
659 660 1.0
660 693 1.0
660 694 1.0
661 695 1.0
661 696 1.0
662 697 1.0
662 698 1.0
663 699 1.0
663 700 1.0
664 701 1.0
664 702 1.0
665 703 1.0
665 704 1.0
666 705 1.0
666 706 1.0
667 707 1.0
667 708 1.0
668 709 1.0
668 710 1.0
669 711 1.0
669 712 1.0
670 713 1.0
670 714 1.0
671 715 1.0
671 716 1.0
672 717 1.0
672 718 1.0
673 719 1.0
673 720 1.0
674 721 1.0
674 722 1.0
675 723 1.0
675 724 1.0
676 725 1.0
676 726 1.0
677 727 1.0
677 728 1.0
678 729 1.0
678 730 1.0
679 731 1.0
679 732 1.0
680 733 1.0
680 734 1.0
681 735 1.0
681 736 1.0
682 737 1.0
682 738 1.0
683 739 1.0
683 740 1.0
684 741 1.0
684 742 1.0
685 743 1.0
685 744 1.0
686 745 1.0
686 746 1.0
687 747 1.0
687 748 1.0
688 749 1.0
688 750 1.0
689 751 1.0
689 752 1.0
690 753 1.0
690 754 1.0
691 755 1.0
691 756 1.0
692 757 1.0
692 758 1.0
693 694 1.0
693 759 1.0
694 695 1.0
694 760 1.0
695 696 1.0
695 760 1.0
696 697 1.0
696 761 1.0
697 698 1.0
697 761 1.0
698 699 1.0
698 762 1.0
699 700 1.0
699 762 1.0
700 701 1.0
700 763 1.0
701 702 1.0
701 763 1.0
702 703 1.0
702 764 1.0
703 704 1.0
703 764 1.0
704 705 1.0
704 765 1.0
705 706 1.0
705 765 1.0
706 707 1.0
706 766 1.0
707 708 1.0
707 766 1.0
708 709 1.0
708 767 1.0
709 710 1.0
709 767 1.0
710 711 1.0
710 768 1.0
711 712 1.0
711 768 1.0
712 713 1.0
712 769 1.0
713 714 1.0
713 769 1.0
714 715 1.0
714 770 1.0
715 716 1.0
715 770 1.0
716 717 1.0
716 771 1.0
717 718 1.0
717 771 1.0
718 719 1.0
718 772 1.0
719 720 1.0
719 772 1.0
720 721 1.0
720 773 1.0
721 722 1.0
721 773 1.0
722 723 1.0
722 774 1.0
723 724 1.0
723 774 1.0
724 725 1.0
724 775 1.0
725 726 1.0
725 775 1.0
726 727 1.0
726 776 1.0
727 728 1.0
727 776 1.0
728 729 1.0
728 777 1.0
729 730 1.0
729 777 1.0
730 731 1.0
730 778 1.0
731 732 1.0
731 778 1.0
732 733 1.0
732 779 1.0
733 734 1.0
733 779 1.0
734 735 1.0
734 780 1.0
735 736 1.0
735 780 1.0
736 737 1.0
736 781 1.0
737 738 1.0
737 781 1.0
738 739 1.0
738 782 1.0
739 740 1.0
739 782 1.0
740 741 1.0
740 783 1.0
741 742 1.0
741 783 1.0
742 743 1.0
742 784 1.0
743 744 1.0
743 784 1.0
744 745 1.0
744 785 1.0
745 746 1.0
745 785 1.0
746 747 1.0
746 786 1.0
747 748 1.0
747 786 1.0
748 749 1.0
748 787 1.0
749 750 1.0
749 787 1.0
750 751 1.0
750 788 1.0
751 752 1.0
751 788 1.0
752 753 1.0
752 789 1.0
753 754 1.0
753 789 1.0
754 755 1.0
754 790 1.0
755 756 1.0
755 790 1.0
756 757 1.0
756 791 1.0
757 758 1.0
757 791 1.0
758 693 1.0
758 759 1.0
759 792 1.0
759 793 1.0
760 794 1.0
760 795 1.0
761 796 1.0
761 797 1.0
762 798 1.0
762 799 1.0
763 800 1.0
763 801 1.0
764 802 1.0
764 803 1.0
765 804 1.0
765 805 1.0
766 806 1.0
766 807 1.0
767 808 1.0
767 809 1.0
768 810 1.0
768 811 1.0
769 812 1.0
769 813 1.0
770 814 1.0
770 815 1.0
771 816 1.0
771 817 1.0
772 818 1.0
772 819 1.0
773 820 1.0
773 821 1.0
774 822 1.0
774 823 1.0
775 824 1.0
775 825 1.0
776 826 1.0
776 827 1.0
777 828 1.0
777 829 1.0
778 830 1.0
778 831 1.0
779 832 1.0
779 833 1.0
780 834 1.0
780 835 1.0
781 836 1.0
781 837 1.0
782 838 1.0
782 839 1.0
783 840 1.0
783 841 1.0
784 842 1.0
784 843 1.0
785 844 1.0
785 845 1.0
786 846 1.0
786 847 1.0
787 848 1.0
787 849 1.0
788 850 1.0
788 851 1.0
789 852 1.0
789 853 1.0
790 854 1.0
790 855 1.0
791 856 1.0
791 857 1.0
792 793 1.0
792 858 1.0
793 794 1.0
793 859 1.0
794 795 1.0
794 859 1.0
795 796 1.0
795 860 1.0
796 797 1.0
796 860 1.0
797 798 1.0
797 861 1.0
798 799 1.0
798 861 1.0
799 800 1.0
799 862 1.0
800 801 1.0
800 862 1.0
801 802 1.0
801 863 1.0
802 803 1.0
802 863 1.0
803 804 1.0
803 864 1.0
804 805 1.0
804 864 1.0
805 806 1.0
805 865 1.0
806 807 1.0
806 865 1.0
807 808 1.0
807 866 1.0
808 809 1.0
808 866 1.0
809 810 1.0
809 867 1.0
810 811 1.0
810 867 1.0
811 812 1.0
811 868 1.0
812 813 1.0
812 868 1.0
813 814 1.0
813 869 1.0
814 815 1.0
814 869 1.0
815 816 1.0
815 870 1.0
816 817 1.0
816 870 1.0
817 818 1.0
817 871 1.0
818 819 1.0
818 871 1.0
819 820 1.0
819 872 1.0
820 821 1.0
820 872 1.0
821 822 1.0
821 873 1.0
822 823 1.0
822 873 1.0
823 824 1.0
823 874 1.0
824 825 1.0
824 874 1.0
825 826 1.0
825 875 1.0
826 827 1.0
826 875 1.0
827 828 1.0
827 876 1.0
828 829 1.0
828 876 1.0
829 830 1.0
829 877 1.0
830 831 1.0
830 877 1.0
831 832 1.0
831 878 1.0
832 833 1.0
832 878 1.0
833 834 1.0
833 879 1.0
834 835 1.0
834 879 1.0
835 836 1.0
835 880 1.0
836 837 1.0
836 880 1.0
837 838 1.0
837 881 1.0
838 839 1.0
838 881 1.0
839 840 1.0
839 882 1.0
840 841 1.0
840 882 1.0
841 842 1.0
841 883 1.0
842 843 1.0
842 883 1.0
843 844 1.0
843 884 1.0
844 845 1.0
844 884 1.0
845 846 1.0
845 885 1.0
846 847 1.0
846 885 1.0
847 848 1.0
847 886 1.0
848 849 1.0
848 886 1.0
849 850 1.0
849 887 1.0
850 851 1.0
850 887 1.0
851 852 1.0
851 888 1.0
852 853 1.0
852 888 1.0
853 854 1.0
853 889 1.0
854 855 1.0
854 889 1.0
855 856 1.0
855 890 1.0
856 857 1.0
856 890 1.0
857 792 1.0
857 858 1.0
858 891 1.0
858 892 1.0
859 893 1.0
859 894 1.0
860 895 1.0
860 896 1.0
861 897 1.0
861 898 1.0
862 899 1.0
862 900 1.0
863 901 1.0
863 902 1.0
864 903 1.0
864 904 1.0
865 905 1.0
865 906 1.0
866 907 1.0
866 908 1.0
867 909 1.0
867 910 1.0
868 911 1.0
868 912 1.0
869 913 1.0
869 914 1.0
870 915 1.0
870 916 1.0
871 917 1.0
871 918 1.0
872 919 1.0
872 920 1.0
873 921 1.0
873 922 1.0
874 923 1.0
874 924 1.0
875 925 1.0
875 926 1.0
876 927 1.0
876 928 1.0
877 929 1.0
877 930 1.0
878 931 1.0
878 932 1.0
879 933 1.0
879 934 1.0
880 935 1.0
880 936 1.0
881 937 1.0
881 938 1.0
882 939 1.0
882 940 1.0
883 941 1.0
883 942 1.0
884 943 1.0
884 944 1.0
885 945 1.0
885 946 1.0
886 947 1.0
886 948 1.0
887 949 1.0
887 950 1.0
888 951 1.0
888 952 1.0
889 953 1.0
889 954 1.0
890 955 1.0
890 956 1.0
891 892 1.0
891 957 1.0
892 893 1.0
892 958 1.0
893 894 1.0
893 958 1.0
894 895 1.0
894 959 1.0
895 896 1.0
895 959 1.0
896 897 1.0
896 960 1.0
897 898 1.0
897 960 1.0
898 899 1.0
898 961 1.0
899 900 1.0
899 961 1.0
900 901 1.0
900 962 1.0
901 902 1.0
901 962 1.0
902 903 1.0
902 963 1.0
903 904 1.0
903 963 1.0
904 905 1.0
904 964 1.0
905 906 1.0
905 964 1.0
906 907 1.0
906 965 1.0
907 908 1.0
907 965 1.0
908 909 1.0
908 966 1.0
909 910 1.0
909 966 1.0
910 911 1.0
910 967 1.0
911 912 1.0
911 967 1.0
912 913 1.0
912 968 1.0
913 914 1.0
913 968 1.0
914 915 1.0
914 969 1.0
915 916 1.0
915 969 1.0
916 917 1.0
916 970 1.0
917 918 1.0
917 970 1.0
918 919 1.0
918 971 1.0
919 920 1.0
919 971 1.0
920 921 1.0
920 972 1.0
921 922 1.0
921 972 1.0
922 923 1.0
922 973 1.0
923 924 1.0
923 973 1.0
924 925 1.0
924 974 1.0
925 926 1.0
925 974 1.0
926 927 1.0
926 975 1.0
927 928 1.0
927 975 1.0
928 929 1.0
928 976 1.0
929 930 1.0
929 976 1.0
930 931 1.0
930 977 1.0
931 932 1.0
931 977 1.0
932 933 1.0
932 978 1.0
933 934 1.0
933 978 1.0
934 935 1.0
934 979 1.0
935 936 1.0
935 979 1.0
936 937 1.0
936 980 1.0
937 938 1.0
937 980 1.0
938 939 1.0
938 981 1.0
939 940 1.0
939 981 1.0
940 941 1.0
940 982 1.0
941 942 1.0
941 982 1.0
942 943 1.0
942 983 1.0
943 944 1.0
943 983 1.0
944 945 1.0
944 984 1.0
945 946 1.0
945 984 1.0
946 947 1.0
946 985 1.0
947 948 1.0
947 985 1.0
948 949 1.0
948 986 1.0
949 950 1.0
949 986 1.0
950 951 1.0
950 987 1.0
951 952 1.0
951 987 1.0
952 953 1.0
952 988 1.0
953 954 1.0
953 988 1.0
954 955 1.0
954 989 1.0
955 956 1.0
955 989 1.0
956 891 1.0
956 957 1.0
957 990 1.0
957 991 1.0
958 992 1.0
958 993 1.0
959 994 1.0
959 995 1.0
960 996 1.0
960 997 1.0
961 998 1.0
961 999 1.0
962 1000 1.0
962 1001 1.0
963 1002 1.0
963 1003 1.0
964 1004 1.0
964 1005 1.0
965 1006 1.0
965 1007 1.0
966 1008 1.0
966 1009 1.0
967 1010 1.0
967 1011 1.0
968 1012 1.0
968 1013 1.0
969 1014 1.0
969 1015 1.0
970 1016 1.0
970 1017 1.0
971 1018 1.0
971 1019 1.0
972 1020 1.0
972 1021 1.0
973 1022 1.0
973 1023 1.0
974 1024 1.0
974 1025 1.0
975 1026 1.0
975 1027 1.0
976 1028 1.0
976 1029 1.0
977 1030 1.0
977 1031 1.0
978 1032 1.0
978 1033 1.0
979 1034 1.0
979 1035 1.0
980 1036 1.0
980 1037 1.0
981 1038 1.0
981 1039 1.0
982 1040 1.0
982 1041 1.0
983 1042 1.0
983 1043 1.0
984 1044 1.0
984 1045 1.0
985 1046 1.0
985 1047 1.0
986 1048 1.0
986 1049 1.0
987 1050 1.0
987 1051 1.0
988 1052 1.0
988 1053 1.0
989 1054 1.0
989 1055 1.0
990 991 1.0
990 1056 1.0
991 992 1.0
991 1057 1.0
992 993 1.0
992 1057 1.0
993 994 1.0
993 1058 1.0
994 995 1.0
994 1058 1.0
995 996 1.0
995 1059 1.0
996 997 1.0
996 1059 1.0
997 998 1.0
997 1060 1.0
998 999 1.0
998 1060 1.0
999 1000 1.0
999 1061 1.0
1000 1001 1.0
1000 1061 1.0
1001 1002 1.0
1001 1062 1.0
1002 1003 1.0
1002 1062 1.0
1003 1004 1.0
1003 1063 1.0
1004 1005 1.0
1004 1063 1.0
1005 1006 1.0
1005 1064 1.0
1006 1007 1.0
1006 1064 1.0
1007 1008 1.0
1007 1065 1.0
1008 1009 1.0
1008 1065 1.0
1009 1010 1.0
1009 1066 1.0
1010 1011 1.0
1010 1066 1.0
1011 1012 1.0
1011 1067 1.0
1012 1013 1.0
1012 1067 1.0
1013 1014 1.0
1013 1068 1.0
1014 1015 1.0
1014 1068 1.0
1015 1016 1.0
1015 1069 1.0
1016 1017 1.0
1016 1069 1.0
1017 1018 1.0
1017 1070 1.0
1018 1019 1.0
1018 1070 1.0
1019 1020 1.0
1019 1071 1.0
1020 1021 1.0
1020 1071 1.0
1021 1022 1.0
1021 1072 1.0
1022 1023 1.0
1022 1072 1.0
1023 1024 1.0
1023 1073 1.0
1024 1025 1.0
1024 1073 1.0
1025 1026 1.0
1025 1074 1.0
1026 1027 1.0
1026 1074 1.0
1027 1028 1.0
1027 1075 1.0
1028 1029 1.0
1028 1075 1.0
1029 1030 1.0
1029 1076 1.0
1030 1031 1.0
1030 1076 1.0
1031 1032 1.0
1031 1077 1.0
1032 1033 1.0
1032 1077 1.0
1033 1034 1.0
1033 1078 1.0
1034 1035 1.0
1034 1078 1.0
1035 1036 1.0
1035 1079 1.0
1036 1037 1.0
1036 1079 1.0
1037 1038 1.0
1037 1080 1.0
1038 1039 1.0
1038 1080 1.0
1039 1040 1.0
1039 1081 1.0
1040 1041 1.0
1040 1081 1.0
1041 1042 1.0
1041 1082 1.0
1042 1043 1.0
1042 1082 1.0
1043 1044 1.0
1043 1083 1.0
1044 1045 1.0
1044 1083 1.0
1045 1046 1.0
1045 1084 1.0
1046 1047 1.0
1046 1084 1.0
1047 1048 1.0
1047 1085 1.0
1048 1049 1.0
1048 1085 1.0
1049 1050 1.0
1049 1086 1.0
1050 1051 1.0
1050 1086 1.0
1051 1052 1.0
1051 1087 1.0
1052 1053 1.0
1052 1087 1.0
1053 1054 1.0
1053 1088 1.0
1054 1055 1.0
1054 1088 1.0
1055 990 1.0
1055 1056 1.0
1056 1089 1.0
1056 1090 1.0
1057 1091 1.0
1057 1092 1.0
1058 1093 1.0
1058 1094 1.0
1059 1095 1.0
1059 1096 1.0
1060 1097 1.0
1060 1098 1.0
1061 1099 1.0
1061 1100 1.0
1062 1101 1.0
1062 1102 1.0
1063 1103 1.0
1063 1104 1.0
1064 1105 1.0
1064 1106 1.0
1065 1107 1.0
1065 1108 1.0
1066 1109 1.0
1066 1110 1.0
1067 1111 1.0
1067 1112 1.0
1068 1113 1.0
1068 1114 1.0
1069 1115 1.0
1069 1116 1.0
1070 1117 1.0
1070 1118 1.0
1071 1119 1.0
1071 1120 1.0
1072 1121 1.0
1072 1122 1.0
1073 1123 1.0
1073 1124 1.0
1074 1125 1.0
1074 1126 1.0
1075 1127 1.0
1075 1128 1.0
1076 1129 1.0
1076 1130 1.0
1077 1131 1.0
1077 1132 1.0
1078 1133 1.0
1078 1134 1.0
1079 1135 1.0
1079 1136 1.0
1080 1137 1.0
1080 1138 1.0
1081 1139 1.0
1081 1140 1.0
1082 1141 1.0
1082 1142 1.0
1083 1143 1.0
1083 1144 1.0
1084 1145 1.0
1084 1146 1.0
1085 1147 1.0
1085 1148 1.0
1086 1149 1.0
1086 1150 1.0
1087 1151 1.0
1087 1152 1.0
1088 1153 1.0
1088 1154 1.0
1089 1090 1.0
1089 1155 1.0
1090 1091 1.0
1090 1156 1.0
1091 1092 1.0
1091 1156 1.0
1092 1093 1.0
1092 1157 1.0
1093 1094 1.0
1093 1157 1.0
1094 1095 1.0
1094 1158 1.0
1095 1096 1.0
1095 1158 1.0
1096 1097 1.0
1096 1159 1.0
1097 1098 1.0
1097 1159 1.0
1098 1099 1.0
1098 1160 1.0
1099 1100 1.0
1099 1160 1.0
1100 1101 1.0
1100 1161 1.0
1101 1102 1.0
1101 1161 1.0
1102 1103 1.0
1102 1162 1.0
1103 1104 1.0
1103 1162 1.0
1104 1105 1.0
1104 1163 1.0
1105 1106 1.0
1105 1163 1.0
1106 1107 1.0
1106 1164 1.0
1107 1108 1.0
1107 1164 1.0
1108 1109 1.0
1108 1165 1.0
1109 1110 1.0
1109 1165 1.0
1110 1111 1.0
1110 1166 1.0
1111 1112 1.0
1111 1166 1.0
1112 1113 1.0
1112 1167 1.0
1113 1114 1.0
1113 1167 1.0
1114 1115 1.0
1114 1168 1.0
1115 1116 1.0
1115 1168 1.0
1116 1117 1.0
1116 1169 1.0
1117 1118 1.0
1117 1169 1.0
1118 1119 1.0
1118 1170 1.0
1119 1120 1.0
1119 1170 1.0
1120 1121 1.0
1120 1171 1.0
1121 1122 1.0
1121 1171 1.0
1122 1123 1.0
1122 1172 1.0
1123 1124 1.0
1123 1172 1.0
1124 1125 1.0
1124 1173 1.0
1125 1126 1.0
1125 1173 1.0
1126 1127 1.0
1126 1174 1.0
1127 1128 1.0
1127 1174 1.0
1128 1129 1.0
1128 1175 1.0
1129 1130 1.0
1129 1175 1.0
1130 1131 1.0
1130 1176 1.0
1131 1132 1.0
1131 1176 1.0
1132 1133 1.0
1132 1177 1.0
1133 1134 1.0
1133 1177 1.0
1134 1135 1.0
1134 1178 1.0
1135 1136 1.0
1135 1178 1.0
1136 1137 1.0
1136 1179 1.0
1137 1138 1.0
1137 1179 1.0
1138 1139 1.0
1138 1180 1.0
1139 1140 1.0
1139 1180 1.0
1140 1141 1.0
1140 1181 1.0
1141 1142 1.0
1141 1181 1.0
1142 1143 1.0
1142 1182 1.0
1143 1144 1.0
1143 1182 1.0
1144 1145 1.0
1144 1183 1.0
1145 1146 1.0
1145 1183 1.0
1146 1147 1.0
1146 1184 1.0
1147 1148 1.0
1147 1184 1.0
1148 1149 1.0
1148 1185 1.0
1149 1150 1.0
1149 1185 1.0
1150 1151 1.0
1150 1186 1.0
1151 1152 1.0
1151 1186 1.0
1152 1153 1.0
1152 1187 1.0
1153 1154 1.0
1153 1187 1.0
1154 1089 1.0
1154 1155 1.0
1155 1188 1.0
1155 1189 1.0
1156 1190 1.0
1156 1191 1.0
1157 1192 1.0
1157 1193 1.0
1158 1194 1.0
1158 1195 1.0
1159 1196 1.0
1159 1197 1.0
1160 1198 1.0
1160 1199 1.0
1161 1200 1.0
1161 1201 1.0
1162 1202 1.0
1162 1203 1.0
1163 1204 1.0
1163 1205 1.0
1164 1206 1.0
1164 1207 1.0
1165 1208 1.0
1165 1209 1.0
1166 1210 1.0
1166 1211 1.0
1167 1212 1.0
1167 1213 1.0
1168 1214 1.0
1168 1215 1.0
1169 1216 1.0
1169 1217 1.0
1170 1218 1.0
1170 1219 1.0
1171 1220 1.0
1171 1221 1.0
1172 1222 1.0
1172 1223 1.0
1173 1224 1.0
1173 1225 1.0
1174 1226 1.0
1174 1227 1.0
1175 1228 1.0
1175 1229 1.0
1176 1230 1.0
1176 1231 1.0
1177 1232 1.0
1177 1233 1.0
1178 1234 1.0
1178 1235 1.0
1179 1236 1.0
1179 1237 1.0
1180 1238 1.0
1180 1239 1.0
1181 1240 1.0
1181 1241 1.0
1182 1242 1.0
1182 1243 1.0
1183 1244 1.0
1183 1245 1.0
1184 1246 1.0
1184 1247 1.0
1185 1248 1.0
1185 1249 1.0
1186 1250 1.0
1186 1251 1.0
1187 1252 1.0
1187 1253 1.0
1188 1189 1.0
1188 1254 1.0
1189 1190 1.0
1189 1255 1.0
1190 1191 1.0
1190 1255 1.0
1191 1192 1.0
1191 1256 1.0
1192 1193 1.0
1192 1256 1.0
1193 1194 1.0
1193 1257 1.0
1194 1195 1.0
1194 1257 1.0
1195 1196 1.0
1195 1258 1.0
1196 1197 1.0
1196 1258 1.0
1197 1198 1.0
1197 1259 1.0
1198 1199 1.0
1198 1259 1.0
1199 1200 1.0
1199 1260 1.0
1200 1201 1.0
1200 1260 1.0
1201 1202 1.0
1201 1261 1.0
1202 1203 1.0
1202 1261 1.0
1203 1204 1.0
1203 1262 1.0
1204 1205 1.0
1204 1262 1.0
1205 1206 1.0
1205 1263 1.0
1206 1207 1.0
1206 1263 1.0
1207 1208 1.0
1207 1264 1.0
1208 1209 1.0
1208 1264 1.0
1209 1210 1.0
1209 1265 1.0
1210 1211 1.0
1210 1265 1.0
1211 1212 1.0
1211 1266 1.0
1212 1213 1.0
1212 1266 1.0
1213 1214 1.0
1213 1267 1.0
1214 1215 1.0
1214 1267 1.0
1215 1216 1.0
1215 1268 1.0
1216 1217 1.0
1216 1268 1.0
1217 1218 1.0
1217 1269 1.0
1218 1219 1.0
1218 1269 1.0
1219 1220 1.0
1219 1270 1.0
1220 1221 1.0
1220 1270 1.0
1221 1222 1.0
1221 1271 1.0
1222 1223 1.0
1222 1271 1.0
1223 1224 1.0
1223 1272 1.0
1224 1225 1.0
1224 1272 1.0
1225 1226 1.0
1225 1273 1.0
1226 1227 1.0
1226 1273 1.0
1227 1228 1.0
1227 1274 1.0
1228 1229 1.0
1228 1274 1.0
1229 1230 1.0
1229 1275 1.0
1230 1231 1.0
1230 1275 1.0
1231 1232 1.0
1231 1276 1.0
1232 1233 1.0
1232 1276 1.0
1233 1234 1.0
1233 1277 1.0
1234 1235 1.0
1234 1277 1.0
1235 1236 1.0
1235 1278 1.0
1236 1237 1.0
1236 1278 1.0
1237 1238 1.0
1237 1279 1.0
1238 1239 1.0
1238 1279 1.0
1239 1240 1.0
1239 1280 1.0
1240 1241 1.0
1240 1280 1.0
1241 1242 1.0
1241 1281 1.0
1242 1243 1.0
1242 1281 1.0
1243 1244 1.0
1243 1282 1.0
1244 1245 1.0
1244 1282 1.0
1245 1246 1.0
1245 1283 1.0
1246 1247 1.0
1246 1283 1.0
1247 1248 1.0
1247 1284 1.0
1248 1249 1.0
1248 1284 1.0
1249 1250 1.0
1249 1285 1.0
1250 1251 1.0
1250 1285 1.0
1251 1252 1.0
1251 1286 1.0
1252 1253 1.0
1252 1286 1.0
1253 1188 1.0
1253 1254 1.0
1254 1287 1.0
1254 1288 1.0
1255 1289 1.0
1255 1290 1.0
1256 1291 1.0
1256 1292 1.0
1257 1293 1.0
1257 1294 1.0
1258 1295 1.0
1258 1296 1.0
1259 1297 1.0
1259 1298 1.0
1260 1299 1.0
1260 1300 1.0
1261 1301 1.0
1261 1302 1.0
1262 1303 1.0
1262 1304 1.0
1263 1305 1.0
1263 1306 1.0
1264 1307 1.0
1264 1308 1.0
1265 1309 1.0
1265 1310 1.0
1266 1311 1.0
1266 1312 1.0
1267 1313 1.0
1267 1314 1.0
1268 1315 1.0
1268 1316 1.0
1269 1317 1.0
1269 1318 1.0
1270 1319 1.0
1270 1320 1.0
1271 1321 1.0
1271 1322 1.0
1272 1323 1.0
1272 1324 1.0
1273 1325 1.0
1273 1326 1.0
1274 1327 1.0
1274 1328 1.0
1275 1329 1.0
1275 1330 1.0
1276 1331 1.0
1276 1332 1.0
1277 1333 1.0
1277 1334 1.0
1278 1335 1.0
1278 1336 1.0
1279 1337 1.0
1279 1338 1.0
1280 1339 1.0
1280 1340 1.0
1281 1341 1.0
1281 1342 1.0
1282 1343 1.0
1282 1344 1.0
1283 1345 1.0
1283 1346 1.0
1284 1347 1.0
1284 1348 1.0
1285 1349 1.0
1285 1350 1.0
1286 1351 1.0
1286 1352 1.0
1287 1288 1.0
1287 1353 1.0
1288 1289 1.0
1288 1354 1.0
1289 1290 1.0
1289 1354 1.0
1290 1291 1.0
1290 1355 1.0
1291 1292 1.0
1291 1355 1.0
1292 1293 1.0
1292 1356 1.0
1293 1294 1.0
1293 1356 1.0
1294 1295 1.0
1294 1357 1.0
1295 1296 1.0
1295 1357 1.0
1296 1297 1.0
1296 1358 1.0
1297 1298 1.0
1297 1358 1.0
1298 1299 1.0
1298 1359 1.0
1299 1300 1.0
1299 1359 1.0
1300 1301 1.0
1300 1360 1.0
1301 1302 1.0
1301 1360 1.0
1302 1303 1.0
1302 1361 1.0
1303 1304 1.0
1303 1361 1.0
1304 1305 1.0
1304 1362 1.0
1305 1306 1.0
1305 1362 1.0
1306 1307 1.0
1306 1363 1.0
1307 1308 1.0
1307 1363 1.0
1308 1309 1.0
1308 1364 1.0
1309 1310 1.0
1309 1364 1.0
1310 1311 1.0
1310 1365 1.0
1311 1312 1.0
1311 1365 1.0
1312 1313 1.0
1312 1366 1.0
1313 1314 1.0
1313 1366 1.0
1314 1315 1.0
1314 1367 1.0
1315 1316 1.0
1315 1367 1.0
1316 1317 1.0
1316 1368 1.0
1317 1318 1.0
1317 1368 1.0
1318 1319 1.0
1318 1369 1.0
1319 1320 1.0
1319 1369 1.0
1320 1321 1.0
1320 1370 1.0
1321 1322 1.0
1321 1370 1.0
1322 1323 1.0
1322 1371 1.0
1323 1324 1.0
1323 1371 1.0
1324 1325 1.0
1324 1372 1.0
1325 1326 1.0
1325 1372 1.0
1326 1327 1.0
1326 1373 1.0
1327 1328 1.0
1327 1373 1.0
1328 1329 1.0
1328 1374 1.0
1329 1330 1.0
1329 1374 1.0
1330 1331 1.0
1330 1375 1.0
1331 1332 1.0
1331 1375 1.0
1332 1333 1.0
1332 1376 1.0
1333 1334 1.0
1333 1376 1.0
1334 1335 1.0
1334 1377 1.0
1335 1336 1.0
1335 1377 1.0
1336 1337 1.0
1336 1378 1.0
1337 1338 1.0
1337 1378 1.0
1338 1339 1.0
1338 1379 1.0
1339 1340 1.0
1339 1379 1.0
1340 1341 1.0
1340 1380 1.0
1341 1342 1.0
1341 1380 1.0
1342 1343 1.0
1342 1381 1.0
1343 1344 1.0
1343 1381 1.0
1344 1345 1.0
1344 1382 1.0
1345 1346 1.0
1345 1382 1.0
1346 1347 1.0
1346 1383 1.0
1347 1348 1.0
1347 1383 1.0
1348 1349 1.0
1348 1384 1.0
1349 1350 1.0
1349 1384 1.0
1350 1351 1.0
1350 1385 1.0
1351 1352 1.0
1351 1385 1.0
1352 1287 1.0
1352 1353 1.0
1353 1386 1.0
1353 1387 1.0
1354 1388 1.0
1354 1389 1.0
1355 1390 1.0
1355 1391 1.0
1356 1392 1.0
1356 1393 1.0
1357 1394 1.0
1357 1395 1.0
1358 1396 1.0
1358 1397 1.0
1359 1398 1.0
1359 1399 1.0
1360 1400 1.0
1360 1401 1.0
1361 1402 1.0
1361 1403 1.0
1362 1404 1.0
1362 1405 1.0
1363 1406 1.0
1363 1407 1.0
1364 1408 1.0
1364 1409 1.0
1365 1410 1.0
1365 1411 1.0
1366 1412 1.0
1366 1413 1.0
1367 1414 1.0
1367 1415 1.0
1368 1416 1.0
1368 1417 1.0
1369 1418 1.0
1369 1419 1.0
1370 1420 1.0
1370 1421 1.0
1371 1422 1.0
1371 1423 1.0
1372 1424 1.0
1372 1425 1.0
1373 1426 1.0
1373 1427 1.0
1374 1428 1.0
1374 1429 1.0
1375 1430 1.0
1375 1431 1.0
1376 1432 1.0
1376 1433 1.0
1377 1434 1.0
1377 1435 1.0
1378 1436 1.0
1378 1437 1.0
1379 1438 1.0
1379 1439 1.0
1380 1440 1.0
1380 1441 1.0
1381 1442 1.0
1381 1443 1.0
1382 1444 1.0
1382 1445 1.0
1383 1446 1.0
1383 1447 1.0
1384 1448 1.0
1384 1449 1.0
1385 1450 1.0
1385 1451 1.0
1386 1387 1.0
1386 1452 1.0
1387 1388 1.0
1387 1453 1.0
1388 1389 1.0
1388 1453 1.0
1389 1390 1.0
1389 1454 1.0
1390 1391 1.0
1390 1454 1.0
1391 1392 1.0
1391 1455 1.0
1392 1393 1.0
1392 1455 1.0
1393 1394 1.0
1393 1456 1.0
1394 1395 1.0
1394 1456 1.0
1395 1396 1.0
1395 1457 1.0
1396 1397 1.0
1396 1457 1.0
1397 1398 1.0
1397 1458 1.0
1398 1399 1.0
1398 1458 1.0
1399 1400 1.0
1399 1459 1.0
1400 1401 1.0
1400 1459 1.0
1401 1402 1.0
1401 1460 1.0
1402 1403 1.0
1402 1460 1.0
1403 1404 1.0
1403 1461 1.0
1404 1405 1.0
1404 1461 1.0
1405 1406 1.0
1405 1462 1.0
1406 1407 1.0
1406 1462 1.0
1407 1408 1.0
1407 1463 1.0
1408 1409 1.0
1408 1463 1.0
1409 1410 1.0
1409 1464 1.0
1410 1411 1.0
1410 1464 1.0
1411 1412 1.0
1411 1465 1.0
1412 1413 1.0
1412 1465 1.0
1413 1414 1.0
1413 1466 1.0
1414 1415 1.0
1414 1466 1.0
1415 1416 1.0
1415 1467 1.0
1416 1417 1.0
1416 1467 1.0
1417 1418 1.0
1417 1468 1.0
1418 1419 1.0
1418 1468 1.0
1419 1420 1.0
1419 1469 1.0
1420 1421 1.0
1420 1469 1.0
1421 1422 1.0
1421 1470 1.0
1422 1423 1.0
1422 1470 1.0
1423 1424 1.0
1423 1471 1.0
1424 1425 1.0
1424 1471 1.0
1425 1426 1.0
1425 1472 1.0
1426 1427 1.0
1426 1472 1.0
1427 1428 1.0
1427 1473 1.0
1428 1429 1.0
1428 1473 1.0
1429 1430 1.0
1429 1474 1.0
1430 1431 1.0
1430 1474 1.0
1431 1432 1.0
1431 1475 1.0
1432 1433 1.0
1432 1475 1.0
1433 1434 1.0
1433 1476 1.0
1434 1435 1.0
1434 1476 1.0
1435 1436 1.0
1435 1477 1.0
1436 1437 1.0
1436 1477 1.0
1437 1438 1.0
1437 1478 1.0
1438 1439 1.0
1438 1478 1.0
1439 1440 1.0
1439 1479 1.0
1440 1441 1.0
1440 1479 1.0
1441 1442 1.0
1441 1480 1.0
1442 1443 1.0
1442 1480 1.0
1443 1444 1.0
1443 1481 1.0
1444 1445 1.0
1444 1481 1.0
1445 1446 1.0
1445 1482 1.0
1446 1447 1.0
1446 1482 1.0
1447 1448 1.0
1447 1483 1.0
1448 1449 1.0
1448 1483 1.0
1449 1450 1.0
1449 1484 1.0
1450 1451 1.0
1450 1484 1.0
1451 1386 1.0
1451 1452 1.0
1452 1485 1.0
1452 1486 1.0
1453 1487 1.0
1453 1488 1.0
1454 1489 1.0
1454 1490 1.0
1455 1491 1.0
1455 1492 1.0
1456 1493 1.0
1456 1494 1.0
1457 1495 1.0
1457 1496 1.0
1458 1497 1.0
1458 1498 1.0
1459 1499 1.0
1459 1500 1.0
1460 1501 1.0
1460 1502 1.0
1461 1503 1.0
1461 1504 1.0
1462 1505 1.0
1462 1506 1.0
1463 1507 1.0
1463 1508 1.0
1464 1509 1.0
1464 1510 1.0
1465 1511 1.0
1465 1512 1.0
1466 1513 1.0
1466 1514 1.0
1467 1515 1.0
1467 1516 1.0
1468 1517 1.0
1468 1518 1.0
1469 1519 1.0
1469 1520 1.0
1470 1521 1.0
1470 1522 1.0
1471 1523 1.0
1471 1524 1.0
1472 1525 1.0
1472 1526 1.0
1473 1527 1.0
1473 1528 1.0
1474 1529 1.0
1474 1530 1.0
1475 1531 1.0
1475 1532 1.0
1476 1533 1.0
1476 1534 1.0
1477 1535 1.0
1477 1536 1.0
1478 1537 1.0
1478 1538 1.0
1479 1539 1.0
1479 1540 1.0
1480 1541 1.0
1480 1542 1.0
1481 1543 1.0
1481 1544 1.0
1482 1545 1.0
1482 1546 1.0
1483 1547 1.0
1483 1548 1.0
1484 1549 1.0
1484 1550 1.0
1485 1486 1.0
1485 1551 1.0
1486 1487 1.0
1486 1552 1.0
1487 1488 1.0
1487 1552 1.0
1488 1489 1.0
1488 1553 1.0
1489 1490 1.0
1489 1553 1.0
1490 1491 1.0
1490 1554 1.0
1491 1492 1.0
1491 1554 1.0
1492 1493 1.0
1492 1555 1.0
1493 1494 1.0
1493 1555 1.0
1494 1495 1.0
1494 1556 1.0
1495 1496 1.0
1495 1556 1.0
1496 1497 1.0
1496 1557 1.0
1497 1498 1.0
1497 1557 1.0
1498 1499 1.0
1498 1558 1.0
1499 1500 1.0
1499 1558 1.0
1500 1501 1.0
1500 1559 1.0
1501 1502 1.0
1501 1559 1.0
1502 1503 1.0
1502 1560 1.0
1503 1504 1.0
1503 1560 1.0
1504 1505 1.0
1504 1561 1.0
1505 1506 1.0
1505 1561 1.0
1506 1507 1.0
1506 1562 1.0
1507 1508 1.0
1507 1562 1.0
1508 1509 1.0
1508 1563 1.0
1509 1510 1.0
1509 1563 1.0
1510 1511 1.0
1510 1564 1.0
1511 1512 1.0
1511 1564 1.0
1512 1513 1.0
1512 1565 1.0
1513 1514 1.0
1513 1565 1.0
1514 1515 1.0
1514 1566 1.0
1515 1516 1.0
1515 1566 1.0
1516 1517 1.0
1516 1567 1.0
1517 1518 1.0
1517 1567 1.0
1518 1519 1.0
1518 1568 1.0
1519 1520 1.0
1519 1568 1.0
1520 1521 1.0
1520 1569 1.0
1521 1522 1.0
1521 1569 1.0
1522 1523 1.0
1522 1570 1.0
1523 1524 1.0
1523 1570 1.0
1524 1525 1.0
1524 1571 1.0
1525 1526 1.0
1525 1571 1.0
1526 1527 1.0
1526 1572 1.0
1527 1528 1.0
1527 1572 1.0
1528 1529 1.0
1528 1573 1.0
1529 1530 1.0
1529 1573 1.0
1530 1531 1.0
1530 1574 1.0
1531 1532 1.0
1531 1574 1.0
1532 1533 1.0
1532 1575 1.0
1533 1534 1.0
1533 1575 1.0
1534 1535 1.0
1534 1576 1.0
1535 1536 1.0
1535 1576 1.0
1536 1537 1.0
1536 1577 1.0
1537 1538 1.0
1537 1577 1.0
1538 1539 1.0
1538 1578 1.0
1539 1540 1.0
1539 1578 1.0
1540 1541 1.0
1540 1579 1.0
1541 1542 1.0
1541 1579 1.0
1542 1543 1.0
1542 1580 1.0
1543 1544 1.0
1543 1580 1.0
1544 1545 1.0
1544 1581 1.0
1545 1546 1.0
1545 1581 1.0
1546 1547 1.0
1546 1582 1.0
1547 1548 1.0
1547 1582 1.0
1548 1549 1.0
1548 1583 1.0
1549 1550 1.0
1549 1583 1.0
1550 1485 1.0
1550 1551 1.0
1551 1584 1.0
1551 1585 1.0
1552 1586 1.0
1552 1587 1.0
1553 1588 1.0
1553 1589 1.0
1554 1590 1.0
1554 1591 1.0
1555 1592 1.0
1555 1593 1.0
1556 1594 1.0
1556 1595 1.0
1557 1596 1.0
1557 1597 1.0
1558 1598 1.0
1558 1599 1.0
1559 1600 1.0
1559 1601 1.0
1560 1602 1.0
1560 1603 1.0
1561 1604 1.0
1561 1605 1.0
1562 1606 1.0
1562 1607 1.0
1563 1608 1.0
1563 1609 1.0
1564 1610 1.0
1564 1611 1.0
1565 1612 1.0
1565 1613 1.0
1566 1614 1.0
1566 1615 1.0
1567 1616 1.0
1567 1617 1.0
1568 1618 1.0
1568 1619 1.0
1569 1620 1.0
1569 1621 1.0
1570 1622 1.0
1570 1623 1.0
1571 1624 1.0
1571 1625 1.0
1572 1626 1.0
1572 1627 1.0
1573 1628 1.0
1573 1629 1.0
1574 1630 1.0
1574 1631 1.0
1575 1632 1.0
1575 1633 1.0
1576 1634 1.0
1576 1635 1.0
1577 1636 1.0
1577 1637 1.0
1578 1638 1.0
1578 1639 1.0
1579 1640 1.0
1579 1641 1.0
1580 1642 1.0
1580 1643 1.0
1581 1644 1.0
1581 1645 1.0
1582 1646 1.0
1582 1647 1.0
1583 1648 1.0
1583 1649 1.0
1584 1585 1.0
1584 1650 1.0
1585 1586 1.0
1585 1651 1.0
1586 1587 1.0
1586 1651 1.0
1587 1588 1.0
1587 1652 1.0
1588 1589 1.0
1588 1652 1.0
1589 1590 1.0
1589 1653 1.0
1590 1591 1.0
1590 1653 1.0
1591 1592 1.0
1591 1654 1.0
1592 1593 1.0
1592 1654 1.0
1593 1594 1.0
1593 1655 1.0
1594 1595 1.0
1594 1655 1.0
1595 1596 1.0
1595 1656 1.0
1596 1597 1.0
1596 1656 1.0
1597 1598 1.0
1597 1657 1.0
1598 1599 1.0
1598 1657 1.0
1599 1600 1.0
1599 1658 1.0
1600 1601 1.0
1600 1658 1.0
1601 1602 1.0
1601 1659 1.0
1602 1603 1.0
1602 1659 1.0
1603 1604 1.0
1603 1660 1.0
1604 1605 1.0
1604 1660 1.0
1605 1606 1.0
1605 1661 1.0
1606 1607 1.0
1606 1661 1.0
1607 1608 1.0
1607 1662 1.0
1608 1609 1.0
1608 1662 1.0
1609 1610 1.0
1609 1663 1.0
1610 1611 1.0
1610 1663 1.0
1611 1612 1.0
1611 1664 1.0
1612 1613 1.0
1612 1664 1.0
1613 1614 1.0
1613 1665 1.0
1614 1615 1.0
1614 1665 1.0
1615 1616 1.0
1615 1666 1.0
1616 1617 1.0
1616 1666 1.0
1617 1618 1.0
1617 1667 1.0
1618 1619 1.0
1618 1667 1.0
1619 1620 1.0
1619 1668 1.0
1620 1621 1.0
1620 1668 1.0
1621 1622 1.0
1621 1669 1.0
1622 1623 1.0
1622 1669 1.0
1623 1624 1.0
1623 1670 1.0
1624 1625 1.0
1624 1670 1.0
1625 1626 1.0
1625 1671 1.0
1626 1627 1.0
1626 1671 1.0
1627 1628 1.0
1627 1672 1.0
1628 1629 1.0
1628 1672 1.0
1629 1630 1.0
1629 1673 1.0
1630 1631 1.0
1630 1673 1.0
1631 1632 1.0
1631 1674 1.0
1632 1633 1.0
1632 1674 1.0
1633 1634 1.0
1633 1675 1.0
1634 1635 1.0
1634 1675 1.0
1635 1636 1.0
1635 1676 1.0
1636 1637 1.0
1636 1676 1.0
1637 1638 1.0
1637 1677 1.0
1638 1639 1.0
1638 1677 1.0
1639 1640 1.0
1639 1678 1.0
1640 1641 1.0
1640 1678 1.0
1641 1642 1.0
1641 1679 1.0
1642 1643 1.0
1642 1679 1.0
1643 1644 1.0
1643 1680 1.0
1644 1645 1.0
1644 1680 1.0
1645 1646 1.0
1645 1681 1.0
1646 1647 1.0
1646 1681 1.0
1647 1648 1.0
1647 1682 1.0
1648 1649 1.0
1648 1682 1.0
1649 1584 1.0
1649 1650 1.0
1650 1683 1.0
1650 1684 1.0
1651 1685 1.0
1651 1686 1.0
1652 1687 1.0
1652 1688 1.0
1653 1689 1.0
1653 1690 1.0
1654 1691 1.0
1654 1692 1.0
1655 1693 1.0
1655 1694 1.0
1656 1695 1.0
1656 1696 1.0
1657 1697 1.0
1657 1698 1.0
1658 1699 1.0
1658 1700 1.0
1659 1701 1.0
1659 1702 1.0
1660 1703 1.0
1660 1704 1.0
1661 1705 1.0
1661 1706 1.0
1662 1707 1.0
1662 1708 1.0
1663 1709 1.0
1663 1710 1.0
1664 1711 1.0
1664 1712 1.0
1665 1713 1.0
1665 1714 1.0
1666 1715 1.0
1666 1716 1.0
1667 1717 1.0
1667 1718 1.0
1668 1719 1.0
1668 1720 1.0
1669 1721 1.0
1669 1722 1.0
1670 1723 1.0
1670 1724 1.0
1671 1725 1.0
1671 1726 1.0
1672 1727 1.0
1672 1728 1.0
1673 1729 1.0
1673 1730 1.0
1674 1731 1.0
1674 1732 1.0
1675 1733 1.0
1675 1734 1.0
1676 1735 1.0
1676 1736 1.0
1677 1737 1.0
1677 1738 1.0
1678 1739 1.0
1678 1740 1.0
1679 1741 1.0
1679 1742 1.0
1680 1743 1.0
1680 1744 1.0
1681 1745 1.0
1681 1746 1.0
1682 1747 1.0
1682 1748 1.0
1683 1684 1.0
1683 1749 1.0
1684 1685 1.0
1684 1750 1.0
1685 1686 1.0
1685 1750 1.0
1686 1687 1.0
1686 1751 1.0
1687 1688 1.0
1687 1751 1.0
1688 1689 1.0
1688 1752 1.0
1689 1690 1.0
1689 1752 1.0
1690 1691 1.0
1690 1753 1.0
1691 1692 1.0
1691 1753 1.0
1692 1693 1.0
1692 1754 1.0
1693 1694 1.0
1693 1754 1.0
1694 1695 1.0
1694 1755 1.0
1695 1696 1.0
1695 1755 1.0
1696 1697 1.0
1696 1756 1.0
1697 1698 1.0
1697 1756 1.0
1698 1699 1.0
1698 1757 1.0
1699 1700 1.0
1699 1757 1.0
1700 1701 1.0
1700 1758 1.0
1701 1702 1.0
1701 1758 1.0
1702 1703 1.0
1702 1759 1.0
1703 1704 1.0
1703 1759 1.0
1704 1705 1.0
1704 1760 1.0
1705 1706 1.0
1705 1760 1.0
1706 1707 1.0
1706 1761 1.0
1707 1708 1.0
1707 1761 1.0
1708 1709 1.0
1708 1762 1.0
1709 1710 1.0
1709 1762 1.0
1710 1711 1.0
1710 1763 1.0
1711 1712 1.0
1711 1763 1.0
1712 1713 1.0
1712 1764 1.0
1713 1714 1.0
1713 1764 1.0
1714 1715 1.0
1714 1765 1.0
1715 1716 1.0
1715 1765 1.0
1716 1717 1.0
1716 1766 1.0
1717 1718 1.0
1717 1766 1.0
1718 1719 1.0
1718 1767 1.0
1719 1720 1.0
1719 1767 1.0
1720 1721 1.0
1720 1768 1.0
1721 1722 1.0
1721 1768 1.0
1722 1723 1.0
1722 1769 1.0
1723 1724 1.0
1723 1769 1.0
1724 1725 1.0
1724 1770 1.0
1725 1726 1.0
1725 1770 1.0
1726 1727 1.0
1726 1771 1.0
1727 1728 1.0
1727 1771 1.0
1728 1729 1.0
1728 1772 1.0
1729 1730 1.0
1729 1772 1.0
1730 1731 1.0
1730 1773 1.0
1731 1732 1.0
1731 1773 1.0
1732 1733 1.0
1732 1774 1.0
1733 1734 1.0
1733 1774 1.0
1734 1735 1.0
1734 1775 1.0
1735 1736 1.0
1735 1775 1.0
1736 1737 1.0
1736 1776 1.0
1737 1738 1.0
1737 1776 1.0
1738 1739 1.0
1738 1777 1.0
1739 1740 1.0
1739 1777 1.0
1740 1741 1.0
1740 1778 1.0
1741 1742 1.0
1741 1778 1.0
1742 1743 1.0
1742 1779 1.0
1743 1744 1.0
1743 1779 1.0
1744 1745 1.0
1744 1780 1.0
1745 1746 1.0
1745 1780 1.0
1746 1747 1.0
1746 1781 1.0
1747 1748 1.0
1747 1781 1.0
1748 1683 1.0
1748 1749 1.0
1749 1782 1.0
1749 1783 1.0
1750 1784 1.0
1750 1785 1.0
1751 1786 1.0
1751 1787 1.0
1752 1788 1.0
1752 1789 1.0
1753 1790 1.0
1753 1791 1.0
1754 1792 1.0
1754 1793 1.0
1755 1794 1.0
1755 1795 1.0
1756 1796 1.0
1756 1797 1.0
1757 1798 1.0
1757 1799 1.0
1758 1800 1.0
1758 1801 1.0
1759 1802 1.0
1759 1803 1.0
1760 1804 1.0
1760 1805 1.0
1761 1806 1.0
1761 1807 1.0
1762 1808 1.0
1762 1809 1.0
1763 1810 1.0
1763 1811 1.0
1764 1812 1.0
1764 1813 1.0
1765 1814 1.0
1765 1815 1.0
1766 1816 1.0
1766 1817 1.0
1767 1818 1.0
1767 1819 1.0
1768 1820 1.0
1768 1821 1.0
1769 1822 1.0
1769 1823 1.0
1770 1824 1.0
1770 1825 1.0
1771 1826 1.0
1771 1827 1.0
1772 1828 1.0
1772 1829 1.0
1773 1830 1.0
1773 1831 1.0
1774 1832 1.0
1774 1833 1.0
1775 1834 1.0
1775 1835 1.0
1776 1836 1.0
1776 1837 1.0
1777 1838 1.0
1777 1839 1.0
1778 1840 1.0
1778 1841 1.0
1779 1842 1.0
1779 1843 1.0
1780 1844 1.0
1780 1845 1.0
1781 1846 1.0
1781 1847 1.0
1782 1783 1.0
1782 1848 1.0
1783 1784 1.0
1783 1849 1.0
1784 1785 1.0
1784 1849 1.0
1785 1786 1.0
1785 1850 1.0
1786 1787 1.0
1786 1850 1.0
1787 1788 1.0
1787 1851 1.0
1788 1789 1.0
1788 1851 1.0
1789 1790 1.0
1789 1852 1.0
1790 1791 1.0
1790 1852 1.0
1791 1792 1.0
1791 1853 1.0
1792 1793 1.0
1792 1853 1.0
1793 1794 1.0
1793 1854 1.0
1794 1795 1.0
1794 1854 1.0
1795 1796 1.0
1795 1855 1.0
1796 1797 1.0
1796 1855 1.0
1797 1798 1.0
1797 1856 1.0
1798 1799 1.0
1798 1856 1.0
1799 1800 1.0
1799 1857 1.0
1800 1801 1.0
1800 1857 1.0
1801 1802 1.0
1801 1858 1.0
1802 1803 1.0
1802 1858 1.0
1803 1804 1.0
1803 1859 1.0
1804 1805 1.0
1804 1859 1.0
1805 1806 1.0
1805 1860 1.0
1806 1807 1.0
1806 1860 1.0
1807 1808 1.0
1807 1861 1.0
1808 1809 1.0
1808 1861 1.0
1809 1810 1.0
1809 1862 1.0
1810 1811 1.0
1810 1862 1.0
1811 1812 1.0
1811 1863 1.0
1812 1813 1.0
1812 1863 1.0
1813 1814 1.0
1813 1864 1.0
1814 1815 1.0
1814 1864 1.0
1815 1816 1.0
1815 1865 1.0
1816 1817 1.0
1816 1865 1.0
1817 1818 1.0
1817 1866 1.0
1818 1819 1.0
1818 1866 1.0
1819 1820 1.0
1819 1867 1.0
1820 1821 1.0
1820 1867 1.0
1821 1822 1.0
1821 1868 1.0
1822 1823 1.0
1822 1868 1.0
1823 1824 1.0
1823 1869 1.0
1824 1825 1.0
1824 1869 1.0
1825 1826 1.0
1825 1870 1.0
1826 1827 1.0
1826 1870 1.0
1827 1828 1.0
1827 1871 1.0
1828 1829 1.0
1828 1871 1.0
1829 1830 1.0
1829 1872 1.0
1830 1831 1.0
1830 1872 1.0
1831 1832 1.0
1831 1873 1.0
1832 1833 1.0
1832 1873 1.0
1833 1834 1.0
1833 1874 1.0
1834 1835 1.0
1834 1874 1.0
1835 1836 1.0
1835 1875 1.0
1836 1837 1.0
1836 1875 1.0
1837 1838 1.0
1837 1876 1.0
1838 1839 1.0
1838 1876 1.0
1839 1840 1.0
1839 1877 1.0
1840 1841 1.0
1840 1877 1.0
1841 1842 1.0
1841 1878 1.0
1842 1843 1.0
1842 1878 1.0
1843 1844 1.0
1843 1879 1.0
1844 1845 1.0
1844 1879 1.0
1845 1846 1.0
1845 1880 1.0
1846 1847 1.0
1846 1880 1.0
1847 1782 1.0
1847 1848 1.0
1848 1881 1.0
1848 1882 1.0
1849 1883 1.0
1849 1884 1.0
1850 1885 1.0
1850 1886 1.0
1851 1887 1.0
1851 1888 1.0
1852 1889 1.0
1852 1890 1.0
1853 1891 1.0
1853 1892 1.0
1854 1893 1.0
1854 1894 1.0
1855 1895 1.0
1855 1896 1.0
1856 1897 1.0
1856 1898 1.0
1857 1899 1.0
1857 1900 1.0
1858 1901 1.0
1858 1902 1.0
1859 1903 1.0
1859 1904 1.0
1860 1905 1.0
1860 1906 1.0
1861 1907 1.0
1861 1908 1.0
1862 1909 1.0
1862 1910 1.0
1863 1911 1.0
1863 1912 1.0
1864 1913 1.0
1864 1914 1.0
1865 1915 1.0
1865 1916 1.0
1866 1917 1.0
1866 1918 1.0
1867 1919 1.0
1867 1920 1.0
1868 1921 1.0
1868 1922 1.0
1869 1923 1.0
1869 1924 1.0
1870 1925 1.0
1870 1926 1.0
1871 1927 1.0
1871 1928 1.0
1872 1929 1.0
1872 1930 1.0
1873 1931 1.0
1873 1932 1.0
1874 1933 1.0
1874 1934 1.0
1875 1935 1.0
1875 1936 1.0
1876 1937 1.0
1876 1938 1.0
1877 1939 1.0
1877 1940 1.0
1878 1941 1.0
1878 1942 1.0
1879 1943 1.0
1879 1944 1.0
1880 1945 1.0
1880 1946 1.0
1881 1882 1.0
1881 1947 1.0
1882 1883 1.0
1882 1948 1.0
1883 1884 1.0
1883 1948 1.0
1884 1885 1.0
1884 1949 1.0
1885 1886 1.0
1885 1949 1.0
1886 1887 1.0
1886 1950 1.0
1887 1888 1.0
1887 1950 1.0
1888 1889 1.0
1888 1951 1.0
1889 1890 1.0
1889 1951 1.0
1890 1891 1.0
1890 1952 1.0
1891 1892 1.0
1891 1952 1.0
1892 1893 1.0
1892 1953 1.0
1893 1894 1.0
1893 1953 1.0
1894 1895 1.0
1894 1954 1.0
1895 1896 1.0
1895 1954 1.0
1896 1897 1.0
1896 1955 1.0
1897 1898 1.0
1897 1955 1.0
1898 1899 1.0
1898 1956 1.0
1899 1900 1.0
1899 1956 1.0
1900 1901 1.0
1900 1957 1.0
1901 1902 1.0
1901 1957 1.0
1902 1903 1.0
1902 1958 1.0
1903 1904 1.0
1903 1958 1.0
1904 1905 1.0
1904 1959 1.0
1905 1906 1.0
1905 1959 1.0
1906 1907 1.0
1906 1960 1.0
1907 1908 1.0
1907 1960 1.0
1908 1909 1.0
1908 1961 1.0
1909 1910 1.0
1909 1961 1.0
1910 1911 1.0
1910 1962 1.0
1911 1912 1.0
1911 1962 1.0
1912 1913 1.0
1912 1963 1.0
1913 1914 1.0
1913 1963 1.0
1914 1915 1.0
1914 1964 1.0
1915 1916 1.0
1915 1964 1.0
1916 1917 1.0
1916 1965 1.0
1917 1918 1.0
1917 1965 1.0
1918 1919 1.0
1918 1966 1.0
1919 1920 1.0
1919 1966 1.0
1920 1921 1.0
1920 1967 1.0
1921 1922 1.0
1921 1967 1.0
1922 1923 1.0
1922 1968 1.0
1923 1924 1.0
1923 1968 1.0
1924 1925 1.0
1924 1969 1.0
1925 1926 1.0
1925 1969 1.0
1926 1927 1.0
1926 1970 1.0
1927 1928 1.0
1927 1970 1.0
1928 1929 1.0
1928 1971 1.0
1929 1930 1.0
1929 1971 1.0
1930 1931 1.0
1930 1972 1.0
1931 1932 1.0
1931 1972 1.0
1932 1933 1.0
1932 1973 1.0
1933 1934 1.0
1933 1973 1.0
1934 1935 1.0
1934 1974 1.0
1935 1936 1.0
1935 1974 1.0
1936 1937 1.0
1936 1975 1.0
1937 1938 1.0
1937 1975 1.0
1938 1939 1.0
1938 1976 1.0
1939 1940 1.0
1939 1976 1.0
1940 1941 1.0
1940 1977 1.0
1941 1942 1.0
1941 1977 1.0
1942 1943 1.0
1942 1978 1.0
1943 1944 1.0
1943 1978 1.0
1944 1945 1.0
1944 1979 1.0
1945 1946 1.0
1945 1979 1.0
1946 1881 1.0
1946 1947 1.0
1947 1980 1.0
1947 1981 1.0
1948 1982 1.0
1948 1983 1.0
1949 1984 1.0
1949 1985 1.0
1950 1986 1.0
1950 1987 1.0
1951 1988 1.0
1951 1989 1.0
1952 1990 1.0
1952 1991 1.0
1953 1992 1.0
1953 1993 1.0
1954 1994 1.0
1954 1995 1.0
1955 1996 1.0
1955 1997 1.0
1956 1998 1.0
1956 1999 1.0
1957 2000 1.0
1957 2001 1.0
1958 2002 1.0
1958 2003 1.0
1959 2004 1.0
1959 2005 1.0
1960 2006 1.0
1960 2007 1.0
1961 2008 1.0
1961 2009 1.0
1962 2010 1.0
1962 2011 1.0
1963 2012 1.0
1963 2013 1.0
1964 2014 1.0
1964 2015 1.0
1965 2016 1.0
1965 2017 1.0
1966 2018 1.0
1966 2019 1.0
1967 2020 1.0
1967 2021 1.0
1968 2022 1.0
1968 2023 1.0
1969 2024 1.0
1969 2025 1.0
1970 2026 1.0
1970 2027 1.0
1971 2028 1.0
1971 2029 1.0
1972 2030 1.0
1972 2031 1.0
1973 2032 1.0
1973 2033 1.0
1974 2034 1.0
1974 2035 1.0
1975 2036 1.0
1975 2037 1.0
1976 2038 1.0
1976 2039 1.0
1977 2040 1.0
1977 2041 1.0
1978 2042 1.0
1978 2043 1.0
1979 2044 1.0
1979 2045 1.0
1980 1981 1.0
1980 2046 1.0
1981 1982 1.0
1981 2047 1.0
1982 1983 1.0
1982 2047 1.0
1983 1984 1.0
1983 2048 1.0
1984 1985 1.0
1984 2048 1.0
1985 1986 1.0
1985 2049 1.0
1986 1987 1.0
1986 2049 1.0
1987 1988 1.0
1987 2050 1.0
1988 1989 1.0
1988 2050 1.0
1989 1990 1.0
1989 2051 1.0
1990 1991 1.0
1990 2051 1.0
1991 1992 1.0
1991 2052 1.0
1992 1993 1.0
1992 2052 1.0
1993 1994 1.0
1993 2053 1.0
1994 1995 1.0
1994 2053 1.0
1995 1996 1.0
1995 2054 1.0
1996 1997 1.0
1996 2054 1.0
1997 1998 1.0
1997 2055 1.0
1998 1999 1.0
1998 2055 1.0
1999 2000 1.0
1999 2056 1.0
2000 2001 1.0
2000 2056 1.0
2001 2002 1.0
2001 2057 1.0
2002 2003 1.0
2002 2057 1.0
2003 2004 1.0
2003 2058 1.0
2004 2005 1.0
2004 2058 1.0
2005 2006 1.0
2005 2059 1.0
2006 2007 1.0
2006 2059 1.0
2007 2008 1.0
2007 2060 1.0
2008 2009 1.0
2008 2060 1.0
2009 2010 1.0
2009 2061 1.0
2010 2011 1.0
2010 2061 1.0
2011 2012 1.0
2011 2062 1.0
2012 2013 1.0
2012 2062 1.0
2013 2014 1.0
2013 2063 1.0
2014 2015 1.0
2014 2063 1.0
2015 2016 1.0
2015 2064 1.0
2016 2017 1.0
2016 2064 1.0
2017 2018 1.0
2017 2065 1.0
2018 2019 1.0
2018 2065 1.0
2019 2020 1.0
2019 2066 1.0
2020 2021 1.0
2020 2066 1.0
2021 2022 1.0
2021 2067 1.0
2022 2023 1.0
2022 2067 1.0
2023 2024 1.0
2023 2068 1.0
2024 2025 1.0
2024 2068 1.0
2025 2026 1.0
2025 2069 1.0
2026 2027 1.0
2026 2069 1.0
2027 2028 1.0
2027 2070 1.0
2028 2029 1.0
2028 2070 1.0
2029 2030 1.0
2029 2071 1.0
2030 2031 1.0
2030 2071 1.0
2031 2032 1.0
2031 2072 1.0
2032 2033 1.0
2032 2072 1.0
2033 2034 1.0
2033 2073 1.0
2034 2035 1.0
2034 2073 1.0
2035 2036 1.0
2035 2074 1.0
2036 2037 1.0
2036 2074 1.0
2037 2038 1.0
2037 2075 1.0
2038 2039 1.0
2038 2075 1.0
2039 2040 1.0
2039 2076 1.0
2040 2041 1.0
2040 2076 1.0
2041 2042 1.0
2041 2077 1.0
2042 2043 1.0
2042 2077 1.0
2043 2044 1.0
2043 2078 1.0
2044 2045 1.0
2044 2078 1.0
2045 1980 1.0
2045 2046 1.0
2046 2079 1.0
2046 2080 1.0
2047 2081 1.0
2047 2082 1.0
2048 2083 1.0
2048 2084 1.0
2049 2085 1.0
2049 2086 1.0
2050 2087 1.0
2050 2088 1.0
2051 2089 1.0
2051 2090 1.0
2052 2091 1.0
2052 2092 1.0
2053 2093 1.0
2053 2094 1.0
2054 2095 1.0
2054 2096 1.0
2055 2097 1.0
2055 2098 1.0
2056 2099 1.0
2056 2100 1.0
2057 2101 1.0
2057 2102 1.0
2058 2103 1.0
2058 2104 1.0
2059 2105 1.0
2059 2106 1.0
2060 2107 1.0
2060 2108 1.0
2061 2109 1.0
2061 2110 1.0
2062 2111 1.0
2062 2112 1.0
2063 2113 1.0
2063 2114 1.0
2064 2115 1.0
2064 2116 1.0
2065 2117 1.0
2065 2118 1.0
2066 2119 1.0
2066 2120 1.0
2067 2121 1.0
2067 2122 1.0
2068 2123 1.0
2068 2124 1.0
2069 2125 1.0
2069 2126 1.0
2070 2127 1.0
2070 2128 1.0
2071 2129 1.0
2071 2130 1.0
2072 2131 1.0
2072 2132 1.0
2073 2133 1.0
2073 2134 1.0
2074 2135 1.0
2074 2136 1.0
2075 2137 1.0
2075 2138 1.0
2076 2139 1.0
2076 2140 1.0
2077 2141 1.0
2077 2142 1.0
2078 2143 1.0
2078 2144 1.0
2079 2080 1.0
2079 2145 1.0
2080 2081 1.0
2080 2146 1.0
2081 2082 1.0
2081 2146 1.0
2082 2083 1.0
2082 2147 1.0
2083 2084 1.0
2083 2147 1.0
2084 2085 1.0
2084 2148 1.0
2085 2086 1.0
2085 2148 1.0
2086 2087 1.0
2086 2149 1.0
2087 2088 1.0
2087 2149 1.0
2088 2089 1.0
2088 2150 1.0
2089 2090 1.0
2089 2150 1.0
2090 2091 1.0
2090 2151 1.0
2091 2092 1.0
2091 2151 1.0
2092 2093 1.0
2092 2152 1.0
2093 2094 1.0
2093 2152 1.0
2094 2095 1.0
2094 2153 1.0
2095 2096 1.0
2095 2153 1.0
2096 2097 1.0
2096 2154 1.0
2097 2098 1.0
2097 2154 1.0
2098 2099 1.0
2098 2155 1.0
2099 2100 1.0
2099 2155 1.0
2100 2101 1.0
2100 2156 1.0
2101 2102 1.0
2101 2156 1.0
2102 2103 1.0
2102 2157 1.0
2103 2104 1.0
2103 2157 1.0
2104 2105 1.0
2104 2158 1.0
2105 2106 1.0
2105 2158 1.0
2106 2107 1.0
2106 2159 1.0
2107 2108 1.0
2107 2159 1.0
2108 2109 1.0
2108 2160 1.0
2109 2110 1.0
2109 2160 1.0
2110 2111 1.0
2110 2161 1.0
2111 2112 1.0
2111 2161 1.0
2112 2113 1.0
2112 2162 1.0
2113 2114 1.0
2113 2162 1.0
2114 2115 1.0
2114 2163 1.0
2115 2116 1.0
2115 2163 1.0
2116 2117 1.0
2116 2164 1.0
2117 2118 1.0
2117 2164 1.0
2118 2119 1.0
2118 2165 1.0
2119 2120 1.0
2119 2165 1.0
2120 2121 1.0
2120 2166 1.0
2121 2122 1.0
2121 2166 1.0
2122 2123 1.0
2122 2167 1.0
2123 2124 1.0
2123 2167 1.0
2124 2125 1.0
2124 2168 1.0
2125 2126 1.0
2125 2168 1.0
2126 2127 1.0
2126 2169 1.0
2127 2128 1.0
2127 2169 1.0
2128 2129 1.0
2128 2170 1.0
2129 2130 1.0
2129 2170 1.0
2130 2131 1.0
2130 2171 1.0
2131 2132 1.0
2131 2171 1.0
2132 2133 1.0
2132 2172 1.0
2133 2134 1.0
2133 2172 1.0
2134 2135 1.0
2134 2173 1.0
2135 2136 1.0
2135 2173 1.0
2136 2137 1.0
2136 2174 1.0
2137 2138 1.0
2137 2174 1.0
2138 2139 1.0
2138 2175 1.0
2139 2140 1.0
2139 2175 1.0
2140 2141 1.0
2140 2176 1.0
2141 2142 1.0
2141 2176 1.0
2142 2143 1.0
2142 2177 1.0
2143 2144 1.0
2143 2177 1.0
2144 2079 1.0
2144 2145 1.0
2145 2178 1.0
2145 2179 1.0
2146 2180 1.0
2146 2181 1.0
2147 2182 1.0
2147 2183 1.0
2148 2184 1.0
2148 2185 1.0
2149 2186 1.0
2149 2187 1.0
2150 2188 1.0
2150 2189 1.0
2151 2190 1.0
2151 2191 1.0
2152 2192 1.0
2152 2193 1.0
2153 2194 1.0
2153 2195 1.0
2154 2196 1.0
2154 2197 1.0
2155 2198 1.0
2155 2199 1.0
2156 2200 1.0
2156 2201 1.0
2157 2202 1.0
2157 2203 1.0
2158 2204 1.0
2158 2205 1.0
2159 2206 1.0
2159 2207 1.0
2160 2208 1.0
2160 2209 1.0
2161 2210 1.0
2161 2211 1.0
2162 2212 1.0
2162 2213 1.0
2163 2214 1.0
2163 2215 1.0
2164 2216 1.0
2164 2217 1.0
2165 2218 1.0
2165 2219 1.0
2166 2220 1.0
2166 2221 1.0
2167 2222 1.0
2167 2223 1.0
2168 2224 1.0
2168 2225 1.0
2169 2226 1.0
2169 2227 1.0
2170 2228 1.0
2170 2229 1.0
2171 2230 1.0
2171 2231 1.0
2172 2232 1.0
2172 2233 1.0
2173 2234 1.0
2173 2235 1.0
2174 2236 1.0
2174 2237 1.0
2175 2238 1.0
2175 2239 1.0
2176 2240 1.0
2176 2241 1.0
2177 2242 1.0
2177 2243 1.0
2178 2179 1.0
2178 2244 1.0
2179 2180 1.0
2179 2245 1.0
2180 2181 1.0
2180 2245 1.0
2181 2182 1.0
2181 2246 1.0
2182 2183 1.0
2182 2246 1.0
2183 2184 1.0
2183 2247 1.0
2184 2185 1.0
2184 2247 1.0
2185 2186 1.0
2185 2248 1.0
2186 2187 1.0
2186 2248 1.0
2187 2188 1.0
2187 2249 1.0
2188 2189 1.0
2188 2249 1.0
2189 2190 1.0
2189 2250 1.0
2190 2191 1.0
2190 2250 1.0
2191 2192 1.0
2191 2251 1.0
2192 2193 1.0
2192 2251 1.0
2193 2194 1.0
2193 2252 1.0
2194 2195 1.0
2194 2252 1.0
2195 2196 1.0
2195 2253 1.0
2196 2197 1.0
2196 2253 1.0
2197 2198 1.0
2197 2254 1.0
2198 2199 1.0
2198 2254 1.0
2199 2200 1.0
2199 2255 1.0
2200 2201 1.0
2200 2255 1.0
2201 2202 1.0
2201 2256 1.0
2202 2203 1.0
2202 2256 1.0
2203 2204 1.0
2203 2257 1.0
2204 2205 1.0
2204 2257 1.0
2205 2206 1.0
2205 2258 1.0
2206 2207 1.0
2206 2258 1.0
2207 2208 1.0
2207 2259 1.0
2208 2209 1.0
2208 2259 1.0
2209 2210 1.0
2209 2260 1.0
2210 2211 1.0
2210 2260 1.0
2211 2212 1.0
2211 2261 1.0
2212 2213 1.0
2212 2261 1.0
2213 2214 1.0
2213 2262 1.0
2214 2215 1.0
2214 2262 1.0
2215 2216 1.0
2215 2263 1.0
2216 2217 1.0
2216 2263 1.0
2217 2218 1.0
2217 2264 1.0
2218 2219 1.0
2218 2264 1.0
2219 2220 1.0
2219 2265 1.0
2220 2221 1.0
2220 2265 1.0
2221 2222 1.0
2221 2266 1.0
2222 2223 1.0
2222 2266 1.0
2223 2224 1.0
2223 2267 1.0
2224 2225 1.0
2224 2267 1.0
2225 2226 1.0
2225 2268 1.0
2226 2227 1.0
2226 2268 1.0
2227 2228 1.0
2227 2269 1.0
2228 2229 1.0
2228 2269 1.0
2229 2230 1.0
2229 2270 1.0
2230 2231 1.0
2230 2270 1.0
2231 2232 1.0
2231 2271 1.0
2232 2233 1.0
2232 2271 1.0
2233 2234 1.0
2233 2272 1.0
2234 2235 1.0
2234 2272 1.0
2235 2236 1.0
2235 2273 1.0
2236 2237 1.0
2236 2273 1.0
2237 2238 1.0
2237 2274 1.0
2238 2239 1.0
2238 2274 1.0
2239 2240 1.0
2239 2275 1.0
2240 2241 1.0
2240 2275 1.0
2241 2242 1.0
2241 2276 1.0
2242 2243 1.0
2242 2276 1.0
2243 2178 1.0
2243 2244 1.0
2244 2277 1.0
2244 2278 1.0
2245 2279 1.0
2245 2280 1.0
2246 2281 1.0
2246 2282 1.0
2247 2283 1.0
2247 2284 1.0
2248 2285 1.0
2248 2286 1.0
2249 2287 1.0
2249 2288 1.0
2250 2289 1.0
2250 2290 1.0
2251 2291 1.0
2251 2292 1.0
2252 2293 1.0
2252 2294 1.0
2253 2295 1.0
2253 2296 1.0
2254 2297 1.0
2254 2298 1.0
2255 2299 1.0
2255 2300 1.0
2256 2301 1.0
2256 2302 1.0
2257 2303 1.0
2257 2304 1.0
2258 2305 1.0
2258 2306 1.0
2259 2307 1.0
2259 2308 1.0
2260 2309 1.0
2260 2310 1.0
2261 2311 1.0
2261 2312 1.0
2262 2313 1.0
2262 2314 1.0
2263 2315 1.0
2263 2316 1.0
2264 2317 1.0
2264 2318 1.0
2265 2319 1.0
2265 2320 1.0
2266 2321 1.0
2266 2322 1.0
2267 2323 1.0
2267 2324 1.0
2268 2325 1.0
2268 2326 1.0
2269 2327 1.0
2269 2328 1.0
2270 2329 1.0
2270 2330 1.0
2271 2331 1.0
2271 2332 1.0
2272 2333 1.0
2272 2334 1.0
2273 2335 1.0
2273 2336 1.0
2274 2337 1.0
2274 2338 1.0
2275 2339 1.0
2275 2340 1.0
2276 2341 1.0
2276 2342 1.0
2277 2278 1.0
2277 2343 1.0
2278 2279 1.0
2278 2344 1.0
2279 2280 1.0
2279 2344 1.0
2280 2281 1.0
2280 2345 1.0
2281 2282 1.0
2281 2345 1.0
2282 2283 1.0
2282 2346 1.0
2283 2284 1.0
2283 2346 1.0
2284 2285 1.0
2284 2347 1.0
2285 2286 1.0
2285 2347 1.0
2286 2287 1.0
2286 2348 1.0
2287 2288 1.0
2287 2348 1.0
2288 2289 1.0
2288 2349 1.0
2289 2290 1.0
2289 2349 1.0
2290 2291 1.0
2290 2350 1.0
2291 2292 1.0
2291 2350 1.0
2292 2293 1.0
2292 2351 1.0
2293 2294 1.0
2293 2351 1.0
2294 2295 1.0
2294 2352 1.0
2295 2296 1.0
2295 2352 1.0
2296 2297 1.0
2296 2353 1.0
2297 2298 1.0
2297 2353 1.0
2298 2299 1.0
2298 2354 1.0
2299 2300 1.0
2299 2354 1.0
2300 2301 1.0
2300 2355 1.0
2301 2302 1.0
2301 2355 1.0
2302 2303 1.0
2302 2356 1.0
2303 2304 1.0
2303 2356 1.0
2304 2305 1.0
2304 2357 1.0
2305 2306 1.0
2305 2357 1.0
2306 2307 1.0
2306 2358 1.0
2307 2308 1.0
2307 2358 1.0
2308 2309 1.0
2308 2359 1.0
2309 2310 1.0
2309 2359 1.0
2310 2311 1.0
2310 2360 1.0
2311 2312 1.0
2311 2360 1.0
2312 2313 1.0
2312 2361 1.0
2313 2314 1.0
2313 2361 1.0
2314 2315 1.0
2314 2362 1.0
2315 2316 1.0
2315 2362 1.0
2316 2317 1.0
2316 2363 1.0
2317 2318 1.0
2317 2363 1.0
2318 2319 1.0
2318 2364 1.0
2319 2320 1.0
2319 2364 1.0
2320 2321 1.0
2320 2365 1.0
2321 2322 1.0
2321 2365 1.0
2322 2323 1.0
2322 2366 1.0
2323 2324 1.0
2323 2366 1.0
2324 2325 1.0
2324 2367 1.0
2325 2326 1.0
2325 2367 1.0
2326 2327 1.0
2326 2368 1.0
2327 2328 1.0
2327 2368 1.0
2328 2329 1.0
2328 2369 1.0
2329 2330 1.0
2329 2369 1.0
2330 2331 1.0
2330 2370 1.0
2331 2332 1.0
2331 2370 1.0
2332 2333 1.0
2332 2371 1.0
2333 2334 1.0
2333 2371 1.0
2334 2335 1.0
2334 2372 1.0
2335 2336 1.0
2335 2372 1.0
2336 2337 1.0
2336 2373 1.0
2337 2338 1.0
2337 2373 1.0
2338 2339 1.0
2338 2374 1.0
2339 2340 1.0
2339 2374 1.0
2340 2341 1.0
2340 2375 1.0
2341 2342 1.0
2341 2375 1.0
2342 2277 1.0
2342 2343 1.0
2343 2376 1.0
2343 2377 1.0
2344 2378 1.0
2344 2379 1.0
2345 2380 1.0
2345 2381 1.0
2346 2382 1.0
2346 2383 1.0
2347 2384 1.0
2347 2385 1.0
2348 2386 1.0
2348 2387 1.0
2349 2388 1.0
2349 2389 1.0
2350 2390 1.0
2350 2391 1.0
2351 2392 1.0
2351 2393 1.0
2352 2394 1.0
2352 2395 1.0
2353 2396 1.0
2353 2397 1.0
2354 2398 1.0
2354 2399 1.0
2355 2400 1.0
2355 2401 1.0
2356 2402 1.0
2356 2403 1.0
2357 2404 1.0
2357 2405 1.0
2358 2406 1.0
2358 2407 1.0
2359 2408 1.0
2359 2409 1.0
2360 2410 1.0
2360 2411 1.0
2361 2412 1.0
2361 2413 1.0
2362 2414 1.0
2362 2415 1.0
2363 2416 1.0
2363 2417 1.0
2364 2418 1.0
2364 2419 1.0
2365 2420 1.0
2365 2421 1.0
2366 2422 1.0
2366 2423 1.0
2367 2424 1.0
2367 2425 1.0
2368 2426 1.0
2368 2427 1.0
2369 2428 1.0
2369 2429 1.0
2370 2430 1.0
2370 2431 1.0
2371 2432 1.0
2371 2433 1.0
2372 2434 1.0
2372 2435 1.0
2373 2436 1.0
2373 2437 1.0
2374 2438 1.0
2374 2439 1.0
2375 2440 1.0
2375 2441 1.0
2376 2377 1.0
2376 2442 1.0
2377 2378 1.0
2377 2443 1.0
2378 2379 1.0
2378 2443 1.0
2379 2380 1.0
2379 2444 1.0
2380 2381 1.0
2380 2444 1.0
2381 2382 1.0
2381 2445 1.0
2382 2383 1.0
2382 2445 1.0
2383 2384 1.0
2383 2446 1.0
2384 2385 1.0
2384 2446 1.0
2385 2386 1.0
2385 2447 1.0
2386 2387 1.0
2386 2447 1.0
2387 2388 1.0
2387 2448 1.0
2388 2389 1.0
2388 2448 1.0
2389 2390 1.0
2389 2449 1.0
2390 2391 1.0
2390 2449 1.0
2391 2392 1.0
2391 2450 1.0
2392 2393 1.0
2392 2450 1.0
2393 2394 1.0
2393 2451 1.0
2394 2395 1.0
2394 2451 1.0
2395 2396 1.0
2395 2452 1.0
2396 2397 1.0
2396 2452 1.0
2397 2398 1.0
2397 2453 1.0
2398 2399 1.0
2398 2453 1.0
2399 2400 1.0
2399 2454 1.0
2400 2401 1.0
2400 2454 1.0
2401 2402 1.0
2401 2455 1.0
2402 2403 1.0
2402 2455 1.0
2403 2404 1.0
2403 2456 1.0
2404 2405 1.0
2404 2456 1.0
2405 2406 1.0
2405 2457 1.0
2406 2407 1.0
2406 2457 1.0
2407 2408 1.0
2407 2458 1.0
2408 2409 1.0
2408 2458 1.0
2409 2410 1.0
2409 2459 1.0
2410 2411 1.0
2410 2459 1.0
2411 2412 1.0
2411 2460 1.0
2412 2413 1.0
2412 2460 1.0
2413 2414 1.0
2413 2461 1.0
2414 2415 1.0
2414 2461 1.0
2415 2416 1.0
2415 2462 1.0
2416 2417 1.0
2416 2462 1.0
2417 2418 1.0
2417 2463 1.0
2418 2419 1.0
2418 2463 1.0
2419 2420 1.0
2419 2464 1.0
2420 2421 1.0
2420 2464 1.0
2421 2422 1.0
2421 2465 1.0
2422 2423 1.0
2422 2465 1.0
2423 2424 1.0
2423 2466 1.0
2424 2425 1.0
2424 2466 1.0
2425 2426 1.0
2425 2467 1.0
2426 2427 1.0
2426 2467 1.0
2427 2428 1.0
2427 2468 1.0
2428 2429 1.0
2428 2468 1.0
2429 2430 1.0
2429 2469 1.0
2430 2431 1.0
2430 2469 1.0
2431 2432 1.0
2431 2470 1.0
2432 2433 1.0
2432 2470 1.0
2433 2434 1.0
2433 2471 1.0
2434 2435 1.0
2434 2471 1.0
2435 2436 1.0
2435 2472 1.0
2436 2437 1.0
2436 2472 1.0
2437 2438 1.0
2437 2473 1.0
2438 2439 1.0
2438 2473 1.0
2439 2440 1.0
2439 2474 1.0
2440 2441 1.0
2440 2474 1.0
2441 2376 1.0
2441 2442 1.0
2442 2475 1.0
2442 2476 1.0
2443 2477 1.0
2443 2478 1.0
2444 2479 1.0
2444 2480 1.0
2445 2481 1.0
2445 2482 1.0
2446 2483 1.0
2446 2484 1.0
2447 2485 1.0
2447 2486 1.0
2448 2487 1.0
2448 2488 1.0
2449 2489 1.0
2449 2490 1.0
2450 2491 1.0
2450 2492 1.0
2451 2493 1.0
2451 2494 1.0
2452 2495 1.0
2452 2496 1.0
2453 2497 1.0
2453 2498 1.0
2454 2499 1.0
2454 2500 1.0
2455 2501 1.0
2455 2502 1.0
2456 2503 1.0
2456 2504 1.0
2457 2505 1.0
2457 2506 1.0
2458 2507 1.0
2458 2508 1.0
2459 2509 1.0
2459 2510 1.0
2460 2511 1.0
2460 2512 1.0
2461 2513 1.0
2461 2514 1.0
2462 2515 1.0
2462 2516 1.0
2463 2517 1.0
2463 2518 1.0
2464 2519 1.0
2464 2520 1.0
2465 2521 1.0
2465 2522 1.0
2466 2523 1.0
2466 2524 1.0
2467 2525 1.0
2467 2526 1.0
2468 2527 1.0
2468 2528 1.0
2469 2529 1.0
2469 2530 1.0
2470 2531 1.0
2470 2532 1.0
2471 2533 1.0
2471 2534 1.0
2472 2535 1.0
2472 2536 1.0
2473 2537 1.0
2473 2538 1.0
2474 2539 1.0
2474 2540 1.0
2475 2476 1.0
2475 2541 1.0
2476 2477 1.0
2476 2542 1.0
2477 2478 1.0
2477 2542 1.0
2478 2479 1.0
2478 2543 1.0
2479 2480 1.0
2479 2543 1.0
2480 2481 1.0
2480 2544 1.0
2481 2482 1.0
2481 2544 1.0
2482 2483 1.0
2482 2545 1.0
2483 2484 1.0
2483 2545 1.0
2484 2485 1.0
2484 2546 1.0
2485 2486 1.0
2485 2546 1.0
2486 2487 1.0
2486 2547 1.0
2487 2488 1.0
2487 2547 1.0
2488 2489 1.0
2488 2548 1.0
2489 2490 1.0
2489 2548 1.0
2490 2491 1.0
2490 2549 1.0
2491 2492 1.0
2491 2549 1.0
2492 2493 1.0
2492 2550 1.0
2493 2494 1.0
2493 2550 1.0
2494 2495 1.0
2494 2551 1.0
2495 2496 1.0
2495 2551 1.0
2496 2497 1.0
2496 2552 1.0
2497 2498 1.0
2497 2552 1.0
2498 2499 1.0
2498 2553 1.0
2499 2500 1.0
2499 2553 1.0
2500 2501 1.0
2500 2554 1.0
2501 2502 1.0
2501 2554 1.0
2502 2503 1.0
2502 2555 1.0
2503 2504 1.0
2503 2555 1.0
2504 2505 1.0
2504 2556 1.0
2505 2506 1.0
2505 2556 1.0
2506 2507 1.0
2506 2557 1.0
2507 2508 1.0
2507 2557 1.0
2508 2509 1.0
2508 2558 1.0
2509 2510 1.0
2509 2558 1.0
2510 2511 1.0
2510 2559 1.0
2511 2512 1.0
2511 2559 1.0
2512 2513 1.0
2512 2560 1.0
2513 2514 1.0
2513 2560 1.0
2514 2515 1.0
2514 2561 1.0
2515 2516 1.0
2515 2561 1.0
2516 2517 1.0
2516 2562 1.0
2517 2518 1.0
2517 2562 1.0
2518 2519 1.0
2518 2563 1.0
2519 2520 1.0
2519 2563 1.0
2520 2521 1.0
2520 2564 1.0
2521 2522 1.0
2521 2564 1.0
2522 2523 1.0
2522 2565 1.0
2523 2524 1.0
2523 2565 1.0
2524 2525 1.0
2524 2566 1.0
2525 2526 1.0
2525 2566 1.0
2526 2527 1.0
2526 2567 1.0
2527 2528 1.0
2527 2567 1.0
2528 2529 1.0
2528 2568 1.0
2529 2530 1.0
2529 2568 1.0
2530 2531 1.0
2530 2569 1.0
2531 2532 1.0
2531 2569 1.0
2532 2533 1.0
2532 2570 1.0
2533 2534 1.0
2533 2570 1.0
2534 2535 1.0
2534 2571 1.0
2535 2536 1.0
2535 2571 1.0
2536 2537 1.0
2536 2572 1.0
2537 2538 1.0
2537 2572 1.0
2538 2539 1.0
2538 2573 1.0
2539 2540 1.0
2539 2573 1.0
2540 2475 1.0
2540 2541 1.0
2541 2574 1.0
2541 2575 1.0
2542 2576 1.0
2542 2577 1.0
2543 2578 1.0
2543 2579 1.0
2544 2580 1.0
2544 2581 1.0
2545 2582 1.0
2545 2583 1.0
2546 2584 1.0
2546 2585 1.0
2547 2586 1.0
2547 2587 1.0
2548 2588 1.0
2548 2589 1.0
2549 2590 1.0
2549 2591 1.0
2550 2592 1.0
2550 2593 1.0
2551 2594 1.0
2551 2595 1.0
2552 2596 1.0
2552 2597 1.0
2553 2598 1.0
2553 2599 1.0
2554 2600 1.0
2554 2601 1.0
2555 2602 1.0
2555 2603 1.0
2556 2604 1.0
2556 2605 1.0
2557 2606 1.0
2557 2607 1.0
2558 2608 1.0
2558 2609 1.0
2559 2610 1.0
2559 2611 1.0
2560 2612 1.0
2560 2613 1.0
2561 2614 1.0
2561 2615 1.0
2562 2616 1.0
2562 2617 1.0
2563 2618 1.0
2563 2619 1.0
2564 2620 1.0
2564 2621 1.0
2565 2622 1.0
2565 2623 1.0
2566 2624 1.0
2566 2625 1.0
2567 2626 1.0
2567 2627 1.0
2568 2628 1.0
2568 2629 1.0
2569 2630 1.0
2569 2631 1.0
2570 2632 1.0
2570 2633 1.0
2571 2634 1.0
2571 2635 1.0
2572 2636 1.0
2572 2637 1.0
2573 2638 1.0
2573 2639 1.0
2574 2575 1.0
2574 2640 1.0
2575 2576 1.0
2575 2641 1.0
2576 2577 1.0
2576 2641 1.0
2577 2578 1.0
2577 2642 1.0
2578 2579 1.0
2578 2642 1.0
2579 2580 1.0
2579 2643 1.0
2580 2581 1.0
2580 2643 1.0
2581 2582 1.0
2581 2644 1.0
2582 2583 1.0
2582 2644 1.0
2583 2584 1.0
2583 2645 1.0
2584 2585 1.0
2584 2645 1.0
2585 2586 1.0
2585 2646 1.0
2586 2587 1.0
2586 2646 1.0
2587 2588 1.0
2587 2647 1.0
2588 2589 1.0
2588 2647 1.0
2589 2590 1.0
2589 2648 1.0
2590 2591 1.0
2590 2648 1.0
2591 2592 1.0
2591 2649 1.0
2592 2593 1.0
2592 2649 1.0
2593 2594 1.0
2593 2650 1.0
2594 2595 1.0
2594 2650 1.0
2595 2596 1.0
2595 2651 1.0
2596 2597 1.0
2596 2651 1.0
2597 2598 1.0
2597 2652 1.0
2598 2599 1.0
2598 2652 1.0
2599 2600 1.0
2599 2653 1.0
2600 2601 1.0
2600 2653 1.0
2601 2602 1.0
2601 2654 1.0
2602 2603 1.0
2602 2654 1.0
2603 2604 1.0
2603 2655 1.0
2604 2605 1.0
2604 2655 1.0
2605 2606 1.0
2605 2656 1.0
2606 2607 1.0
2606 2656 1.0
2607 2608 1.0
2607 2657 1.0
2608 2609 1.0
2608 2657 1.0
2609 2610 1.0
2609 2658 1.0
2610 2611 1.0
2610 2658 1.0
2611 2612 1.0
2611 2659 1.0
2612 2613 1.0
2612 2659 1.0
2613 2614 1.0
2613 2660 1.0
2614 2615 1.0
2614 2660 1.0
2615 2616 1.0
2615 2661 1.0
2616 2617 1.0
2616 2661 1.0
2617 2618 1.0
2617 2662 1.0
2618 2619 1.0
2618 2662 1.0
2619 2620 1.0
2619 2663 1.0
2620 2621 1.0
2620 2663 1.0
2621 2622 1.0
2621 2664 1.0
2622 2623 1.0
2622 2664 1.0
2623 2624 1.0
2623 2665 1.0
2624 2625 1.0
2624 2665 1.0
2625 2626 1.0
2625 2666 1.0
2626 2627 1.0
2626 2666 1.0
2627 2628 1.0
2627 2667 1.0
2628 2629 1.0
2628 2667 1.0
2629 2630 1.0
2629 2668 1.0
2630 2631 1.0
2630 2668 1.0
2631 2632 1.0
2631 2669 1.0
2632 2633 1.0
2632 2669 1.0
2633 2634 1.0
2633 2670 1.0
2634 2635 1.0
2634 2670 1.0
2635 2636 1.0
2635 2671 1.0
2636 2637 1.0
2636 2671 1.0
2637 2638 1.0
2637 2672 1.0
2638 2639 1.0
2638 2672 1.0
2639 2574 1.0
2639 2640 1.0
2640 2673 1.0
2640 2674 1.0
2641 2675 1.0
2641 2676 1.0
2642 2677 1.0
2642 2678 1.0
2643 2679 1.0
2643 2680 1.0
2644 2681 1.0
2644 2682 1.0
2645 2683 1.0
2645 2684 1.0
2646 2685 1.0
2646 2686 1.0
2647 2687 1.0
2647 2688 1.0
2648 2689 1.0
2648 2690 1.0
2649 2691 1.0
2649 2692 1.0
2650 2693 1.0
2650 2694 1.0
2651 2695 1.0
2651 2696 1.0
2652 2697 1.0
2652 2698 1.0
2653 2699 1.0
2653 2700 1.0
2654 2701 1.0
2654 2702 1.0
2655 2703 1.0
2655 2704 1.0
2656 2705 1.0
2656 2706 1.0
2657 2707 1.0
2657 2708 1.0
2658 2709 1.0
2658 2710 1.0
2659 2711 1.0
2659 2712 1.0
2660 2713 1.0
2660 2714 1.0
2661 2715 1.0
2661 2716 1.0
2662 2717 1.0
2662 2718 1.0
2663 2719 1.0
2663 2720 1.0
2664 2721 1.0
2664 2722 1.0
2665 2723 1.0
2665 2724 1.0
2666 2725 1.0
2666 2726 1.0
2667 2727 1.0
2667 2728 1.0
2668 2729 1.0
2668 2730 1.0
2669 2731 1.0
2669 2732 1.0
2670 2733 1.0
2670 2734 1.0
2671 2735 1.0
2671 2736 1.0
2672 2737 1.0
2672 2738 1.0
2673 2674 1.0
2673 2739 1.0
2674 2675 1.0
2674 2740 1.0
2675 2676 1.0
2675 2740 1.0
2676 2677 1.0
2676 2741 1.0
2677 2678 1.0
2677 2741 1.0
2678 2679 1.0
2678 2742 1.0
2679 2680 1.0
2679 2742 1.0
2680 2681 1.0
2680 2743 1.0
2681 2682 1.0
2681 2743 1.0
2682 2683 1.0
2682 2744 1.0
2683 2684 1.0
2683 2744 1.0
2684 2685 1.0
2684 2745 1.0
2685 2686 1.0
2685 2745 1.0
2686 2687 1.0
2686 2746 1.0
2687 2688 1.0
2687 2746 1.0
2688 2689 1.0
2688 2747 1.0
2689 2690 1.0
2689 2747 1.0
2690 2691 1.0
2690 2748 1.0
2691 2692 1.0
2691 2748 1.0
2692 2693 1.0
2692 2749 1.0
2693 2694 1.0
2693 2749 1.0
2694 2695 1.0
2694 2750 1.0
2695 2696 1.0
2695 2750 1.0
2696 2697 1.0
2696 2751 1.0
2697 2698 1.0
2697 2751 1.0
2698 2699 1.0
2698 2752 1.0
2699 2700 1.0
2699 2752 1.0
2700 2701 1.0
2700 2753 1.0
2701 2702 1.0
2701 2753 1.0
2702 2703 1.0
2702 2754 1.0
2703 2704 1.0
2703 2754 1.0
2704 2705 1.0
2704 2755 1.0
2705 2706 1.0
2705 2755 1.0
2706 2707 1.0
2706 2756 1.0
2707 2708 1.0
2707 2756 1.0
2708 2709 1.0
2708 2757 1.0
2709 2710 1.0
2709 2757 1.0
2710 2711 1.0
2710 2758 1.0
2711 2712 1.0
2711 2758 1.0
2712 2713 1.0
2712 2759 1.0
2713 2714 1.0
2713 2759 1.0
2714 2715 1.0
2714 2760 1.0
2715 2716 1.0
2715 2760 1.0
2716 2717 1.0
2716 2761 1.0
2717 2718 1.0
2717 2761 1.0
2718 2719 1.0
2718 2762 1.0
2719 2720 1.0
2719 2762 1.0
2720 2721 1.0
2720 2763 1.0
2721 2722 1.0
2721 2763 1.0
2722 2723 1.0
2722 2764 1.0
2723 2724 1.0
2723 2764 1.0
2724 2725 1.0
2724 2765 1.0
2725 2726 1.0
2725 2765 1.0
2726 2727 1.0
2726 2766 1.0
2727 2728 1.0
2727 2766 1.0
2728 2729 1.0
2728 2767 1.0
2729 2730 1.0
2729 2767 1.0
2730 2731 1.0
2730 2768 1.0
2731 2732 1.0
2731 2768 1.0
2732 2733 1.0
2732 2769 1.0
2733 2734 1.0
2733 2769 1.0
2734 2735 1.0
2734 2770 1.0
2735 2736 1.0
2735 2770 1.0
2736 2737 1.0
2736 2771 1.0
2737 2738 1.0
2737 2771 1.0
2738 2673 1.0
2738 2739 1.0
2739 2772 1.0
2739 2773 1.0
2740 2774 1.0
2740 2775 1.0
2741 2776 1.0
2741 2777 1.0
2742 2778 1.0
2742 2779 1.0
2743 2780 1.0
2743 2781 1.0
2744 2782 1.0
2744 2783 1.0
2745 2784 1.0
2745 2785 1.0
2746 2786 1.0
2746 2787 1.0
2747 2788 1.0
2747 2789 1.0
2748 2790 1.0
2748 2791 1.0
2749 2792 1.0
2749 2793 1.0
2750 2794 1.0
2750 2795 1.0
2751 2796 1.0
2751 2797 1.0
2752 2798 1.0
2752 2799 1.0
2753 2800 1.0
2753 2801 1.0
2754 2802 1.0
2754 2803 1.0
2755 2804 1.0
2755 2805 1.0
2756 2806 1.0
2756 2807 1.0
2757 2808 1.0
2757 2809 1.0
2758 2810 1.0
2758 2811 1.0
2759 2812 1.0
2759 2813 1.0
2760 2814 1.0
2760 2815 1.0
2761 2816 1.0
2761 2817 1.0
2762 2818 1.0
2762 2819 1.0
2763 2820 1.0
2763 2821 1.0
2764 2822 1.0
2764 2823 1.0
2765 2824 1.0
2765 2825 1.0
2766 2826 1.0
2766 2827 1.0
2767 2828 1.0
2767 2829 1.0
2768 2830 1.0
2768 2831 1.0
2769 2832 1.0
2769 2833 1.0
2770 2834 1.0
2770 2835 1.0
2771 2836 1.0
2771 2837 1.0
2772 2773 1.0
2772 2838 1.0
2773 2774 1.0
2773 2839 1.0
2774 2775 1.0
2774 2839 1.0
2775 2776 1.0
2775 2840 1.0
2776 2777 1.0
2776 2840 1.0
2777 2778 1.0
2777 2841 1.0
2778 2779 1.0
2778 2841 1.0
2779 2780 1.0
2779 2842 1.0
2780 2781 1.0
2780 2842 1.0
2781 2782 1.0
2781 2843 1.0
2782 2783 1.0
2782 2843 1.0
2783 2784 1.0
2783 2844 1.0
2784 2785 1.0
2784 2844 1.0
2785 2786 1.0
2785 2845 1.0
2786 2787 1.0
2786 2845 1.0
2787 2788 1.0
2787 2846 1.0
2788 2789 1.0
2788 2846 1.0
2789 2790 1.0
2789 2847 1.0
2790 2791 1.0
2790 2847 1.0
2791 2792 1.0
2791 2848 1.0
2792 2793 1.0
2792 2848 1.0
2793 2794 1.0
2793 2849 1.0
2794 2795 1.0
2794 2849 1.0
2795 2796 1.0
2795 2850 1.0
2796 2797 1.0
2796 2850 1.0
2797 2798 1.0
2797 2851 1.0
2798 2799 1.0
2798 2851 1.0
2799 2800 1.0
2799 2852 1.0
2800 2801 1.0
2800 2852 1.0
2801 2802 1.0
2801 2853 1.0
2802 2803 1.0
2802 2853 1.0
2803 2804 1.0
2803 2854 1.0
2804 2805 1.0
2804 2854 1.0
2805 2806 1.0
2805 2855 1.0
2806 2807 1.0
2806 2855 1.0
2807 2808 1.0
2807 2856 1.0
2808 2809 1.0
2808 2856 1.0
2809 2810 1.0
2809 2857 1.0
2810 2811 1.0
2810 2857 1.0
2811 2812 1.0
2811 2858 1.0
2812 2813 1.0
2812 2858 1.0
2813 2814 1.0
2813 2859 1.0
2814 2815 1.0
2814 2859 1.0
2815 2816 1.0
2815 2860 1.0
2816 2817 1.0
2816 2860 1.0
2817 2818 1.0
2817 2861 1.0
2818 2819 1.0
2818 2861 1.0
2819 2820 1.0
2819 2862 1.0
2820 2821 1.0
2820 2862 1.0
2821 2822 1.0
2821 2863 1.0
2822 2823 1.0
2822 2863 1.0
2823 2824 1.0
2823 2864 1.0
2824 2825 1.0
2824 2864 1.0
2825 2826 1.0
2825 2865 1.0
2826 2827 1.0
2826 2865 1.0
2827 2828 1.0
2827 2866 1.0
2828 2829 1.0
2828 2866 1.0
2829 2830 1.0
2829 2867 1.0
2830 2831 1.0
2830 2867 1.0
2831 2832 1.0
2831 2868 1.0
2832 2833 1.0
2832 2868 1.0
2833 2834 1.0
2833 2869 1.0
2834 2835 1.0
2834 2869 1.0
2835 2836 1.0
2835 2870 1.0
2836 2837 1.0
2836 2870 1.0
2837 2772 1.0
2837 2838 1.0
2838 2871 1.0
2838 2872 1.0
2839 2873 1.0
2839 2874 1.0
2840 2875 1.0
2840 2876 1.0
2841 2877 1.0
2841 2878 1.0
2842 2879 1.0
2842 2880 1.0
2843 2881 1.0
2843 2882 1.0
2844 2883 1.0
2844 2884 1.0
2845 2885 1.0
2845 2886 1.0
2846 2887 1.0
2846 2888 1.0
2847 2889 1.0
2847 2890 1.0
2848 2891 1.0
2848 2892 1.0
2849 2893 1.0
2849 2894 1.0
2850 2895 1.0
2850 2896 1.0
2851 2897 1.0
2851 2898 1.0
2852 2899 1.0
2852 2900 1.0
2853 2901 1.0
2853 2902 1.0
2854 2903 1.0
2854 2904 1.0
2855 2905 1.0
2855 2906 1.0
2856 2907 1.0
2856 2908 1.0
2857 2909 1.0
2857 2910 1.0
2858 2911 1.0
2858 2912 1.0
2859 2913 1.0
2859 2914 1.0
2860 2915 1.0
2860 2916 1.0
2861 2917 1.0
2861 2918 1.0
2862 2919 1.0
2862 2920 1.0
2863 2921 1.0
2863 2922 1.0
2864 2923 1.0
2864 2924 1.0
2865 2925 1.0
2865 2926 1.0
2866 2927 1.0
2866 2928 1.0
2867 2929 1.0
2867 2930 1.0
2868 2931 1.0
2868 2932 1.0
2869 2933 1.0
2869 2934 1.0
2870 2935 1.0
2870 2936 1.0
2871 2872 1.0
2871 2937 1.0
2872 2873 1.0
2872 2938 1.0
2873 2874 1.0
2873 2938 1.0
2874 2875 1.0
2874 2939 1.0
2875 2876 1.0
2875 2939 1.0
2876 2877 1.0
2876 2940 1.0
2877 2878 1.0
2877 2940 1.0
2878 2879 1.0
2878 2941 1.0
2879 2880 1.0
2879 2941 1.0
2880 2881 1.0
2880 2942 1.0
2881 2882 1.0
2881 2942 1.0
2882 2883 1.0
2882 2943 1.0
2883 2884 1.0
2883 2943 1.0
2884 2885 1.0
2884 2944 1.0
2885 2886 1.0
2885 2944 1.0
2886 2887 1.0
2886 2945 1.0
2887 2888 1.0
2887 2945 1.0
2888 2889 1.0
2888 2946 1.0
2889 2890 1.0
2889 2946 1.0
2890 2891 1.0
2890 2947 1.0
2891 2892 1.0
2891 2947 1.0
2892 2893 1.0
2892 2948 1.0
2893 2894 1.0
2893 2948 1.0
2894 2895 1.0
2894 2949 1.0
2895 2896 1.0
2895 2949 1.0
2896 2897 1.0
2896 2950 1.0
2897 2898 1.0
2897 2950 1.0
2898 2899 1.0
2898 2951 1.0
2899 2900 1.0
2899 2951 1.0
2900 2901 1.0
2900 2952 1.0
2901 2902 1.0
2901 2952 1.0
2902 2903 1.0
2902 2953 1.0
2903 2904 1.0
2903 2953 1.0
2904 2905 1.0
2904 2954 1.0
2905 2906 1.0
2905 2954 1.0
2906 2907 1.0
2906 2955 1.0
2907 2908 1.0
2907 2955 1.0
2908 2909 1.0
2908 2956 1.0
2909 2910 1.0
2909 2956 1.0
2910 2911 1.0
2910 2957 1.0
2911 2912 1.0
2911 2957 1.0
2912 2913 1.0
2912 2958 1.0
2913 2914 1.0
2913 2958 1.0
2914 2915 1.0
2914 2959 1.0
2915 2916 1.0
2915 2959 1.0
2916 2917 1.0
2916 2960 1.0
2917 2918 1.0
2917 2960 1.0
2918 2919 1.0
2918 2961 1.0
2919 2920 1.0
2919 2961 1.0
2920 2921 1.0
2920 2962 1.0
2921 2922 1.0
2921 2962 1.0
2922 2923 1.0
2922 2963 1.0
2923 2924 1.0
2923 2963 1.0
2924 2925 1.0
2924 2964 1.0
2925 2926 1.0
2925 2964 1.0
2926 2927 1.0
2926 2965 1.0
2927 2928 1.0
2927 2965 1.0
2928 2929 1.0
2928 2966 1.0
2929 2930 1.0
2929 2966 1.0
2930 2931 1.0
2930 2967 1.0
2931 2932 1.0
2931 2967 1.0
2932 2933 1.0
2932 2968 1.0
2933 2934 1.0
2933 2968 1.0
2934 2935 1.0
2934 2969 1.0
2935 2936 1.0
2935 2969 1.0
2936 2871 1.0
2936 2937 1.0
2937 2970 1.0
2937 2971 1.0
2938 2972 1.0
2938 2973 1.0
2939 2974 1.0
2939 2975 1.0
2940 2976 1.0
2940 2977 1.0
2941 2978 1.0
2941 2979 1.0
2942 2980 1.0
2942 2981 1.0
2943 2982 1.0
2943 2983 1.0
2944 2984 1.0
2944 2985 1.0
2945 2986 1.0
2945 2987 1.0
2946 2988 1.0
2946 2989 1.0
2947 2990 1.0
2947 2991 1.0
2948 2992 1.0
2948 2993 1.0
2949 2994 1.0
2949 2995 1.0
2950 2996 1.0
2950 2997 1.0
2951 2998 1.0
2951 2999 1.0
2952 3000 1.0
2952 3001 1.0
2953 3002 1.0
2953 3003 1.0
2954 3004 1.0
2954 3005 1.0
2955 3006 1.0
2955 3007 1.0
2956 3008 1.0
2956 3009 1.0
2957 3010 1.0
2957 3011 1.0
2958 3012 1.0
2958 3013 1.0
2959 3014 1.0
2959 3015 1.0
2960 3016 1.0
2960 3017 1.0
2961 3018 1.0
2961 3019 1.0
2962 3020 1.0
2962 3021 1.0
2963 3022 1.0
2963 3023 1.0
2964 3024 1.0
2964 3025 1.0
2965 3026 1.0
2965 3027 1.0
2966 3028 1.0
2966 3029 1.0
2967 3030 1.0
2967 3031 1.0
2968 3032 1.0
2968 3033 1.0
2969 3034 1.0
2969 3035 1.0
2970 2971 1.0
2970 3036 1.0
2971 2972 1.0
2971 3037 1.0
2972 2973 1.0
2972 3037 1.0
2973 2974 1.0
2973 3038 1.0
2974 2975 1.0
2974 3038 1.0
2975 2976 1.0
2975 3039 1.0
2976 2977 1.0
2976 3039 1.0
2977 2978 1.0
2977 3040 1.0
2978 2979 1.0
2978 3040 1.0
2979 2980 1.0
2979 3041 1.0
2980 2981 1.0
2980 3041 1.0
2981 2982 1.0
2981 3042 1.0
2982 2983 1.0
2982 3042 1.0
2983 2984 1.0
2983 3043 1.0
2984 2985 1.0
2984 3043 1.0
2985 2986 1.0
2985 3044 1.0
2986 2987 1.0
2986 3044 1.0
2987 2988 1.0
2987 3045 1.0
2988 2989 1.0
2988 3045 1.0
2989 2990 1.0
2989 3046 1.0
2990 2991 1.0
2990 3046 1.0
2991 2992 1.0
2991 3047 1.0
2992 2993 1.0
2992 3047 1.0
2993 2994 1.0
2993 3048 1.0
2994 2995 1.0
2994 3048 1.0
2995 2996 1.0
2995 3049 1.0
2996 2997 1.0
2996 3049 1.0
2997 2998 1.0
2997 3050 1.0
2998 2999 1.0
2998 3050 1.0
2999 3000 1.0
2999 3051 1.0
3000 3001 1.0
3000 3051 1.0
3001 3002 1.0
3001 3052 1.0
3002 3003 1.0
3002 3052 1.0
3003 3004 1.0
3003 3053 1.0
3004 3005 1.0
3004 3053 1.0
3005 3006 1.0
3005 3054 1.0
3006 3007 1.0
3006 3054 1.0
3007 3008 1.0
3007 3055 1.0
3008 3009 1.0
3008 3055 1.0
3009 3010 1.0
3009 3056 1.0
3010 3011 1.0
3010 3056 1.0
3011 3012 1.0
3011 3057 1.0
3012 3013 1.0
3012 3057 1.0
3013 3014 1.0
3013 3058 1.0
3014 3015 1.0
3014 3058 1.0
3015 3016 1.0
3015 3059 1.0
3016 3017 1.0
3016 3059 1.0
3017 3018 1.0
3017 3060 1.0
3018 3019 1.0
3018 3060 1.0
3019 3020 1.0
3019 3061 1.0
3020 3021 1.0
3020 3061 1.0
3021 3022 1.0
3021 3062 1.0
3022 3023 1.0
3022 3062 1.0
3023 3024 1.0
3023 3063 1.0
3024 3025 1.0
3024 3063 1.0
3025 3026 1.0
3025 3064 1.0
3026 3027 1.0
3026 3064 1.0
3027 3028 1.0
3027 3065 1.0
3028 3029 1.0
3028 3065 1.0
3029 3030 1.0
3029 3066 1.0
3030 3031 1.0
3030 3066 1.0
3031 3032 1.0
3031 3067 1.0
3032 3033 1.0
3032 3067 1.0
3033 3034 1.0
3033 3068 1.0
3034 3035 1.0
3034 3068 1.0
3035 2970 1.0
3035 3036 1.0
3036 3069 1.0
3036 3070 1.0
3037 3071 1.0
3037 3072 1.0
3038 3073 1.0
3038 3074 1.0
3039 3075 1.0
3039 3076 1.0
3040 3077 1.0
3040 3078 1.0
3041 3079 1.0
3041 3080 1.0
3042 3081 1.0
3042 3082 1.0
3043 3083 1.0
3043 3084 1.0
3044 3085 1.0
3044 3086 1.0
3045 3087 1.0
3045 3088 1.0
3046 3089 1.0
3046 3090 1.0
3047 3091 1.0
3047 3092 1.0
3048 3093 1.0
3048 3094 1.0
3049 3095 1.0
3049 3096 1.0
3050 3097 1.0
3050 3098 1.0
3051 3099 1.0
3051 3100 1.0
3052 3101 1.0
3052 3102 1.0
3053 3103 1.0
3053 3104 1.0
3054 3105 1.0
3054 3106 1.0
3055 3107 1.0
3055 3108 1.0
3056 3109 1.0
3056 3110 1.0
3057 3111 1.0
3057 3112 1.0
3058 3113 1.0
3058 3114 1.0
3059 3115 1.0
3059 3116 1.0
3060 3117 1.0
3060 3118 1.0
3061 3119 1.0
3061 3120 1.0
3062 3121 1.0
3062 3122 1.0
3063 3123 1.0
3063 3124 1.0
3064 3125 1.0
3064 3126 1.0
3065 3127 1.0
3065 3128 1.0
3066 3129 1.0
3066 3130 1.0
3067 3131 1.0
3067 3132 1.0
3068 3133 1.0
3068 3134 1.0
3069 3070 1.0
3069 3135 1.0
3070 3071 1.0
3070 3136 1.0
3071 3072 1.0
3071 3136 1.0
3072 3073 1.0
3072 3137 1.0
3073 3074 1.0
3073 3137 1.0
3074 3075 1.0
3074 3138 1.0
3075 3076 1.0
3075 3138 1.0
3076 3077 1.0
3076 3139 1.0
3077 3078 1.0
3077 3139 1.0
3078 3079 1.0
3078 3140 1.0
3079 3080 1.0
3079 3140 1.0
3080 3081 1.0
3080 3141 1.0
3081 3082 1.0
3081 3141 1.0
3082 3083 1.0
3082 3142 1.0
3083 3084 1.0
3083 3142 1.0
3084 3085 1.0
3084 3143 1.0
3085 3086 1.0
3085 3143 1.0
3086 3087 1.0
3086 3144 1.0
3087 3088 1.0
3087 3144 1.0
3088 3089 1.0
3088 3145 1.0
3089 3090 1.0
3089 3145 1.0
3090 3091 1.0
3090 3146 1.0
3091 3092 1.0
3091 3146 1.0
3092 3093 1.0
3092 3147 1.0
3093 3094 1.0
3093 3147 1.0
3094 3095 1.0
3094 3148 1.0
3095 3096 1.0
3095 3148 1.0
3096 3097 1.0
3096 3149 1.0
3097 3098 1.0
3097 3149 1.0
3098 3099 1.0
3098 3150 1.0
3099 3100 1.0
3099 3150 1.0
3100 3101 1.0
3100 3151 1.0
3101 3102 1.0
3101 3151 1.0
3102 3103 1.0
3102 3152 1.0
3103 3104 1.0
3103 3152 1.0
3104 3105 1.0
3104 3153 1.0
3105 3106 1.0
3105 3153 1.0
3106 3107 1.0
3106 3154 1.0
3107 3108 1.0
3107 3154 1.0
3108 3109 1.0
3108 3155 1.0
3109 3110 1.0
3109 3155 1.0
3110 3111 1.0
3110 3156 1.0
3111 3112 1.0
3111 3156 1.0
3112 3113 1.0
3112 3157 1.0
3113 3114 1.0
3113 3157 1.0
3114 3115 1.0
3114 3158 1.0
3115 3116 1.0
3115 3158 1.0
3116 3117 1.0
3116 3159 1.0
3117 3118 1.0
3117 3159 1.0
3118 3119 1.0
3118 3160 1.0
3119 3120 1.0
3119 3160 1.0
3120 3121 1.0
3120 3161 1.0
3121 3122 1.0
3121 3161 1.0
3122 3123 1.0
3122 3162 1.0
3123 3124 1.0
3123 3162 1.0
3124 3125 1.0
3124 3163 1.0
3125 3126 1.0
3125 3163 1.0
3126 3127 1.0
3126 3164 1.0
3127 3128 1.0
3127 3164 1.0
3128 3129 1.0
3128 3165 1.0
3129 3130 1.0
3129 3165 1.0
3130 3131 1.0
3130 3166 1.0
3131 3132 1.0
3131 3166 1.0
3132 3133 1.0
3132 3167 1.0
3133 3134 1.0
3133 3167 1.0
3134 3069 1.0
3134 3135 1.0
3135 3168 1.0
3135 3169 1.0
3136 3170 1.0
3136 3171 1.0
3137 3172 1.0
3137 3173 1.0
3138 3174 1.0
3138 3175 1.0
3139 3176 1.0
3139 3177 1.0
3140 3178 1.0
3140 3179 1.0
3141 3180 1.0
3141 3181 1.0
3142 3182 1.0
3142 3183 1.0
3143 3184 1.0
3143 3185 1.0
3144 3186 1.0
3144 3187 1.0
3145 3188 1.0
3145 3189 1.0
3146 3190 1.0
3146 3191 1.0
3147 3192 1.0
3147 3193 1.0
3148 3194 1.0
3148 3195 1.0
3149 3196 1.0
3149 3197 1.0
3150 3198 1.0
3150 3199 1.0
3151 3200 1.0
3151 3201 1.0
3152 3202 1.0
3152 3203 1.0
3153 3204 1.0
3153 3205 1.0
3154 3206 1.0
3154 3207 1.0
3155 3208 1.0
3155 3209 1.0
3156 3210 1.0
3156 3211 1.0
3157 3212 1.0
3157 3213 1.0
3158 3214 1.0
3158 3215 1.0
3159 3216 1.0
3159 3217 1.0
3160 3218 1.0
3160 3219 1.0
3161 3220 1.0
3161 3221 1.0
3162 3222 1.0
3162 3223 1.0
3163 3224 1.0
3163 3225 1.0
3164 3226 1.0
3164 3227 1.0
3165 3228 1.0
3165 3229 1.0
3166 3230 1.0
3166 3231 1.0
3167 3232 1.0
3167 3233 1.0
3168 3169 1.0
3168 3234 1.0
3169 3170 1.0
3169 3235 1.0
3170 3171 1.0
3170 3235 1.0
3171 3172 1.0
3171 3236 1.0
3172 3173 1.0
3172 3236 1.0
3173 3174 1.0
3173 3237 1.0
3174 3175 1.0
3174 3237 1.0
3175 3176 1.0
3175 3238 1.0
3176 3177 1.0
3176 3238 1.0
3177 3178 1.0
3177 3239 1.0
3178 3179 1.0
3178 3239 1.0
3179 3180 1.0
3179 3240 1.0
3180 3181 1.0
3180 3240 1.0
3181 3182 1.0
3181 3241 1.0
3182 3183 1.0
3182 3241 1.0
3183 3184 1.0
3183 3242 1.0
3184 3185 1.0
3184 3242 1.0
3185 3186 1.0
3185 3243 1.0
3186 3187 1.0
3186 3243 1.0
3187 3188 1.0
3187 3244 1.0
3188 3189 1.0
3188 3244 1.0
3189 3190 1.0
3189 3245 1.0
3190 3191 1.0
3190 3245 1.0
3191 3192 1.0
3191 3246 1.0
3192 3193 1.0
3192 3246 1.0
3193 3194 1.0
3193 3247 1.0
3194 3195 1.0
3194 3247 1.0
3195 3196 1.0
3195 3248 1.0
3196 3197 1.0
3196 3248 1.0
3197 3198 1.0
3197 3249 1.0
3198 3199 1.0
3198 3249 1.0
3199 3200 1.0
3199 3250 1.0
3200 3201 1.0
3200 3250 1.0
3201 3202 1.0
3201 3251 1.0
3202 3203 1.0
3202 3251 1.0
3203 3204 1.0
3203 3252 1.0
3204 3205 1.0
3204 3252 1.0
3205 3206 1.0
3205 3253 1.0
3206 3207 1.0
3206 3253 1.0
3207 3208 1.0
3207 3254 1.0
3208 3209 1.0
3208 3254 1.0
3209 3210 1.0
3209 3255 1.0
3210 3211 1.0
3210 3255 1.0
3211 3212 1.0
3211 3256 1.0
3212 3213 1.0
3212 3256 1.0
3213 3214 1.0
3213 3257 1.0
3214 3215 1.0
3214 3257 1.0
3215 3216 1.0
3215 3258 1.0
3216 3217 1.0
3216 3258 1.0
3217 3218 1.0
3217 3259 1.0
3218 3219 1.0
3218 3259 1.0
3219 3220 1.0
3219 3260 1.0
3220 3221 1.0
3220 3260 1.0
3221 3222 1.0
3221 3261 1.0
3222 3223 1.0
3222 3261 1.0
3223 3224 1.0
3223 3262 1.0
3224 3225 1.0
3224 3262 1.0
3225 3226 1.0
3225 3263 1.0
3226 3227 1.0
3226 3263 1.0
3227 3228 1.0
3227 3264 1.0
3228 3229 1.0
3228 3264 1.0
3229 3230 1.0
3229 3265 1.0
3230 3231 1.0
3230 3265 1.0
3231 3232 1.0
3231 3266 1.0
3232 3233 1.0
3232 3266 1.0
3233 3168 1.0
3233 3234 1.0
3234 0 1.0
3234 1 1.0
3235 2 1.0
3235 3 1.0
3236 4 1.0
3236 5 1.0
3237 6 1.0
3237 7 1.0
3238 8 1.0
3238 9 1.0
3239 10 1.0
3239 11 1.0
3240 12 1.0
3240 13 1.0
3241 14 1.0
3241 15 1.0
3242 16 1.0
3242 17 1.0
3243 18 1.0
3243 19 1.0
3244 20 1.0
3244 21 1.0
3245 22 1.0
3245 23 1.0
3246 24 1.0
3246 25 1.0
3247 26 1.0
3247 27 1.0
3248 28 1.0
3248 29 1.0
3249 30 1.0
3249 31 1.0
3250 32 1.0
3250 33 1.0
3251 34 1.0
3251 35 1.0
3252 36 1.0
3252 37 1.0
3253 38 1.0
3253 39 1.0
3254 40 1.0
3254 41 1.0
3255 42 1.0
3255 43 1.0
3256 44 1.0
3256 45 1.0
3257 46 1.0
3257 47 1.0
3258 48 1.0
3258 49 1.0
3259 50 1.0
3259 51 1.0
3260 52 1.0
3260 53 1.0
3261 54 1.0
3261 55 1.0
3262 56 1.0
3262 57 1.0
3263 58 1.0
3263 59 1.0
3264 60 1.0
3264 61 1.0
3265 62 1.0
3265 63 1.0
3266 64 1.0
3266 65 1.0
