# Model: L 6 W 6 Kagome Graph
0 1 1.0
0 6 1.0
1 2 1.0
1 7 1.0
2 3 1.0
2 7 1.0
3 4 1.0
3 8 1.0
4 5 1.0
4 8 1.0
5 0 1.0
5 6 1.0
6 9 1.0
6 10 1.0
8 11 1.0
8 12 1.0
10 13 1.0
10 14 1.0
12 10 1.0
12 15 1.0
13 11 1.0
13 16 1.0
14 12 1.0
14 16 1.0
15 13 1.0
15 17 1.0
16 14 1.0
16 17 1.0
17 9 1.0
17 15 1.0
18 18 1.0
18 19 1.0
20 20 1.0
20 21 1.0
22 22 1.0
22 23 1.0
24 19 1.0
24 24 1.0
25 20 1.0
25 25 1.0
26 21 1.0
26 25 1.0
27 22 1.0
27 26 1.0
28 23 1.0
28 26 1.0
29 18 1.0
29 24 1.0
30 0 1.0
30 1 1.0
32 2 1.0
32 3 1.0
34 4 1.0
34 5 1.0
