# Model: L 54 W 54 Kagome Graph
0 1 1.0
0 54 1.0
1 2 1.0
1 55 1.0
2 3 1.0
2 55 1.0
3 4 1.0
3 56 1.0
4 5 1.0
4 56 1.0
5 6 1.0
5 57 1.0
6 7 1.0
6 57 1.0
7 8 1.0
7 58 1.0
8 9 1.0
8 58 1.0
9 10 1.0
9 59 1.0
10 11 1.0
10 59 1.0
11 12 1.0
11 60 1.0
12 13 1.0
12 60 1.0
13 14 1.0
13 61 1.0
14 15 1.0
14 61 1.0
15 16 1.0
15 62 1.0
16 17 1.0
16 62 1.0
17 18 1.0
17 63 1.0
18 19 1.0
18 63 1.0
19 20 1.0
19 64 1.0
20 21 1.0
20 64 1.0
21 22 1.0
21 65 1.0
22 23 1.0
22 65 1.0
23 24 1.0
23 66 1.0
24 25 1.0
24 66 1.0
25 26 1.0
25 67 1.0
26 27 1.0
26 67 1.0
27 28 1.0
27 68 1.0
28 29 1.0
28 68 1.0
29 30 1.0
29 69 1.0
30 31 1.0
30 69 1.0
31 32 1.0
31 70 1.0
32 33 1.0
32 70 1.0
33 34 1.0
33 71 1.0
34 35 1.0
34 71 1.0
35 36 1.0
35 72 1.0
36 37 1.0
36 72 1.0
37 38 1.0
37 73 1.0
38 39 1.0
38 73 1.0
39 40 1.0
39 74 1.0
40 41 1.0
40 74 1.0
41 42 1.0
41 75 1.0
42 43 1.0
42 75 1.0
43 44 1.0
43 76 1.0
44 45 1.0
44 76 1.0
45 46 1.0
45 77 1.0
46 47 1.0
46 77 1.0
47 48 1.0
47 78 1.0
48 49 1.0
48 78 1.0
49 50 1.0
49 79 1.0
50 51 1.0
50 79 1.0
51 52 1.0
51 80 1.0
52 53 1.0
52 80 1.0
53 0 1.0
53 54 1.0
54 81 1.0
54 82 1.0
55 83 1.0
55 84 1.0
56 85 1.0
56 86 1.0
57 87 1.0
57 88 1.0
58 89 1.0
58 90 1.0
59 91 1.0
59 92 1.0
60 93 1.0
60 94 1.0
61 95 1.0
61 96 1.0
62 97 1.0
62 98 1.0
63 99 1.0
63 100 1.0
64 101 1.0
64 102 1.0
65 103 1.0
65 104 1.0
66 105 1.0
66 106 1.0
67 107 1.0
67 108 1.0
68 109 1.0
68 110 1.0
69 111 1.0
69 112 1.0
70 113 1.0
70 114 1.0
71 115 1.0
71 116 1.0
72 117 1.0
72 118 1.0
73 119 1.0
73 120 1.0
74 121 1.0
74 122 1.0
75 123 1.0
75 124 1.0
76 125 1.0
76 126 1.0
77 127 1.0
77 128 1.0
78 129 1.0
78 130 1.0
79 131 1.0
79 132 1.0
80 133 1.0
80 134 1.0
81 82 1.0
81 135 1.0
82 83 1.0
82 136 1.0
83 84 1.0
83 136 1.0
84 85 1.0
84 137 1.0
85 86 1.0
85 137 1.0
86 87 1.0
86 138 1.0
87 88 1.0
87 138 1.0
88 89 1.0
88 139 1.0
89 90 1.0
89 139 1.0
90 91 1.0
90 140 1.0
91 92 1.0
91 140 1.0
92 93 1.0
92 141 1.0
93 94 1.0
93 141 1.0
94 95 1.0
94 142 1.0
95 96 1.0
95 142 1.0
96 97 1.0
96 143 1.0
97 98 1.0
97 143 1.0
98 99 1.0
98 144 1.0
99 100 1.0
99 144 1.0
100 101 1.0
100 145 1.0
101 102 1.0
101 145 1.0
102 103 1.0
102 146 1.0
103 104 1.0
103 146 1.0
104 105 1.0
104 147 1.0
105 106 1.0
105 147 1.0
106 107 1.0
106 148 1.0
107 108 1.0
107 148 1.0
108 109 1.0
108 149 1.0
109 110 1.0
109 149 1.0
110 111 1.0
110 150 1.0
111 112 1.0
111 150 1.0
112 113 1.0
112 151 1.0
113 114 1.0
113 151 1.0
114 115 1.0
114 152 1.0
115 116 1.0
115 152 1.0
116 117 1.0
116 153 1.0
117 118 1.0
117 153 1.0
118 119 1.0
118 154 1.0
119 120 1.0
119 154 1.0
120 121 1.0
120 155 1.0
121 122 1.0
121 155 1.0
122 123 1.0
122 156 1.0
123 124 1.0
123 156 1.0
124 125 1.0
124 157 1.0
125 126 1.0
125 157 1.0
126 127 1.0
126 158 1.0
127 128 1.0
127 158 1.0
128 129 1.0
128 159 1.0
129 130 1.0
129 159 1.0
130 131 1.0
130 160 1.0
131 132 1.0
131 160 1.0
132 133 1.0
132 161 1.0
133 134 1.0
133 161 1.0
134 81 1.0
134 135 1.0
135 162 1.0
135 163 1.0
136 164 1.0
136 165 1.0
137 166 1.0
137 167 1.0
138 168 1.0
138 169 1.0
139 170 1.0
139 171 1.0
140 172 1.0
140 173 1.0
141 174 1.0
141 175 1.0
142 176 1.0
142 177 1.0
143 178 1.0
143 179 1.0
144 180 1.0
144 181 1.0
145 182 1.0
145 183 1.0
146 184 1.0
146 185 1.0
147 186 1.0
147 187 1.0
148 188 1.0
148 189 1.0
149 190 1.0
149 191 1.0
150 192 1.0
150 193 1.0
151 194 1.0
151 195 1.0
152 196 1.0
152 197 1.0
153 198 1.0
153 199 1.0
154 200 1.0
154 201 1.0
155 202 1.0
155 203 1.0
156 204 1.0
156 205 1.0
157 206 1.0
157 207 1.0
158 208 1.0
158 209 1.0
159 210 1.0
159 211 1.0
160 212 1.0
160 213 1.0
161 214 1.0
161 215 1.0
162 163 1.0
162 216 1.0
163 164 1.0
163 217 1.0
164 165 1.0
164 217 1.0
165 166 1.0
165 218 1.0
166 167 1.0
166 218 1.0
167 168 1.0
167 219 1.0
168 169 1.0
168 219 1.0
169 170 1.0
169 220 1.0
170 171 1.0
170 220 1.0
171 172 1.0
171 221 1.0
172 173 1.0
172 221 1.0
173 174 1.0
173 222 1.0
174 175 1.0
174 222 1.0
175 176 1.0
175 223 1.0
176 177 1.0
176 223 1.0
177 178 1.0
177 224 1.0
178 179 1.0
178 224 1.0
179 180 1.0
179 225 1.0
180 181 1.0
180 225 1.0
181 182 1.0
181 226 1.0
182 183 1.0
182 226 1.0
183 184 1.0
183 227 1.0
184 185 1.0
184 227 1.0
185 186 1.0
185 228 1.0
186 187 1.0
186 228 1.0
187 188 1.0
187 229 1.0
188 189 1.0
188 229 1.0
189 190 1.0
189 230 1.0
190 191 1.0
190 230 1.0
191 192 1.0
191 231 1.0
192 193 1.0
192 231 1.0
193 194 1.0
193 232 1.0
194 195 1.0
194 232 1.0
195 196 1.0
195 233 1.0
196 197 1.0
196 233 1.0
197 198 1.0
197 234 1.0
198 199 1.0
198 234 1.0
199 200 1.0
199 235 1.0
200 201 1.0
200 235 1.0
201 202 1.0
201 236 1.0
202 203 1.0
202 236 1.0
203 204 1.0
203 237 1.0
204 205 1.0
204 237 1.0
205 206 1.0
205 238 1.0
206 207 1.0
206 238 1.0
207 208 1.0
207 239 1.0
208 209 1.0
208 239 1.0
209 210 1.0
209 240 1.0
210 211 1.0
210 240 1.0
211 212 1.0
211 241 1.0
212 213 1.0
212 241 1.0
213 214 1.0
213 242 1.0
214 215 1.0
214 242 1.0
215 162 1.0
215 216 1.0
216 243 1.0
216 244 1.0
217 245 1.0
217 246 1.0
218 247 1.0
218 248 1.0
219 249 1.0
219 250 1.0
220 251 1.0
220 252 1.0
221 253 1.0
221 254 1.0
222 255 1.0
222 256 1.0
223 257 1.0
223 258 1.0
224 259 1.0
224 260 1.0
225 261 1.0
225 262 1.0
226 263 1.0
226 264 1.0
227 265 1.0
227 266 1.0
228 267 1.0
228 268 1.0
229 269 1.0
229 270 1.0
230 271 1.0
230 272 1.0
231 273 1.0
231 274 1.0
232 275 1.0
232 276 1.0
233 277 1.0
233 278 1.0
234 279 1.0
234 280 1.0
235 281 1.0
235 282 1.0
236 283 1.0
236 284 1.0
237 285 1.0
237 286 1.0
238 287 1.0
238 288 1.0
239 289 1.0
239 290 1.0
240 291 1.0
240 292 1.0
241 293 1.0
241 294 1.0
242 295 1.0
242 296 1.0
243 244 1.0
243 297 1.0
244 245 1.0
244 298 1.0
245 246 1.0
245 298 1.0
246 247 1.0
246 299 1.0
247 248 1.0
247 299 1.0
248 249 1.0
248 300 1.0
249 250 1.0
249 300 1.0
250 251 1.0
250 301 1.0
251 252 1.0
251 301 1.0
252 253 1.0
252 302 1.0
253 254 1.0
253 302 1.0
254 255 1.0
254 303 1.0
255 256 1.0
255 303 1.0
256 257 1.0
256 304 1.0
257 258 1.0
257 304 1.0
258 259 1.0
258 305 1.0
259 260 1.0
259 305 1.0
260 261 1.0
260 306 1.0
261 262 1.0
261 306 1.0
262 263 1.0
262 307 1.0
263 264 1.0
263 307 1.0
264 265 1.0
264 308 1.0
265 266 1.0
265 308 1.0
266 267 1.0
266 309 1.0
267 268 1.0
267 309 1.0
268 269 1.0
268 310 1.0
269 270 1.0
269 310 1.0
270 271 1.0
270 311 1.0
271 272 1.0
271 311 1.0
272 273 1.0
272 312 1.0
273 274 1.0
273 312 1.0
274 275 1.0
274 313 1.0
275 276 1.0
275 313 1.0
276 277 1.0
276 314 1.0
277 278 1.0
277 314 1.0
278 279 1.0
278 315 1.0
279 280 1.0
279 315 1.0
280 281 1.0
280 316 1.0
281 282 1.0
281 316 1.0
282 283 1.0
282 317 1.0
283 284 1.0
283 317 1.0
284 285 1.0
284 318 1.0
285 286 1.0
285 318 1.0
286 287 1.0
286 319 1.0
287 288 1.0
287 319 1.0
288 289 1.0
288 320 1.0
289 290 1.0
289 320 1.0
290 291 1.0
290 321 1.0
291 292 1.0
291 321 1.0
292 293 1.0
292 322 1.0
293 294 1.0
293 322 1.0
294 295 1.0
294 323 1.0
295 296 1.0
295 323 1.0
296 243 1.0
296 297 1.0
297 324 1.0
297 325 1.0
298 326 1.0
298 327 1.0
299 328 1.0
299 329 1.0
300 330 1.0
300 331 1.0
301 332 1.0
301 333 1.0
302 334 1.0
302 335 1.0
303 336 1.0
303 337 1.0
304 338 1.0
304 339 1.0
305 340 1.0
305 341 1.0
306 342 1.0
306 343 1.0
307 344 1.0
307 345 1.0
308 346 1.0
308 347 1.0
309 348 1.0
309 349 1.0
310 350 1.0
310 351 1.0
311 352 1.0
311 353 1.0
312 354 1.0
312 355 1.0
313 356 1.0
313 357 1.0
314 358 1.0
314 359 1.0
315 360 1.0
315 361 1.0
316 362 1.0
316 363 1.0
317 364 1.0
317 365 1.0
318 366 1.0
318 367 1.0
319 368 1.0
319 369 1.0
320 370 1.0
320 371 1.0
321 372 1.0
321 373 1.0
322 374 1.0
322 375 1.0
323 376 1.0
323 377 1.0
324 325 1.0
324 378 1.0
325 326 1.0
325 379 1.0
326 327 1.0
326 379 1.0
327 328 1.0
327 380 1.0
328 329 1.0
328 380 1.0
329 330 1.0
329 381 1.0
330 331 1.0
330 381 1.0
331 332 1.0
331 382 1.0
332 333 1.0
332 382 1.0
333 334 1.0
333 383 1.0
334 335 1.0
334 383 1.0
335 336 1.0
335 384 1.0
336 337 1.0
336 384 1.0
337 338 1.0
337 385 1.0
338 339 1.0
338 385 1.0
339 340 1.0
339 386 1.0
340 341 1.0
340 386 1.0
341 342 1.0
341 387 1.0
342 343 1.0
342 387 1.0
343 344 1.0
343 388 1.0
344 345 1.0
344 388 1.0
345 346 1.0
345 389 1.0
346 347 1.0
346 389 1.0
347 348 1.0
347 390 1.0
348 349 1.0
348 390 1.0
349 350 1.0
349 391 1.0
350 351 1.0
350 391 1.0
351 352 1.0
351 392 1.0
352 353 1.0
352 392 1.0
353 354 1.0
353 393 1.0
354 355 1.0
354 393 1.0
355 356 1.0
355 394 1.0
356 357 1.0
356 394 1.0
357 358 1.0
357 395 1.0
358 359 1.0
358 395 1.0
359 360 1.0
359 396 1.0
360 361 1.0
360 396 1.0
361 362 1.0
361 397 1.0
362 363 1.0
362 397 1.0
363 364 1.0
363 398 1.0
364 365 1.0
364 398 1.0
365 366 1.0
365 399 1.0
366 367 1.0
366 399 1.0
367 368 1.0
367 400 1.0
368 369 1.0
368 400 1.0
369 370 1.0
369 401 1.0
370 371 1.0
370 401 1.0
371 372 1.0
371 402 1.0
372 373 1.0
372 402 1.0
373 374 1.0
373 403 1.0
374 375 1.0
374 403 1.0
375 376 1.0
375 404 1.0
376 377 1.0
376 404 1.0
377 324 1.0
377 378 1.0
378 405 1.0
378 406 1.0
379 407 1.0
379 408 1.0
380 409 1.0
380 410 1.0
381 411 1.0
381 412 1.0
382 413 1.0
382 414 1.0
383 415 1.0
383 416 1.0
384 417 1.0
384 418 1.0
385 419 1.0
385 420 1.0
386 421 1.0
386 422 1.0
387 423 1.0
387 424 1.0
388 425 1.0
388 426 1.0
389 427 1.0
389 428 1.0
390 429 1.0
390 430 1.0
391 431 1.0
391 432 1.0
392 433 1.0
392 434 1.0
393 435 1.0
393 436 1.0
394 437 1.0
394 438 1.0
395 439 1.0
395 440 1.0
396 441 1.0
396 442 1.0
397 443 1.0
397 444 1.0
398 445 1.0
398 446 1.0
399 447 1.0
399 448 1.0
400 449 1.0
400 450 1.0
401 451 1.0
401 452 1.0
402 453 1.0
402 454 1.0
403 455 1.0
403 456 1.0
404 457 1.0
404 458 1.0
405 406 1.0
405 459 1.0
406 407 1.0
406 460 1.0
407 408 1.0
407 460 1.0
408 409 1.0
408 461 1.0
409 410 1.0
409 461 1.0
410 411 1.0
410 462 1.0
411 412 1.0
411 462 1.0
412 413 1.0
412 463 1.0
413 414 1.0
413 463 1.0
414 415 1.0
414 464 1.0
415 416 1.0
415 464 1.0
416 417 1.0
416 465 1.0
417 418 1.0
417 465 1.0
418 419 1.0
418 466 1.0
419 420 1.0
419 466 1.0
420 421 1.0
420 467 1.0
421 422 1.0
421 467 1.0
422 423 1.0
422 468 1.0
423 424 1.0
423 468 1.0
424 425 1.0
424 469 1.0
425 426 1.0
425 469 1.0
426 427 1.0
426 470 1.0
427 428 1.0
427 470 1.0
428 429 1.0
428 471 1.0
429 430 1.0
429 471 1.0
430 431 1.0
430 472 1.0
431 432 1.0
431 472 1.0
432 433 1.0
432 473 1.0
433 434 1.0
433 473 1.0
434 435 1.0
434 474 1.0
435 436 1.0
435 474 1.0
436 437 1.0
436 475 1.0
437 438 1.0
437 475 1.0
438 439 1.0
438 476 1.0
439 440 1.0
439 476 1.0
440 441 1.0
440 477 1.0
441 442 1.0
441 477 1.0
442 443 1.0
442 478 1.0
443 444 1.0
443 478 1.0
444 445 1.0
444 479 1.0
445 446 1.0
445 479 1.0
446 447 1.0
446 480 1.0
447 448 1.0
447 480 1.0
448 449 1.0
448 481 1.0
449 450 1.0
449 481 1.0
450 451 1.0
450 482 1.0
451 452 1.0
451 482 1.0
452 453 1.0
452 483 1.0
453 454 1.0
453 483 1.0
454 455 1.0
454 484 1.0
455 456 1.0
455 484 1.0
456 457 1.0
456 485 1.0
457 458 1.0
457 485 1.0
458 405 1.0
458 459 1.0
459 486 1.0
459 487 1.0
460 488 1.0
460 489 1.0
461 490 1.0
461 491 1.0
462 492 1.0
462 493 1.0
463 494 1.0
463 495 1.0
464 496 1.0
464 497 1.0
465 498 1.0
465 499 1.0
466 500 1.0
466 501 1.0
467 502 1.0
467 503 1.0
468 504 1.0
468 505 1.0
469 506 1.0
469 507 1.0
470 508 1.0
470 509 1.0
471 510 1.0
471 511 1.0
472 512 1.0
472 513 1.0
473 514 1.0
473 515 1.0
474 516 1.0
474 517 1.0
475 518 1.0
475 519 1.0
476 520 1.0
476 521 1.0
477 522 1.0
477 523 1.0
478 524 1.0
478 525 1.0
479 526 1.0
479 527 1.0
480 528 1.0
480 529 1.0
481 530 1.0
481 531 1.0
482 532 1.0
482 533 1.0
483 534 1.0
483 535 1.0
484 536 1.0
484 537 1.0
485 538 1.0
485 539 1.0
486 487 1.0
486 540 1.0
487 488 1.0
487 541 1.0
488 489 1.0
488 541 1.0
489 490 1.0
489 542 1.0
490 491 1.0
490 542 1.0
491 492 1.0
491 543 1.0
492 493 1.0
492 543 1.0
493 494 1.0
493 544 1.0
494 495 1.0
494 544 1.0
495 496 1.0
495 545 1.0
496 497 1.0
496 545 1.0
497 498 1.0
497 546 1.0
498 499 1.0
498 546 1.0
499 500 1.0
499 547 1.0
500 501 1.0
500 547 1.0
501 502 1.0
501 548 1.0
502 503 1.0
502 548 1.0
503 504 1.0
503 549 1.0
504 505 1.0
504 549 1.0
505 506 1.0
505 550 1.0
506 507 1.0
506 550 1.0
507 508 1.0
507 551 1.0
508 509 1.0
508 551 1.0
509 510 1.0
509 552 1.0
510 511 1.0
510 552 1.0
511 512 1.0
511 553 1.0
512 513 1.0
512 553 1.0
513 514 1.0
513 554 1.0
514 515 1.0
514 554 1.0
515 516 1.0
515 555 1.0
516 517 1.0
516 555 1.0
517 518 1.0
517 556 1.0
518 519 1.0
518 556 1.0
519 520 1.0
519 557 1.0
520 521 1.0
520 557 1.0
521 522 1.0
521 558 1.0
522 523 1.0
522 558 1.0
523 524 1.0
523 559 1.0
524 525 1.0
524 559 1.0
525 526 1.0
525 560 1.0
526 527 1.0
526 560 1.0
527 528 1.0
527 561 1.0
528 529 1.0
528 561 1.0
529 530 1.0
529 562 1.0
530 531 1.0
530 562 1.0
531 532 1.0
531 563 1.0
532 533 1.0
532 563 1.0
533 534 1.0
533 564 1.0
534 535 1.0
534 564 1.0
535 536 1.0
535 565 1.0
536 537 1.0
536 565 1.0
537 538 1.0
537 566 1.0
538 539 1.0
538 566 1.0
539 486 1.0
539 540 1.0
540 567 1.0
540 568 1.0
541 569 1.0
541 570 1.0
542 571 1.0
542 572 1.0
543 573 1.0
543 574 1.0
544 575 1.0
544 576 1.0
545 577 1.0
545 578 1.0
546 579 1.0
546 580 1.0
547 581 1.0
547 582 1.0
548 583 1.0
548 584 1.0
549 585 1.0
549 586 1.0
550 587 1.0
550 588 1.0
551 589 1.0
551 590 1.0
552 591 1.0
552 592 1.0
553 593 1.0
553 594 1.0
554 595 1.0
554 596 1.0
555 597 1.0
555 598 1.0
556 599 1.0
556 600 1.0
557 601 1.0
557 602 1.0
558 603 1.0
558 604 1.0
559 605 1.0
559 606 1.0
560 607 1.0
560 608 1.0
561 609 1.0
561 610 1.0
562 611 1.0
562 612 1.0
563 613 1.0
563 614 1.0
564 615 1.0
564 616 1.0
565 617 1.0
565 618 1.0
566 619 1.0
566 620 1.0
567 568 1.0
567 621 1.0
568 569 1.0
568 622 1.0
569 570 1.0
569 622 1.0
570 571 1.0
570 623 1.0
571 572 1.0
571 623 1.0
572 573 1.0
572 624 1.0
573 574 1.0
573 624 1.0
574 575 1.0
574 625 1.0
575 576 1.0
575 625 1.0
576 577 1.0
576 626 1.0
577 578 1.0
577 626 1.0
578 579 1.0
578 627 1.0
579 580 1.0
579 627 1.0
580 581 1.0
580 628 1.0
581 582 1.0
581 628 1.0
582 583 1.0
582 629 1.0
583 584 1.0
583 629 1.0
584 585 1.0
584 630 1.0
585 586 1.0
585 630 1.0
586 587 1.0
586 631 1.0
587 588 1.0
587 631 1.0
588 589 1.0
588 632 1.0
589 590 1.0
589 632 1.0
590 591 1.0
590 633 1.0
591 592 1.0
591 633 1.0
592 593 1.0
592 634 1.0
593 594 1.0
593 634 1.0
594 595 1.0
594 635 1.0
595 596 1.0
595 635 1.0
596 597 1.0
596 636 1.0
597 598 1.0
597 636 1.0
598 599 1.0
598 637 1.0
599 600 1.0
599 637 1.0
600 601 1.0
600 638 1.0
601 602 1.0
601 638 1.0
602 603 1.0
602 639 1.0
603 604 1.0
603 639 1.0
604 605 1.0
604 640 1.0
605 606 1.0
605 640 1.0
606 607 1.0
606 641 1.0
607 608 1.0
607 641 1.0
608 609 1.0
608 642 1.0
609 610 1.0
609 642 1.0
610 611 1.0
610 643 1.0
611 612 1.0
611 643 1.0
612 613 1.0
612 644 1.0
613 614 1.0
613 644 1.0
614 615 1.0
614 645 1.0
615 616 1.0
615 645 1.0
616 617 1.0
616 646 1.0
617 618 1.0
617 646 1.0
618 619 1.0
618 647 1.0
619 620 1.0
619 647 1.0
620 567 1.0
620 621 1.0
621 648 1.0
621 649 1.0
622 650 1.0
622 651 1.0
623 652 1.0
623 653 1.0
624 654 1.0
624 655 1.0
625 656 1.0
625 657 1.0
626 658 1.0
626 659 1.0
627 660 1.0
627 661 1.0
628 662 1.0
628 663 1.0
629 664 1.0
629 665 1.0
630 666 1.0
630 667 1.0
631 668 1.0
631 669 1.0
632 670 1.0
632 671 1.0
633 672 1.0
633 673 1.0
634 674 1.0
634 675 1.0
635 676 1.0
635 677 1.0
636 678 1.0
636 679 1.0
637 680 1.0
637 681 1.0
638 682 1.0
638 683 1.0
639 684 1.0
639 685 1.0
640 686 1.0
640 687 1.0
641 688 1.0
641 689 1.0
642 690 1.0
642 691 1.0
643 692 1.0
643 693 1.0
644 694 1.0
644 695 1.0
645 696 1.0
645 697 1.0
646 698 1.0
646 699 1.0
647 700 1.0
647 701 1.0
648 649 1.0
648 702 1.0
649 650 1.0
649 703 1.0
650 651 1.0
650 703 1.0
651 652 1.0
651 704 1.0
652 653 1.0
652 704 1.0
653 654 1.0
653 705 1.0
654 655 1.0
654 705 1.0
655 656 1.0
655 706 1.0
656 657 1.0
656 706 1.0
657 658 1.0
657 707 1.0
658 659 1.0
658 707 1.0
659 660 1.0
659 708 1.0
660 661 1.0
660 708 1.0
661 662 1.0
661 709 1.0
662 663 1.0
662 709 1.0
663 664 1.0
663 710 1.0
664 665 1.0
664 710 1.0
665 666 1.0
665 711 1.0
666 667 1.0
666 711 1.0
667 668 1.0
667 712 1.0
668 669 1.0
668 712 1.0
669 670 1.0
669 713 1.0
670 671 1.0
670 713 1.0
671 672 1.0
671 714 1.0
672 673 1.0
672 714 1.0
673 674 1.0
673 715 1.0
674 675 1.0
674 715 1.0
675 676 1.0
675 716 1.0
676 677 1.0
676 716 1.0
677 678 1.0
677 717 1.0
678 679 1.0
678 717 1.0
679 680 1.0
679 718 1.0
680 681 1.0
680 718 1.0
681 682 1.0
681 719 1.0
682 683 1.0
682 719 1.0
683 684 1.0
683 720 1.0
684 685 1.0
684 720 1.0
685 686 1.0
685 721 1.0
686 687 1.0
686 721 1.0
687 688 1.0
687 722 1.0
688 689 1.0
688 722 1.0
689 690 1.0
689 723 1.0
690 691 1.0
690 723 1.0
691 692 1.0
691 724 1.0
692 693 1.0
692 724 1.0
693 694 1.0
693 725 1.0
694 695 1.0
694 725 1.0
695 696 1.0
695 726 1.0
696 697 1.0
696 726 1.0
697 698 1.0
697 727 1.0
698 699 1.0
698 727 1.0
699 700 1.0
699 728 1.0
700 701 1.0
700 728 1.0
701 648 1.0
701 702 1.0
702 729 1.0
702 730 1.0
703 731 1.0
703 732 1.0
704 733 1.0
704 734 1.0
705 735 1.0
705 736 1.0
706 737 1.0
706 738 1.0
707 739 1.0
707 740 1.0
708 741 1.0
708 742 1.0
709 743 1.0
709 744 1.0
710 745 1.0
710 746 1.0
711 747 1.0
711 748 1.0
712 749 1.0
712 750 1.0
713 751 1.0
713 752 1.0
714 753 1.0
714 754 1.0
715 755 1.0
715 756 1.0
716 757 1.0
716 758 1.0
717 759 1.0
717 760 1.0
718 761 1.0
718 762 1.0
719 763 1.0
719 764 1.0
720 765 1.0
720 766 1.0
721 767 1.0
721 768 1.0
722 769 1.0
722 770 1.0
723 771 1.0
723 772 1.0
724 773 1.0
724 774 1.0
725 775 1.0
725 776 1.0
726 777 1.0
726 778 1.0
727 779 1.0
727 780 1.0
728 781 1.0
728 782 1.0
729 730 1.0
729 783 1.0
730 731 1.0
730 784 1.0
731 732 1.0
731 784 1.0
732 733 1.0
732 785 1.0
733 734 1.0
733 785 1.0
734 735 1.0
734 786 1.0
735 736 1.0
735 786 1.0
736 737 1.0
736 787 1.0
737 738 1.0
737 787 1.0
738 739 1.0
738 788 1.0
739 740 1.0
739 788 1.0
740 741 1.0
740 789 1.0
741 742 1.0
741 789 1.0
742 743 1.0
742 790 1.0
743 744 1.0
743 790 1.0
744 745 1.0
744 791 1.0
745 746 1.0
745 791 1.0
746 747 1.0
746 792 1.0
747 748 1.0
747 792 1.0
748 749 1.0
748 793 1.0
749 750 1.0
749 793 1.0
750 751 1.0
750 794 1.0
751 752 1.0
751 794 1.0
752 753 1.0
752 795 1.0
753 754 1.0
753 795 1.0
754 755 1.0
754 796 1.0
755 756 1.0
755 796 1.0
756 757 1.0
756 797 1.0
757 758 1.0
757 797 1.0
758 759 1.0
758 798 1.0
759 760 1.0
759 798 1.0
760 761 1.0
760 799 1.0
761 762 1.0
761 799 1.0
762 763 1.0
762 800 1.0
763 764 1.0
763 800 1.0
764 765 1.0
764 801 1.0
765 766 1.0
765 801 1.0
766 767 1.0
766 802 1.0
767 768 1.0
767 802 1.0
768 769 1.0
768 803 1.0
769 770 1.0
769 803 1.0
770 771 1.0
770 804 1.0
771 772 1.0
771 804 1.0
772 773 1.0
772 805 1.0
773 774 1.0
773 805 1.0
774 775 1.0
774 806 1.0
775 776 1.0
775 806 1.0
776 777 1.0
776 807 1.0
777 778 1.0
777 807 1.0
778 779 1.0
778 808 1.0
779 780 1.0
779 808 1.0
780 781 1.0
780 809 1.0
781 782 1.0
781 809 1.0
782 729 1.0
782 783 1.0
783 810 1.0
783 811 1.0
784 812 1.0
784 813 1.0
785 814 1.0
785 815 1.0
786 816 1.0
786 817 1.0
787 818 1.0
787 819 1.0
788 820 1.0
788 821 1.0
789 822 1.0
789 823 1.0
790 824 1.0
790 825 1.0
791 826 1.0
791 827 1.0
792 828 1.0
792 829 1.0
793 830 1.0
793 831 1.0
794 832 1.0
794 833 1.0
795 834 1.0
795 835 1.0
796 836 1.0
796 837 1.0
797 838 1.0
797 839 1.0
798 840 1.0
798 841 1.0
799 842 1.0
799 843 1.0
800 844 1.0
800 845 1.0
801 846 1.0
801 847 1.0
802 848 1.0
802 849 1.0
803 850 1.0
803 851 1.0
804 852 1.0
804 853 1.0
805 854 1.0
805 855 1.0
806 856 1.0
806 857 1.0
807 858 1.0
807 859 1.0
808 860 1.0
808 861 1.0
809 862 1.0
809 863 1.0
810 811 1.0
810 864 1.0
811 812 1.0
811 865 1.0
812 813 1.0
812 865 1.0
813 814 1.0
813 866 1.0
814 815 1.0
814 866 1.0
815 816 1.0
815 867 1.0
816 817 1.0
816 867 1.0
817 818 1.0
817 868 1.0
818 819 1.0
818 868 1.0
819 820 1.0
819 869 1.0
820 821 1.0
820 869 1.0
821 822 1.0
821 870 1.0
822 823 1.0
822 870 1.0
823 824 1.0
823 871 1.0
824 825 1.0
824 871 1.0
825 826 1.0
825 872 1.0
826 827 1.0
826 872 1.0
827 828 1.0
827 873 1.0
828 829 1.0
828 873 1.0
829 830 1.0
829 874 1.0
830 831 1.0
830 874 1.0
831 832 1.0
831 875 1.0
832 833 1.0
832 875 1.0
833 834 1.0
833 876 1.0
834 835 1.0
834 876 1.0
835 836 1.0
835 877 1.0
836 837 1.0
836 877 1.0
837 838 1.0
837 878 1.0
838 839 1.0
838 878 1.0
839 840 1.0
839 879 1.0
840 841 1.0
840 879 1.0
841 842 1.0
841 880 1.0
842 843 1.0
842 880 1.0
843 844 1.0
843 881 1.0
844 845 1.0
844 881 1.0
845 846 1.0
845 882 1.0
846 847 1.0
846 882 1.0
847 848 1.0
847 883 1.0
848 849 1.0
848 883 1.0
849 850 1.0
849 884 1.0
850 851 1.0
850 884 1.0
851 852 1.0
851 885 1.0
852 853 1.0
852 885 1.0
853 854 1.0
853 886 1.0
854 855 1.0
854 886 1.0
855 856 1.0
855 887 1.0
856 857 1.0
856 887 1.0
857 858 1.0
857 888 1.0
858 859 1.0
858 888 1.0
859 860 1.0
859 889 1.0
860 861 1.0
860 889 1.0
861 862 1.0
861 890 1.0
862 863 1.0
862 890 1.0
863 810 1.0
863 864 1.0
864 891 1.0
864 892 1.0
865 893 1.0
865 894 1.0
866 895 1.0
866 896 1.0
867 897 1.0
867 898 1.0
868 899 1.0
868 900 1.0
869 901 1.0
869 902 1.0
870 903 1.0
870 904 1.0
871 905 1.0
871 906 1.0
872 907 1.0
872 908 1.0
873 909 1.0
873 910 1.0
874 911 1.0
874 912 1.0
875 913 1.0
875 914 1.0
876 915 1.0
876 916 1.0
877 917 1.0
877 918 1.0
878 919 1.0
878 920 1.0
879 921 1.0
879 922 1.0
880 923 1.0
880 924 1.0
881 925 1.0
881 926 1.0
882 927 1.0
882 928 1.0
883 929 1.0
883 930 1.0
884 931 1.0
884 932 1.0
885 933 1.0
885 934 1.0
886 935 1.0
886 936 1.0
887 937 1.0
887 938 1.0
888 939 1.0
888 940 1.0
889 941 1.0
889 942 1.0
890 943 1.0
890 944 1.0
891 892 1.0
891 945 1.0
892 893 1.0
892 946 1.0
893 894 1.0
893 946 1.0
894 895 1.0
894 947 1.0
895 896 1.0
895 947 1.0
896 897 1.0
896 948 1.0
897 898 1.0
897 948 1.0
898 899 1.0
898 949 1.0
899 900 1.0
899 949 1.0
900 901 1.0
900 950 1.0
901 902 1.0
901 950 1.0
902 903 1.0
902 951 1.0
903 904 1.0
903 951 1.0
904 905 1.0
904 952 1.0
905 906 1.0
905 952 1.0
906 907 1.0
906 953 1.0
907 908 1.0
907 953 1.0
908 909 1.0
908 954 1.0
909 910 1.0
909 954 1.0
910 911 1.0
910 955 1.0
911 912 1.0
911 955 1.0
912 913 1.0
912 956 1.0
913 914 1.0
913 956 1.0
914 915 1.0
914 957 1.0
915 916 1.0
915 957 1.0
916 917 1.0
916 958 1.0
917 918 1.0
917 958 1.0
918 919 1.0
918 959 1.0
919 920 1.0
919 959 1.0
920 921 1.0
920 960 1.0
921 922 1.0
921 960 1.0
922 923 1.0
922 961 1.0
923 924 1.0
923 961 1.0
924 925 1.0
924 962 1.0
925 926 1.0
925 962 1.0
926 927 1.0
926 963 1.0
927 928 1.0
927 963 1.0
928 929 1.0
928 964 1.0
929 930 1.0
929 964 1.0
930 931 1.0
930 965 1.0
931 932 1.0
931 965 1.0
932 933 1.0
932 966 1.0
933 934 1.0
933 966 1.0
934 935 1.0
934 967 1.0
935 936 1.0
935 967 1.0
936 937 1.0
936 968 1.0
937 938 1.0
937 968 1.0
938 939 1.0
938 969 1.0
939 940 1.0
939 969 1.0
940 941 1.0
940 970 1.0
941 942 1.0
941 970 1.0
942 943 1.0
942 971 1.0
943 944 1.0
943 971 1.0
944 891 1.0
944 945 1.0
945 972 1.0
945 973 1.0
946 974 1.0
946 975 1.0
947 976 1.0
947 977 1.0
948 978 1.0
948 979 1.0
949 980 1.0
949 981 1.0
950 982 1.0
950 983 1.0
951 984 1.0
951 985 1.0
952 986 1.0
952 987 1.0
953 988 1.0
953 989 1.0
954 990 1.0
954 991 1.0
955 992 1.0
955 993 1.0
956 994 1.0
956 995 1.0
957 996 1.0
957 997 1.0
958 998 1.0
958 999 1.0
959 1000 1.0
959 1001 1.0
960 1002 1.0
960 1003 1.0
961 1004 1.0
961 1005 1.0
962 1006 1.0
962 1007 1.0
963 1008 1.0
963 1009 1.0
964 1010 1.0
964 1011 1.0
965 1012 1.0
965 1013 1.0
966 1014 1.0
966 1015 1.0
967 1016 1.0
967 1017 1.0
968 1018 1.0
968 1019 1.0
969 1020 1.0
969 1021 1.0
970 1022 1.0
970 1023 1.0
971 1024 1.0
971 1025 1.0
972 973 1.0
972 1026 1.0
973 974 1.0
973 1027 1.0
974 975 1.0
974 1027 1.0
975 976 1.0
975 1028 1.0
976 977 1.0
976 1028 1.0
977 978 1.0
977 1029 1.0
978 979 1.0
978 1029 1.0
979 980 1.0
979 1030 1.0
980 981 1.0
980 1030 1.0
981 982 1.0
981 1031 1.0
982 983 1.0
982 1031 1.0
983 984 1.0
983 1032 1.0
984 985 1.0
984 1032 1.0
985 986 1.0
985 1033 1.0
986 987 1.0
986 1033 1.0
987 988 1.0
987 1034 1.0
988 989 1.0
988 1034 1.0
989 990 1.0
989 1035 1.0
990 991 1.0
990 1035 1.0
991 992 1.0
991 1036 1.0
992 993 1.0
992 1036 1.0
993 994 1.0
993 1037 1.0
994 995 1.0
994 1037 1.0
995 996 1.0
995 1038 1.0
996 997 1.0
996 1038 1.0
997 998 1.0
997 1039 1.0
998 999 1.0
998 1039 1.0
999 1000 1.0
999 1040 1.0
1000 1001 1.0
1000 1040 1.0
1001 1002 1.0
1001 1041 1.0
1002 1003 1.0
1002 1041 1.0
1003 1004 1.0
1003 1042 1.0
1004 1005 1.0
1004 1042 1.0
1005 1006 1.0
1005 1043 1.0
1006 1007 1.0
1006 1043 1.0
1007 1008 1.0
1007 1044 1.0
1008 1009 1.0
1008 1044 1.0
1009 1010 1.0
1009 1045 1.0
1010 1011 1.0
1010 1045 1.0
1011 1012 1.0
1011 1046 1.0
1012 1013 1.0
1012 1046 1.0
1013 1014 1.0
1013 1047 1.0
1014 1015 1.0
1014 1047 1.0
1015 1016 1.0
1015 1048 1.0
1016 1017 1.0
1016 1048 1.0
1017 1018 1.0
1017 1049 1.0
1018 1019 1.0
1018 1049 1.0
1019 1020 1.0
1019 1050 1.0
1020 1021 1.0
1020 1050 1.0
1021 1022 1.0
1021 1051 1.0
1022 1023 1.0
1022 1051 1.0
1023 1024 1.0
1023 1052 1.0
1024 1025 1.0
1024 1052 1.0
1025 972 1.0
1025 1026 1.0
1026 1053 1.0
1026 1054 1.0
1027 1055 1.0
1027 1056 1.0
1028 1057 1.0
1028 1058 1.0
1029 1059 1.0
1029 1060 1.0
1030 1061 1.0
1030 1062 1.0
1031 1063 1.0
1031 1064 1.0
1032 1065 1.0
1032 1066 1.0
1033 1067 1.0
1033 1068 1.0
1034 1069 1.0
1034 1070 1.0
1035 1071 1.0
1035 1072 1.0
1036 1073 1.0
1036 1074 1.0
1037 1075 1.0
1037 1076 1.0
1038 1077 1.0
1038 1078 1.0
1039 1079 1.0
1039 1080 1.0
1040 1081 1.0
1040 1082 1.0
1041 1083 1.0
1041 1084 1.0
1042 1085 1.0
1042 1086 1.0
1043 1087 1.0
1043 1088 1.0
1044 1089 1.0
1044 1090 1.0
1045 1091 1.0
1045 1092 1.0
1046 1093 1.0
1046 1094 1.0
1047 1095 1.0
1047 1096 1.0
1048 1097 1.0
1048 1098 1.0
1049 1099 1.0
1049 1100 1.0
1050 1101 1.0
1050 1102 1.0
1051 1103 1.0
1051 1104 1.0
1052 1105 1.0
1052 1106 1.0
1053 1054 1.0
1053 1107 1.0
1054 1055 1.0
1054 1108 1.0
1055 1056 1.0
1055 1108 1.0
1056 1057 1.0
1056 1109 1.0
1057 1058 1.0
1057 1109 1.0
1058 1059 1.0
1058 1110 1.0
1059 1060 1.0
1059 1110 1.0
1060 1061 1.0
1060 1111 1.0
1061 1062 1.0
1061 1111 1.0
1062 1063 1.0
1062 1112 1.0
1063 1064 1.0
1063 1112 1.0
1064 1065 1.0
1064 1113 1.0
1065 1066 1.0
1065 1113 1.0
1066 1067 1.0
1066 1114 1.0
1067 1068 1.0
1067 1114 1.0
1068 1069 1.0
1068 1115 1.0
1069 1070 1.0
1069 1115 1.0
1070 1071 1.0
1070 1116 1.0
1071 1072 1.0
1071 1116 1.0
1072 1073 1.0
1072 1117 1.0
1073 1074 1.0
1073 1117 1.0
1074 1075 1.0
1074 1118 1.0
1075 1076 1.0
1075 1118 1.0
1076 1077 1.0
1076 1119 1.0
1077 1078 1.0
1077 1119 1.0
1078 1079 1.0
1078 1120 1.0
1079 1080 1.0
1079 1120 1.0
1080 1081 1.0
1080 1121 1.0
1081 1082 1.0
1081 1121 1.0
1082 1083 1.0
1082 1122 1.0
1083 1084 1.0
1083 1122 1.0
1084 1085 1.0
1084 1123 1.0
1085 1086 1.0
1085 1123 1.0
1086 1087 1.0
1086 1124 1.0
1087 1088 1.0
1087 1124 1.0
1088 1089 1.0
1088 1125 1.0
1089 1090 1.0
1089 1125 1.0
1090 1091 1.0
1090 1126 1.0
1091 1092 1.0
1091 1126 1.0
1092 1093 1.0
1092 1127 1.0
1093 1094 1.0
1093 1127 1.0
1094 1095 1.0
1094 1128 1.0
1095 1096 1.0
1095 1128 1.0
1096 1097 1.0
1096 1129 1.0
1097 1098 1.0
1097 1129 1.0
1098 1099 1.0
1098 1130 1.0
1099 1100 1.0
1099 1130 1.0
1100 1101 1.0
1100 1131 1.0
1101 1102 1.0
1101 1131 1.0
1102 1103 1.0
1102 1132 1.0
1103 1104 1.0
1103 1132 1.0
1104 1105 1.0
1104 1133 1.0
1105 1106 1.0
1105 1133 1.0
1106 1053 1.0
1106 1107 1.0
1107 1134 1.0
1107 1135 1.0
1108 1136 1.0
1108 1137 1.0
1109 1138 1.0
1109 1139 1.0
1110 1140 1.0
1110 1141 1.0
1111 1142 1.0
1111 1143 1.0
1112 1144 1.0
1112 1145 1.0
1113 1146 1.0
1113 1147 1.0
1114 1148 1.0
1114 1149 1.0
1115 1150 1.0
1115 1151 1.0
1116 1152 1.0
1116 1153 1.0
1117 1154 1.0
1117 1155 1.0
1118 1156 1.0
1118 1157 1.0
1119 1158 1.0
1119 1159 1.0
1120 1160 1.0
1120 1161 1.0
1121 1162 1.0
1121 1163 1.0
1122 1164 1.0
1122 1165 1.0
1123 1166 1.0
1123 1167 1.0
1124 1168 1.0
1124 1169 1.0
1125 1170 1.0
1125 1171 1.0
1126 1172 1.0
1126 1173 1.0
1127 1174 1.0
1127 1175 1.0
1128 1176 1.0
1128 1177 1.0
1129 1178 1.0
1129 1179 1.0
1130 1180 1.0
1130 1181 1.0
1131 1182 1.0
1131 1183 1.0
1132 1184 1.0
1132 1185 1.0
1133 1186 1.0
1133 1187 1.0
1134 1135 1.0
1134 1188 1.0
1135 1136 1.0
1135 1189 1.0
1136 1137 1.0
1136 1189 1.0
1137 1138 1.0
1137 1190 1.0
1138 1139 1.0
1138 1190 1.0
1139 1140 1.0
1139 1191 1.0
1140 1141 1.0
1140 1191 1.0
1141 1142 1.0
1141 1192 1.0
1142 1143 1.0
1142 1192 1.0
1143 1144 1.0
1143 1193 1.0
1144 1145 1.0
1144 1193 1.0
1145 1146 1.0
1145 1194 1.0
1146 1147 1.0
1146 1194 1.0
1147 1148 1.0
1147 1195 1.0
1148 1149 1.0
1148 1195 1.0
1149 1150 1.0
1149 1196 1.0
1150 1151 1.0
1150 1196 1.0
1151 1152 1.0
1151 1197 1.0
1152 1153 1.0
1152 1197 1.0
1153 1154 1.0
1153 1198 1.0
1154 1155 1.0
1154 1198 1.0
1155 1156 1.0
1155 1199 1.0
1156 1157 1.0
1156 1199 1.0
1157 1158 1.0
1157 1200 1.0
1158 1159 1.0
1158 1200 1.0
1159 1160 1.0
1159 1201 1.0
1160 1161 1.0
1160 1201 1.0
1161 1162 1.0
1161 1202 1.0
1162 1163 1.0
1162 1202 1.0
1163 1164 1.0
1163 1203 1.0
1164 1165 1.0
1164 1203 1.0
1165 1166 1.0
1165 1204 1.0
1166 1167 1.0
1166 1204 1.0
1167 1168 1.0
1167 1205 1.0
1168 1169 1.0
1168 1205 1.0
1169 1170 1.0
1169 1206 1.0
1170 1171 1.0
1170 1206 1.0
1171 1172 1.0
1171 1207 1.0
1172 1173 1.0
1172 1207 1.0
1173 1174 1.0
1173 1208 1.0
1174 1175 1.0
1174 1208 1.0
1175 1176 1.0
1175 1209 1.0
1176 1177 1.0
1176 1209 1.0
1177 1178 1.0
1177 1210 1.0
1178 1179 1.0
1178 1210 1.0
1179 1180 1.0
1179 1211 1.0
1180 1181 1.0
1180 1211 1.0
1181 1182 1.0
1181 1212 1.0
1182 1183 1.0
1182 1212 1.0
1183 1184 1.0
1183 1213 1.0
1184 1185 1.0
1184 1213 1.0
1185 1186 1.0
1185 1214 1.0
1186 1187 1.0
1186 1214 1.0
1187 1134 1.0
1187 1188 1.0
1188 1215 1.0
1188 1216 1.0
1189 1217 1.0
1189 1218 1.0
1190 1219 1.0
1190 1220 1.0
1191 1221 1.0
1191 1222 1.0
1192 1223 1.0
1192 1224 1.0
1193 1225 1.0
1193 1226 1.0
1194 1227 1.0
1194 1228 1.0
1195 1229 1.0
1195 1230 1.0
1196 1231 1.0
1196 1232 1.0
1197 1233 1.0
1197 1234 1.0
1198 1235 1.0
1198 1236 1.0
1199 1237 1.0
1199 1238 1.0
1200 1239 1.0
1200 1240 1.0
1201 1241 1.0
1201 1242 1.0
1202 1243 1.0
1202 1244 1.0
1203 1245 1.0
1203 1246 1.0
1204 1247 1.0
1204 1248 1.0
1205 1249 1.0
1205 1250 1.0
1206 1251 1.0
1206 1252 1.0
1207 1253 1.0
1207 1254 1.0
1208 1255 1.0
1208 1256 1.0
1209 1257 1.0
1209 1258 1.0
1210 1259 1.0
1210 1260 1.0
1211 1261 1.0
1211 1262 1.0
1212 1263 1.0
1212 1264 1.0
1213 1265 1.0
1213 1266 1.0
1214 1267 1.0
1214 1268 1.0
1215 1216 1.0
1215 1269 1.0
1216 1217 1.0
1216 1270 1.0
1217 1218 1.0
1217 1270 1.0
1218 1219 1.0
1218 1271 1.0
1219 1220 1.0
1219 1271 1.0
1220 1221 1.0
1220 1272 1.0
1221 1222 1.0
1221 1272 1.0
1222 1223 1.0
1222 1273 1.0
1223 1224 1.0
1223 1273 1.0
1224 1225 1.0
1224 1274 1.0
1225 1226 1.0
1225 1274 1.0
1226 1227 1.0
1226 1275 1.0
1227 1228 1.0
1227 1275 1.0
1228 1229 1.0
1228 1276 1.0
1229 1230 1.0
1229 1276 1.0
1230 1231 1.0
1230 1277 1.0
1231 1232 1.0
1231 1277 1.0
1232 1233 1.0
1232 1278 1.0
1233 1234 1.0
1233 1278 1.0
1234 1235 1.0
1234 1279 1.0
1235 1236 1.0
1235 1279 1.0
1236 1237 1.0
1236 1280 1.0
1237 1238 1.0
1237 1280 1.0
1238 1239 1.0
1238 1281 1.0
1239 1240 1.0
1239 1281 1.0
1240 1241 1.0
1240 1282 1.0
1241 1242 1.0
1241 1282 1.0
1242 1243 1.0
1242 1283 1.0
1243 1244 1.0
1243 1283 1.0
1244 1245 1.0
1244 1284 1.0
1245 1246 1.0
1245 1284 1.0
1246 1247 1.0
1246 1285 1.0
1247 1248 1.0
1247 1285 1.0
1248 1249 1.0
1248 1286 1.0
1249 1250 1.0
1249 1286 1.0
1250 1251 1.0
1250 1287 1.0
1251 1252 1.0
1251 1287 1.0
1252 1253 1.0
1252 1288 1.0
1253 1254 1.0
1253 1288 1.0
1254 1255 1.0
1254 1289 1.0
1255 1256 1.0
1255 1289 1.0
1256 1257 1.0
1256 1290 1.0
1257 1258 1.0
1257 1290 1.0
1258 1259 1.0
1258 1291 1.0
1259 1260 1.0
1259 1291 1.0
1260 1261 1.0
1260 1292 1.0
1261 1262 1.0
1261 1292 1.0
1262 1263 1.0
1262 1293 1.0
1263 1264 1.0
1263 1293 1.0
1264 1265 1.0
1264 1294 1.0
1265 1266 1.0
1265 1294 1.0
1266 1267 1.0
1266 1295 1.0
1267 1268 1.0
1267 1295 1.0
1268 1215 1.0
1268 1269 1.0
1269 1296 1.0
1269 1297 1.0
1270 1298 1.0
1270 1299 1.0
1271 1300 1.0
1271 1301 1.0
1272 1302 1.0
1272 1303 1.0
1273 1304 1.0
1273 1305 1.0
1274 1306 1.0
1274 1307 1.0
1275 1308 1.0
1275 1309 1.0
1276 1310 1.0
1276 1311 1.0
1277 1312 1.0
1277 1313 1.0
1278 1314 1.0
1278 1315 1.0
1279 1316 1.0
1279 1317 1.0
1280 1318 1.0
1280 1319 1.0
1281 1320 1.0
1281 1321 1.0
1282 1322 1.0
1282 1323 1.0
1283 1324 1.0
1283 1325 1.0
1284 1326 1.0
1284 1327 1.0
1285 1328 1.0
1285 1329 1.0
1286 1330 1.0
1286 1331 1.0
1287 1332 1.0
1287 1333 1.0
1288 1334 1.0
1288 1335 1.0
1289 1336 1.0
1289 1337 1.0
1290 1338 1.0
1290 1339 1.0
1291 1340 1.0
1291 1341 1.0
1292 1342 1.0
1292 1343 1.0
1293 1344 1.0
1293 1345 1.0
1294 1346 1.0
1294 1347 1.0
1295 1348 1.0
1295 1349 1.0
1296 1297 1.0
1296 1350 1.0
1297 1298 1.0
1297 1351 1.0
1298 1299 1.0
1298 1351 1.0
1299 1300 1.0
1299 1352 1.0
1300 1301 1.0
1300 1352 1.0
1301 1302 1.0
1301 1353 1.0
1302 1303 1.0
1302 1353 1.0
1303 1304 1.0
1303 1354 1.0
1304 1305 1.0
1304 1354 1.0
1305 1306 1.0
1305 1355 1.0
1306 1307 1.0
1306 1355 1.0
1307 1308 1.0
1307 1356 1.0
1308 1309 1.0
1308 1356 1.0
1309 1310 1.0
1309 1357 1.0
1310 1311 1.0
1310 1357 1.0
1311 1312 1.0
1311 1358 1.0
1312 1313 1.0
1312 1358 1.0
1313 1314 1.0
1313 1359 1.0
1314 1315 1.0
1314 1359 1.0
1315 1316 1.0
1315 1360 1.0
1316 1317 1.0
1316 1360 1.0
1317 1318 1.0
1317 1361 1.0
1318 1319 1.0
1318 1361 1.0
1319 1320 1.0
1319 1362 1.0
1320 1321 1.0
1320 1362 1.0
1321 1322 1.0
1321 1363 1.0
1322 1323 1.0
1322 1363 1.0
1323 1324 1.0
1323 1364 1.0
1324 1325 1.0
1324 1364 1.0
1325 1326 1.0
1325 1365 1.0
1326 1327 1.0
1326 1365 1.0
1327 1328 1.0
1327 1366 1.0
1328 1329 1.0
1328 1366 1.0
1329 1330 1.0
1329 1367 1.0
1330 1331 1.0
1330 1367 1.0
1331 1332 1.0
1331 1368 1.0
1332 1333 1.0
1332 1368 1.0
1333 1334 1.0
1333 1369 1.0
1334 1335 1.0
1334 1369 1.0
1335 1336 1.0
1335 1370 1.0
1336 1337 1.0
1336 1370 1.0
1337 1338 1.0
1337 1371 1.0
1338 1339 1.0
1338 1371 1.0
1339 1340 1.0
1339 1372 1.0
1340 1341 1.0
1340 1372 1.0
1341 1342 1.0
1341 1373 1.0
1342 1343 1.0
1342 1373 1.0
1343 1344 1.0
1343 1374 1.0
1344 1345 1.0
1344 1374 1.0
1345 1346 1.0
1345 1375 1.0
1346 1347 1.0
1346 1375 1.0
1347 1348 1.0
1347 1376 1.0
1348 1349 1.0
1348 1376 1.0
1349 1296 1.0
1349 1350 1.0
1350 1377 1.0
1350 1378 1.0
1351 1379 1.0
1351 1380 1.0
1352 1381 1.0
1352 1382 1.0
1353 1383 1.0
1353 1384 1.0
1354 1385 1.0
1354 1386 1.0
1355 1387 1.0
1355 1388 1.0
1356 1389 1.0
1356 1390 1.0
1357 1391 1.0
1357 1392 1.0
1358 1393 1.0
1358 1394 1.0
1359 1395 1.0
1359 1396 1.0
1360 1397 1.0
1360 1398 1.0
1361 1399 1.0
1361 1400 1.0
1362 1401 1.0
1362 1402 1.0
1363 1403 1.0
1363 1404 1.0
1364 1405 1.0
1364 1406 1.0
1365 1407 1.0
1365 1408 1.0
1366 1409 1.0
1366 1410 1.0
1367 1411 1.0
1367 1412 1.0
1368 1413 1.0
1368 1414 1.0
1369 1415 1.0
1369 1416 1.0
1370 1417 1.0
1370 1418 1.0
1371 1419 1.0
1371 1420 1.0
1372 1421 1.0
1372 1422 1.0
1373 1423 1.0
1373 1424 1.0
1374 1425 1.0
1374 1426 1.0
1375 1427 1.0
1375 1428 1.0
1376 1429 1.0
1376 1430 1.0
1377 1378 1.0
1377 1431 1.0
1378 1379 1.0
1378 1432 1.0
1379 1380 1.0
1379 1432 1.0
1380 1381 1.0
1380 1433 1.0
1381 1382 1.0
1381 1433 1.0
1382 1383 1.0
1382 1434 1.0
1383 1384 1.0
1383 1434 1.0
1384 1385 1.0
1384 1435 1.0
1385 1386 1.0
1385 1435 1.0
1386 1387 1.0
1386 1436 1.0
1387 1388 1.0
1387 1436 1.0
1388 1389 1.0
1388 1437 1.0
1389 1390 1.0
1389 1437 1.0
1390 1391 1.0
1390 1438 1.0
1391 1392 1.0
1391 1438 1.0
1392 1393 1.0
1392 1439 1.0
1393 1394 1.0
1393 1439 1.0
1394 1395 1.0
1394 1440 1.0
1395 1396 1.0
1395 1440 1.0
1396 1397 1.0
1396 1441 1.0
1397 1398 1.0
1397 1441 1.0
1398 1399 1.0
1398 1442 1.0
1399 1400 1.0
1399 1442 1.0
1400 1401 1.0
1400 1443 1.0
1401 1402 1.0
1401 1443 1.0
1402 1403 1.0
1402 1444 1.0
1403 1404 1.0
1403 1444 1.0
1404 1405 1.0
1404 1445 1.0
1405 1406 1.0
1405 1445 1.0
1406 1407 1.0
1406 1446 1.0
1407 1408 1.0
1407 1446 1.0
1408 1409 1.0
1408 1447 1.0
1409 1410 1.0
1409 1447 1.0
1410 1411 1.0
1410 1448 1.0
1411 1412 1.0
1411 1448 1.0
1412 1413 1.0
1412 1449 1.0
1413 1414 1.0
1413 1449 1.0
1414 1415 1.0
1414 1450 1.0
1415 1416 1.0
1415 1450 1.0
1416 1417 1.0
1416 1451 1.0
1417 1418 1.0
1417 1451 1.0
1418 1419 1.0
1418 1452 1.0
1419 1420 1.0
1419 1452 1.0
1420 1421 1.0
1420 1453 1.0
1421 1422 1.0
1421 1453 1.0
1422 1423 1.0
1422 1454 1.0
1423 1424 1.0
1423 1454 1.0
1424 1425 1.0
1424 1455 1.0
1425 1426 1.0
1425 1455 1.0
1426 1427 1.0
1426 1456 1.0
1427 1428 1.0
1427 1456 1.0
1428 1429 1.0
1428 1457 1.0
1429 1430 1.0
1429 1457 1.0
1430 1377 1.0
1430 1431 1.0
1431 1458 1.0
1431 1459 1.0
1432 1460 1.0
1432 1461 1.0
1433 1462 1.0
1433 1463 1.0
1434 1464 1.0
1434 1465 1.0
1435 1466 1.0
1435 1467 1.0
1436 1468 1.0
1436 1469 1.0
1437 1470 1.0
1437 1471 1.0
1438 1472 1.0
1438 1473 1.0
1439 1474 1.0
1439 1475 1.0
1440 1476 1.0
1440 1477 1.0
1441 1478 1.0
1441 1479 1.0
1442 1480 1.0
1442 1481 1.0
1443 1482 1.0
1443 1483 1.0
1444 1484 1.0
1444 1485 1.0
1445 1486 1.0
1445 1487 1.0
1446 1488 1.0
1446 1489 1.0
1447 1490 1.0
1447 1491 1.0
1448 1492 1.0
1448 1493 1.0
1449 1494 1.0
1449 1495 1.0
1450 1496 1.0
1450 1497 1.0
1451 1498 1.0
1451 1499 1.0
1452 1500 1.0
1452 1501 1.0
1453 1502 1.0
1453 1503 1.0
1454 1504 1.0
1454 1505 1.0
1455 1506 1.0
1455 1507 1.0
1456 1508 1.0
1456 1509 1.0
1457 1510 1.0
1457 1511 1.0
1458 1459 1.0
1458 1512 1.0
1459 1460 1.0
1459 1513 1.0
1460 1461 1.0
1460 1513 1.0
1461 1462 1.0
1461 1514 1.0
1462 1463 1.0
1462 1514 1.0
1463 1464 1.0
1463 1515 1.0
1464 1465 1.0
1464 1515 1.0
1465 1466 1.0
1465 1516 1.0
1466 1467 1.0
1466 1516 1.0
1467 1468 1.0
1467 1517 1.0
1468 1469 1.0
1468 1517 1.0
1469 1470 1.0
1469 1518 1.0
1470 1471 1.0
1470 1518 1.0
1471 1472 1.0
1471 1519 1.0
1472 1473 1.0
1472 1519 1.0
1473 1474 1.0
1473 1520 1.0
1474 1475 1.0
1474 1520 1.0
1475 1476 1.0
1475 1521 1.0
1476 1477 1.0
1476 1521 1.0
1477 1478 1.0
1477 1522 1.0
1478 1479 1.0
1478 1522 1.0
1479 1480 1.0
1479 1523 1.0
1480 1481 1.0
1480 1523 1.0
1481 1482 1.0
1481 1524 1.0
1482 1483 1.0
1482 1524 1.0
1483 1484 1.0
1483 1525 1.0
1484 1485 1.0
1484 1525 1.0
1485 1486 1.0
1485 1526 1.0
1486 1487 1.0
1486 1526 1.0
1487 1488 1.0
1487 1527 1.0
1488 1489 1.0
1488 1527 1.0
1489 1490 1.0
1489 1528 1.0
1490 1491 1.0
1490 1528 1.0
1491 1492 1.0
1491 1529 1.0
1492 1493 1.0
1492 1529 1.0
1493 1494 1.0
1493 1530 1.0
1494 1495 1.0
1494 1530 1.0
1495 1496 1.0
1495 1531 1.0
1496 1497 1.0
1496 1531 1.0
1497 1498 1.0
1497 1532 1.0
1498 1499 1.0
1498 1532 1.0
1499 1500 1.0
1499 1533 1.0
1500 1501 1.0
1500 1533 1.0
1501 1502 1.0
1501 1534 1.0
1502 1503 1.0
1502 1534 1.0
1503 1504 1.0
1503 1535 1.0
1504 1505 1.0
1504 1535 1.0
1505 1506 1.0
1505 1536 1.0
1506 1507 1.0
1506 1536 1.0
1507 1508 1.0
1507 1537 1.0
1508 1509 1.0
1508 1537 1.0
1509 1510 1.0
1509 1538 1.0
1510 1511 1.0
1510 1538 1.0
1511 1458 1.0
1511 1512 1.0
1512 1539 1.0
1512 1540 1.0
1513 1541 1.0
1513 1542 1.0
1514 1543 1.0
1514 1544 1.0
1515 1545 1.0
1515 1546 1.0
1516 1547 1.0
1516 1548 1.0
1517 1549 1.0
1517 1550 1.0
1518 1551 1.0
1518 1552 1.0
1519 1553 1.0
1519 1554 1.0
1520 1555 1.0
1520 1556 1.0
1521 1557 1.0
1521 1558 1.0
1522 1559 1.0
1522 1560 1.0
1523 1561 1.0
1523 1562 1.0
1524 1563 1.0
1524 1564 1.0
1525 1565 1.0
1525 1566 1.0
1526 1567 1.0
1526 1568 1.0
1527 1569 1.0
1527 1570 1.0
1528 1571 1.0
1528 1572 1.0
1529 1573 1.0
1529 1574 1.0
1530 1575 1.0
1530 1576 1.0
1531 1577 1.0
1531 1578 1.0
1532 1579 1.0
1532 1580 1.0
1533 1581 1.0
1533 1582 1.0
1534 1583 1.0
1534 1584 1.0
1535 1585 1.0
1535 1586 1.0
1536 1587 1.0
1536 1588 1.0
1537 1589 1.0
1537 1590 1.0
1538 1591 1.0
1538 1592 1.0
1539 1540 1.0
1539 1593 1.0
1540 1541 1.0
1540 1594 1.0
1541 1542 1.0
1541 1594 1.0
1542 1543 1.0
1542 1595 1.0
1543 1544 1.0
1543 1595 1.0
1544 1545 1.0
1544 1596 1.0
1545 1546 1.0
1545 1596 1.0
1546 1547 1.0
1546 1597 1.0
1547 1548 1.0
1547 1597 1.0
1548 1549 1.0
1548 1598 1.0
1549 1550 1.0
1549 1598 1.0
1550 1551 1.0
1550 1599 1.0
1551 1552 1.0
1551 1599 1.0
1552 1553 1.0
1552 1600 1.0
1553 1554 1.0
1553 1600 1.0
1554 1555 1.0
1554 1601 1.0
1555 1556 1.0
1555 1601 1.0
1556 1557 1.0
1556 1602 1.0
1557 1558 1.0
1557 1602 1.0
1558 1559 1.0
1558 1603 1.0
1559 1560 1.0
1559 1603 1.0
1560 1561 1.0
1560 1604 1.0
1561 1562 1.0
1561 1604 1.0
1562 1563 1.0
1562 1605 1.0
1563 1564 1.0
1563 1605 1.0
1564 1565 1.0
1564 1606 1.0
1565 1566 1.0
1565 1606 1.0
1566 1567 1.0
1566 1607 1.0
1567 1568 1.0
1567 1607 1.0
1568 1569 1.0
1568 1608 1.0
1569 1570 1.0
1569 1608 1.0
1570 1571 1.0
1570 1609 1.0
1571 1572 1.0
1571 1609 1.0
1572 1573 1.0
1572 1610 1.0
1573 1574 1.0
1573 1610 1.0
1574 1575 1.0
1574 1611 1.0
1575 1576 1.0
1575 1611 1.0
1576 1577 1.0
1576 1612 1.0
1577 1578 1.0
1577 1612 1.0
1578 1579 1.0
1578 1613 1.0
1579 1580 1.0
1579 1613 1.0
1580 1581 1.0
1580 1614 1.0
1581 1582 1.0
1581 1614 1.0
1582 1583 1.0
1582 1615 1.0
1583 1584 1.0
1583 1615 1.0
1584 1585 1.0
1584 1616 1.0
1585 1586 1.0
1585 1616 1.0
1586 1587 1.0
1586 1617 1.0
1587 1588 1.0
1587 1617 1.0
1588 1589 1.0
1588 1618 1.0
1589 1590 1.0
1589 1618 1.0
1590 1591 1.0
1590 1619 1.0
1591 1592 1.0
1591 1619 1.0
1592 1539 1.0
1592 1593 1.0
1593 1620 1.0
1593 1621 1.0
1594 1622 1.0
1594 1623 1.0
1595 1624 1.0
1595 1625 1.0
1596 1626 1.0
1596 1627 1.0
1597 1628 1.0
1597 1629 1.0
1598 1630 1.0
1598 1631 1.0
1599 1632 1.0
1599 1633 1.0
1600 1634 1.0
1600 1635 1.0
1601 1636 1.0
1601 1637 1.0
1602 1638 1.0
1602 1639 1.0
1603 1640 1.0
1603 1641 1.0
1604 1642 1.0
1604 1643 1.0
1605 1644 1.0
1605 1645 1.0
1606 1646 1.0
1606 1647 1.0
1607 1648 1.0
1607 1649 1.0
1608 1650 1.0
1608 1651 1.0
1609 1652 1.0
1609 1653 1.0
1610 1654 1.0
1610 1655 1.0
1611 1656 1.0
1611 1657 1.0
1612 1658 1.0
1612 1659 1.0
1613 1660 1.0
1613 1661 1.0
1614 1662 1.0
1614 1663 1.0
1615 1664 1.0
1615 1665 1.0
1616 1666 1.0
1616 1667 1.0
1617 1668 1.0
1617 1669 1.0
1618 1670 1.0
1618 1671 1.0
1619 1672 1.0
1619 1673 1.0
1620 1621 1.0
1620 1674 1.0
1621 1622 1.0
1621 1675 1.0
1622 1623 1.0
1622 1675 1.0
1623 1624 1.0
1623 1676 1.0
1624 1625 1.0
1624 1676 1.0
1625 1626 1.0
1625 1677 1.0
1626 1627 1.0
1626 1677 1.0
1627 1628 1.0
1627 1678 1.0
1628 1629 1.0
1628 1678 1.0
1629 1630 1.0
1629 1679 1.0
1630 1631 1.0
1630 1679 1.0
1631 1632 1.0
1631 1680 1.0
1632 1633 1.0
1632 1680 1.0
1633 1634 1.0
1633 1681 1.0
1634 1635 1.0
1634 1681 1.0
1635 1636 1.0
1635 1682 1.0
1636 1637 1.0
1636 1682 1.0
1637 1638 1.0
1637 1683 1.0
1638 1639 1.0
1638 1683 1.0
1639 1640 1.0
1639 1684 1.0
1640 1641 1.0
1640 1684 1.0
1641 1642 1.0
1641 1685 1.0
1642 1643 1.0
1642 1685 1.0
1643 1644 1.0
1643 1686 1.0
1644 1645 1.0
1644 1686 1.0
1645 1646 1.0
1645 1687 1.0
1646 1647 1.0
1646 1687 1.0
1647 1648 1.0
1647 1688 1.0
1648 1649 1.0
1648 1688 1.0
1649 1650 1.0
1649 1689 1.0
1650 1651 1.0
1650 1689 1.0
1651 1652 1.0
1651 1690 1.0
1652 1653 1.0
1652 1690 1.0
1653 1654 1.0
1653 1691 1.0
1654 1655 1.0
1654 1691 1.0
1655 1656 1.0
1655 1692 1.0
1656 1657 1.0
1656 1692 1.0
1657 1658 1.0
1657 1693 1.0
1658 1659 1.0
1658 1693 1.0
1659 1660 1.0
1659 1694 1.0
1660 1661 1.0
1660 1694 1.0
1661 1662 1.0
1661 1695 1.0
1662 1663 1.0
1662 1695 1.0
1663 1664 1.0
1663 1696 1.0
1664 1665 1.0
1664 1696 1.0
1665 1666 1.0
1665 1697 1.0
1666 1667 1.0
1666 1697 1.0
1667 1668 1.0
1667 1698 1.0
1668 1669 1.0
1668 1698 1.0
1669 1670 1.0
1669 1699 1.0
1670 1671 1.0
1670 1699 1.0
1671 1672 1.0
1671 1700 1.0
1672 1673 1.0
1672 1700 1.0
1673 1620 1.0
1673 1674 1.0
1674 1701 1.0
1674 1702 1.0
1675 1703 1.0
1675 1704 1.0
1676 1705 1.0
1676 1706 1.0
1677 1707 1.0
1677 1708 1.0
1678 1709 1.0
1678 1710 1.0
1679 1711 1.0
1679 1712 1.0
1680 1713 1.0
1680 1714 1.0
1681 1715 1.0
1681 1716 1.0
1682 1717 1.0
1682 1718 1.0
1683 1719 1.0
1683 1720 1.0
1684 1721 1.0
1684 1722 1.0
1685 1723 1.0
1685 1724 1.0
1686 1725 1.0
1686 1726 1.0
1687 1727 1.0
1687 1728 1.0
1688 1729 1.0
1688 1730 1.0
1689 1731 1.0
1689 1732 1.0
1690 1733 1.0
1690 1734 1.0
1691 1735 1.0
1691 1736 1.0
1692 1737 1.0
1692 1738 1.0
1693 1739 1.0
1693 1740 1.0
1694 1741 1.0
1694 1742 1.0
1695 1743 1.0
1695 1744 1.0
1696 1745 1.0
1696 1746 1.0
1697 1747 1.0
1697 1748 1.0
1698 1749 1.0
1698 1750 1.0
1699 1751 1.0
1699 1752 1.0
1700 1753 1.0
1700 1754 1.0
1701 1702 1.0
1701 1755 1.0
1702 1703 1.0
1702 1756 1.0
1703 1704 1.0
1703 1756 1.0
1704 1705 1.0
1704 1757 1.0
1705 1706 1.0
1705 1757 1.0
1706 1707 1.0
1706 1758 1.0
1707 1708 1.0
1707 1758 1.0
1708 1709 1.0
1708 1759 1.0
1709 1710 1.0
1709 1759 1.0
1710 1711 1.0
1710 1760 1.0
1711 1712 1.0
1711 1760 1.0
1712 1713 1.0
1712 1761 1.0
1713 1714 1.0
1713 1761 1.0
1714 1715 1.0
1714 1762 1.0
1715 1716 1.0
1715 1762 1.0
1716 1717 1.0
1716 1763 1.0
1717 1718 1.0
1717 1763 1.0
1718 1719 1.0
1718 1764 1.0
1719 1720 1.0
1719 1764 1.0
1720 1721 1.0
1720 1765 1.0
1721 1722 1.0
1721 1765 1.0
1722 1723 1.0
1722 1766 1.0
1723 1724 1.0
1723 1766 1.0
1724 1725 1.0
1724 1767 1.0
1725 1726 1.0
1725 1767 1.0
1726 1727 1.0
1726 1768 1.0
1727 1728 1.0
1727 1768 1.0
1728 1729 1.0
1728 1769 1.0
1729 1730 1.0
1729 1769 1.0
1730 1731 1.0
1730 1770 1.0
1731 1732 1.0
1731 1770 1.0
1732 1733 1.0
1732 1771 1.0
1733 1734 1.0
1733 1771 1.0
1734 1735 1.0
1734 1772 1.0
1735 1736 1.0
1735 1772 1.0
1736 1737 1.0
1736 1773 1.0
1737 1738 1.0
1737 1773 1.0
1738 1739 1.0
1738 1774 1.0
1739 1740 1.0
1739 1774 1.0
1740 1741 1.0
1740 1775 1.0
1741 1742 1.0
1741 1775 1.0
1742 1743 1.0
1742 1776 1.0
1743 1744 1.0
1743 1776 1.0
1744 1745 1.0
1744 1777 1.0
1745 1746 1.0
1745 1777 1.0
1746 1747 1.0
1746 1778 1.0
1747 1748 1.0
1747 1778 1.0
1748 1749 1.0
1748 1779 1.0
1749 1750 1.0
1749 1779 1.0
1750 1751 1.0
1750 1780 1.0
1751 1752 1.0
1751 1780 1.0
1752 1753 1.0
1752 1781 1.0
1753 1754 1.0
1753 1781 1.0
1754 1701 1.0
1754 1755 1.0
1755 1782 1.0
1755 1783 1.0
1756 1784 1.0
1756 1785 1.0
1757 1786 1.0
1757 1787 1.0
1758 1788 1.0
1758 1789 1.0
1759 1790 1.0
1759 1791 1.0
1760 1792 1.0
1760 1793 1.0
1761 1794 1.0
1761 1795 1.0
1762 1796 1.0
1762 1797 1.0
1763 1798 1.0
1763 1799 1.0
1764 1800 1.0
1764 1801 1.0
1765 1802 1.0
1765 1803 1.0
1766 1804 1.0
1766 1805 1.0
1767 1806 1.0
1767 1807 1.0
1768 1808 1.0
1768 1809 1.0
1769 1810 1.0
1769 1811 1.0
1770 1812 1.0
1770 1813 1.0
1771 1814 1.0
1771 1815 1.0
1772 1816 1.0
1772 1817 1.0
1773 1818 1.0
1773 1819 1.0
1774 1820 1.0
1774 1821 1.0
1775 1822 1.0
1775 1823 1.0
1776 1824 1.0
1776 1825 1.0
1777 1826 1.0
1777 1827 1.0
1778 1828 1.0
1778 1829 1.0
1779 1830 1.0
1779 1831 1.0
1780 1832 1.0
1780 1833 1.0
1781 1834 1.0
1781 1835 1.0
1782 1783 1.0
1782 1836 1.0
1783 1784 1.0
1783 1837 1.0
1784 1785 1.0
1784 1837 1.0
1785 1786 1.0
1785 1838 1.0
1786 1787 1.0
1786 1838 1.0
1787 1788 1.0
1787 1839 1.0
1788 1789 1.0
1788 1839 1.0
1789 1790 1.0
1789 1840 1.0
1790 1791 1.0
1790 1840 1.0
1791 1792 1.0
1791 1841 1.0
1792 1793 1.0
1792 1841 1.0
1793 1794 1.0
1793 1842 1.0
1794 1795 1.0
1794 1842 1.0
1795 1796 1.0
1795 1843 1.0
1796 1797 1.0
1796 1843 1.0
1797 1798 1.0
1797 1844 1.0
1798 1799 1.0
1798 1844 1.0
1799 1800 1.0
1799 1845 1.0
1800 1801 1.0
1800 1845 1.0
1801 1802 1.0
1801 1846 1.0
1802 1803 1.0
1802 1846 1.0
1803 1804 1.0
1803 1847 1.0
1804 1805 1.0
1804 1847 1.0
1805 1806 1.0
1805 1848 1.0
1806 1807 1.0
1806 1848 1.0
1807 1808 1.0
1807 1849 1.0
1808 1809 1.0
1808 1849 1.0
1809 1810 1.0
1809 1850 1.0
1810 1811 1.0
1810 1850 1.0
1811 1812 1.0
1811 1851 1.0
1812 1813 1.0
1812 1851 1.0
1813 1814 1.0
1813 1852 1.0
1814 1815 1.0
1814 1852 1.0
1815 1816 1.0
1815 1853 1.0
1816 1817 1.0
1816 1853 1.0
1817 1818 1.0
1817 1854 1.0
1818 1819 1.0
1818 1854 1.0
1819 1820 1.0
1819 1855 1.0
1820 1821 1.0
1820 1855 1.0
1821 1822 1.0
1821 1856 1.0
1822 1823 1.0
1822 1856 1.0
1823 1824 1.0
1823 1857 1.0
1824 1825 1.0
1824 1857 1.0
1825 1826 1.0
1825 1858 1.0
1826 1827 1.0
1826 1858 1.0
1827 1828 1.0
1827 1859 1.0
1828 1829 1.0
1828 1859 1.0
1829 1830 1.0
1829 1860 1.0
1830 1831 1.0
1830 1860 1.0
1831 1832 1.0
1831 1861 1.0
1832 1833 1.0
1832 1861 1.0
1833 1834 1.0
1833 1862 1.0
1834 1835 1.0
1834 1862 1.0
1835 1782 1.0
1835 1836 1.0
1836 1863 1.0
1836 1864 1.0
1837 1865 1.0
1837 1866 1.0
1838 1867 1.0
1838 1868 1.0
1839 1869 1.0
1839 1870 1.0
1840 1871 1.0
1840 1872 1.0
1841 1873 1.0
1841 1874 1.0
1842 1875 1.0
1842 1876 1.0
1843 1877 1.0
1843 1878 1.0
1844 1879 1.0
1844 1880 1.0
1845 1881 1.0
1845 1882 1.0
1846 1883 1.0
1846 1884 1.0
1847 1885 1.0
1847 1886 1.0
1848 1887 1.0
1848 1888 1.0
1849 1889 1.0
1849 1890 1.0
1850 1891 1.0
1850 1892 1.0
1851 1893 1.0
1851 1894 1.0
1852 1895 1.0
1852 1896 1.0
1853 1897 1.0
1853 1898 1.0
1854 1899 1.0
1854 1900 1.0
1855 1901 1.0
1855 1902 1.0
1856 1903 1.0
1856 1904 1.0
1857 1905 1.0
1857 1906 1.0
1858 1907 1.0
1858 1908 1.0
1859 1909 1.0
1859 1910 1.0
1860 1911 1.0
1860 1912 1.0
1861 1913 1.0
1861 1914 1.0
1862 1915 1.0
1862 1916 1.0
1863 1864 1.0
1863 1917 1.0
1864 1865 1.0
1864 1918 1.0
1865 1866 1.0
1865 1918 1.0
1866 1867 1.0
1866 1919 1.0
1867 1868 1.0
1867 1919 1.0
1868 1869 1.0
1868 1920 1.0
1869 1870 1.0
1869 1920 1.0
1870 1871 1.0
1870 1921 1.0
1871 1872 1.0
1871 1921 1.0
1872 1873 1.0
1872 1922 1.0
1873 1874 1.0
1873 1922 1.0
1874 1875 1.0
1874 1923 1.0
1875 1876 1.0
1875 1923 1.0
1876 1877 1.0
1876 1924 1.0
1877 1878 1.0
1877 1924 1.0
1878 1879 1.0
1878 1925 1.0
1879 1880 1.0
1879 1925 1.0
1880 1881 1.0
1880 1926 1.0
1881 1882 1.0
1881 1926 1.0
1882 1883 1.0
1882 1927 1.0
1883 1884 1.0
1883 1927 1.0
1884 1885 1.0
1884 1928 1.0
1885 1886 1.0
1885 1928 1.0
1886 1887 1.0
1886 1929 1.0
1887 1888 1.0
1887 1929 1.0
1888 1889 1.0
1888 1930 1.0
1889 1890 1.0
1889 1930 1.0
1890 1891 1.0
1890 1931 1.0
1891 1892 1.0
1891 1931 1.0
1892 1893 1.0
1892 1932 1.0
1893 1894 1.0
1893 1932 1.0
1894 1895 1.0
1894 1933 1.0
1895 1896 1.0
1895 1933 1.0
1896 1897 1.0
1896 1934 1.0
1897 1898 1.0
1897 1934 1.0
1898 1899 1.0
1898 1935 1.0
1899 1900 1.0
1899 1935 1.0
1900 1901 1.0
1900 1936 1.0
1901 1902 1.0
1901 1936 1.0
1902 1903 1.0
1902 1937 1.0
1903 1904 1.0
1903 1937 1.0
1904 1905 1.0
1904 1938 1.0
1905 1906 1.0
1905 1938 1.0
1906 1907 1.0
1906 1939 1.0
1907 1908 1.0
1907 1939 1.0
1908 1909 1.0
1908 1940 1.0
1909 1910 1.0
1909 1940 1.0
1910 1911 1.0
1910 1941 1.0
1911 1912 1.0
1911 1941 1.0
1912 1913 1.0
1912 1942 1.0
1913 1914 1.0
1913 1942 1.0
1914 1915 1.0
1914 1943 1.0
1915 1916 1.0
1915 1943 1.0
1916 1863 1.0
1916 1917 1.0
1917 1944 1.0
1917 1945 1.0
1918 1946 1.0
1918 1947 1.0
1919 1948 1.0
1919 1949 1.0
1920 1950 1.0
1920 1951 1.0
1921 1952 1.0
1921 1953 1.0
1922 1954 1.0
1922 1955 1.0
1923 1956 1.0
1923 1957 1.0
1924 1958 1.0
1924 1959 1.0
1925 1960 1.0
1925 1961 1.0
1926 1962 1.0
1926 1963 1.0
1927 1964 1.0
1927 1965 1.0
1928 1966 1.0
1928 1967 1.0
1929 1968 1.0
1929 1969 1.0
1930 1970 1.0
1930 1971 1.0
1931 1972 1.0
1931 1973 1.0
1932 1974 1.0
1932 1975 1.0
1933 1976 1.0
1933 1977 1.0
1934 1978 1.0
1934 1979 1.0
1935 1980 1.0
1935 1981 1.0
1936 1982 1.0
1936 1983 1.0
1937 1984 1.0
1937 1985 1.0
1938 1986 1.0
1938 1987 1.0
1939 1988 1.0
1939 1989 1.0
1940 1990 1.0
1940 1991 1.0
1941 1992 1.0
1941 1993 1.0
1942 1994 1.0
1942 1995 1.0
1943 1996 1.0
1943 1997 1.0
1944 1945 1.0
1944 1998 1.0
1945 1946 1.0
1945 1999 1.0
1946 1947 1.0
1946 1999 1.0
1947 1948 1.0
1947 2000 1.0
1948 1949 1.0
1948 2000 1.0
1949 1950 1.0
1949 2001 1.0
1950 1951 1.0
1950 2001 1.0
1951 1952 1.0
1951 2002 1.0
1952 1953 1.0
1952 2002 1.0
1953 1954 1.0
1953 2003 1.0
1954 1955 1.0
1954 2003 1.0
1955 1956 1.0
1955 2004 1.0
1956 1957 1.0
1956 2004 1.0
1957 1958 1.0
1957 2005 1.0
1958 1959 1.0
1958 2005 1.0
1959 1960 1.0
1959 2006 1.0
1960 1961 1.0
1960 2006 1.0
1961 1962 1.0
1961 2007 1.0
1962 1963 1.0
1962 2007 1.0
1963 1964 1.0
1963 2008 1.0
1964 1965 1.0
1964 2008 1.0
1965 1966 1.0
1965 2009 1.0
1966 1967 1.0
1966 2009 1.0
1967 1968 1.0
1967 2010 1.0
1968 1969 1.0
1968 2010 1.0
1969 1970 1.0
1969 2011 1.0
1970 1971 1.0
1970 2011 1.0
1971 1972 1.0
1971 2012 1.0
1972 1973 1.0
1972 2012 1.0
1973 1974 1.0
1973 2013 1.0
1974 1975 1.0
1974 2013 1.0
1975 1976 1.0
1975 2014 1.0
1976 1977 1.0
1976 2014 1.0
1977 1978 1.0
1977 2015 1.0
1978 1979 1.0
1978 2015 1.0
1979 1980 1.0
1979 2016 1.0
1980 1981 1.0
1980 2016 1.0
1981 1982 1.0
1981 2017 1.0
1982 1983 1.0
1982 2017 1.0
1983 1984 1.0
1983 2018 1.0
1984 1985 1.0
1984 2018 1.0
1985 1986 1.0
1985 2019 1.0
1986 1987 1.0
1986 2019 1.0
1987 1988 1.0
1987 2020 1.0
1988 1989 1.0
1988 2020 1.0
1989 1990 1.0
1989 2021 1.0
1990 1991 1.0
1990 2021 1.0
1991 1992 1.0
1991 2022 1.0
1992 1993 1.0
1992 2022 1.0
1993 1994 1.0
1993 2023 1.0
1994 1995 1.0
1994 2023 1.0
1995 1996 1.0
1995 2024 1.0
1996 1997 1.0
1996 2024 1.0
1997 1944 1.0
1997 1998 1.0
1998 2025 1.0
1998 2026 1.0
1999 2027 1.0
1999 2028 1.0
2000 2029 1.0
2000 2030 1.0
2001 2031 1.0
2001 2032 1.0
2002 2033 1.0
2002 2034 1.0
2003 2035 1.0
2003 2036 1.0
2004 2037 1.0
2004 2038 1.0
2005 2039 1.0
2005 2040 1.0
2006 2041 1.0
2006 2042 1.0
2007 2043 1.0
2007 2044 1.0
2008 2045 1.0
2008 2046 1.0
2009 2047 1.0
2009 2048 1.0
2010 2049 1.0
2010 2050 1.0
2011 2051 1.0
2011 2052 1.0
2012 2053 1.0
2012 2054 1.0
2013 2055 1.0
2013 2056 1.0
2014 2057 1.0
2014 2058 1.0
2015 2059 1.0
2015 2060 1.0
2016 2061 1.0
2016 2062 1.0
2017 2063 1.0
2017 2064 1.0
2018 2065 1.0
2018 2066 1.0
2019 2067 1.0
2019 2068 1.0
2020 2069 1.0
2020 2070 1.0
2021 2071 1.0
2021 2072 1.0
2022 2073 1.0
2022 2074 1.0
2023 2075 1.0
2023 2076 1.0
2024 2077 1.0
2024 2078 1.0
2025 2026 1.0
2025 2079 1.0
2026 2027 1.0
2026 2080 1.0
2027 2028 1.0
2027 2080 1.0
2028 2029 1.0
2028 2081 1.0
2029 2030 1.0
2029 2081 1.0
2030 2031 1.0
2030 2082 1.0
2031 2032 1.0
2031 2082 1.0
2032 2033 1.0
2032 2083 1.0
2033 2034 1.0
2033 2083 1.0
2034 2035 1.0
2034 2084 1.0
2035 2036 1.0
2035 2084 1.0
2036 2037 1.0
2036 2085 1.0
2037 2038 1.0
2037 2085 1.0
2038 2039 1.0
2038 2086 1.0
2039 2040 1.0
2039 2086 1.0
2040 2041 1.0
2040 2087 1.0
2041 2042 1.0
2041 2087 1.0
2042 2043 1.0
2042 2088 1.0
2043 2044 1.0
2043 2088 1.0
2044 2045 1.0
2044 2089 1.0
2045 2046 1.0
2045 2089 1.0
2046 2047 1.0
2046 2090 1.0
2047 2048 1.0
2047 2090 1.0
2048 2049 1.0
2048 2091 1.0
2049 2050 1.0
2049 2091 1.0
2050 2051 1.0
2050 2092 1.0
2051 2052 1.0
2051 2092 1.0
2052 2053 1.0
2052 2093 1.0
2053 2054 1.0
2053 2093 1.0
2054 2055 1.0
2054 2094 1.0
2055 2056 1.0
2055 2094 1.0
2056 2057 1.0
2056 2095 1.0
2057 2058 1.0
2057 2095 1.0
2058 2059 1.0
2058 2096 1.0
2059 2060 1.0
2059 2096 1.0
2060 2061 1.0
2060 2097 1.0
2061 2062 1.0
2061 2097 1.0
2062 2063 1.0
2062 2098 1.0
2063 2064 1.0
2063 2098 1.0
2064 2065 1.0
2064 2099 1.0
2065 2066 1.0
2065 2099 1.0
2066 2067 1.0
2066 2100 1.0
2067 2068 1.0
2067 2100 1.0
2068 2069 1.0
2068 2101 1.0
2069 2070 1.0
2069 2101 1.0
2070 2071 1.0
2070 2102 1.0
2071 2072 1.0
2071 2102 1.0
2072 2073 1.0
2072 2103 1.0
2073 2074 1.0
2073 2103 1.0
2074 2075 1.0
2074 2104 1.0
2075 2076 1.0
2075 2104 1.0
2076 2077 1.0
2076 2105 1.0
2077 2078 1.0
2077 2105 1.0
2078 2025 1.0
2078 2079 1.0
2079 2106 1.0
2079 2107 1.0
2080 2108 1.0
2080 2109 1.0
2081 2110 1.0
2081 2111 1.0
2082 2112 1.0
2082 2113 1.0
2083 2114 1.0
2083 2115 1.0
2084 2116 1.0
2084 2117 1.0
2085 2118 1.0
2085 2119 1.0
2086 2120 1.0
2086 2121 1.0
2087 2122 1.0
2087 2123 1.0
2088 2124 1.0
2088 2125 1.0
2089 2126 1.0
2089 2127 1.0
2090 2128 1.0
2090 2129 1.0
2091 2130 1.0
2091 2131 1.0
2092 2132 1.0
2092 2133 1.0
2093 2134 1.0
2093 2135 1.0
2094 2136 1.0
2094 2137 1.0
2095 2138 1.0
2095 2139 1.0
2096 2140 1.0
2096 2141 1.0
2097 2142 1.0
2097 2143 1.0
2098 2144 1.0
2098 2145 1.0
2099 2146 1.0
2099 2147 1.0
2100 2148 1.0
2100 2149 1.0
2101 2150 1.0
2101 2151 1.0
2102 2152 1.0
2102 2153 1.0
2103 2154 1.0
2103 2155 1.0
2104 2156 1.0
2104 2157 1.0
2105 2158 1.0
2105 2159 1.0
2106 2107 1.0
2106 2160 1.0
2107 2108 1.0
2107 2161 1.0
2108 2109 1.0
2108 2161 1.0
2109 2110 1.0
2109 2162 1.0
2110 2111 1.0
2110 2162 1.0
2111 2112 1.0
2111 2163 1.0
2112 2113 1.0
2112 2163 1.0
2113 2114 1.0
2113 2164 1.0
2114 2115 1.0
2114 2164 1.0
2115 2116 1.0
2115 2165 1.0
2116 2117 1.0
2116 2165 1.0
2117 2118 1.0
2117 2166 1.0
2118 2119 1.0
2118 2166 1.0
2119 2120 1.0
2119 2167 1.0
2120 2121 1.0
2120 2167 1.0
2121 2122 1.0
2121 2168 1.0
2122 2123 1.0
2122 2168 1.0
2123 2124 1.0
2123 2169 1.0
2124 2125 1.0
2124 2169 1.0
2125 2126 1.0
2125 2170 1.0
2126 2127 1.0
2126 2170 1.0
2127 2128 1.0
2127 2171 1.0
2128 2129 1.0
2128 2171 1.0
2129 2130 1.0
2129 2172 1.0
2130 2131 1.0
2130 2172 1.0
2131 2132 1.0
2131 2173 1.0
2132 2133 1.0
2132 2173 1.0
2133 2134 1.0
2133 2174 1.0
2134 2135 1.0
2134 2174 1.0
2135 2136 1.0
2135 2175 1.0
2136 2137 1.0
2136 2175 1.0
2137 2138 1.0
2137 2176 1.0
2138 2139 1.0
2138 2176 1.0
2139 2140 1.0
2139 2177 1.0
2140 2141 1.0
2140 2177 1.0
2141 2142 1.0
2141 2178 1.0
2142 2143 1.0
2142 2178 1.0
2143 2144 1.0
2143 2179 1.0
2144 2145 1.0
2144 2179 1.0
2145 2146 1.0
2145 2180 1.0
2146 2147 1.0
2146 2180 1.0
2147 2148 1.0
2147 2181 1.0
2148 2149 1.0
2148 2181 1.0
2149 2150 1.0
2149 2182 1.0
2150 2151 1.0
2150 2182 1.0
2151 2152 1.0
2151 2183 1.0
2152 2153 1.0
2152 2183 1.0
2153 2154 1.0
2153 2184 1.0
2154 2155 1.0
2154 2184 1.0
2155 2156 1.0
2155 2185 1.0
2156 2157 1.0
2156 2185 1.0
2157 2158 1.0
2157 2186 1.0
2158 2159 1.0
2158 2186 1.0
2159 2106 1.0
2159 2160 1.0
2160 0 1.0
2160 1 1.0
2161 2 1.0
2161 3 1.0
2162 4 1.0
2162 5 1.0
2163 6 1.0
2163 7 1.0
2164 8 1.0
2164 9 1.0
2165 10 1.0
2165 11 1.0
2166 12 1.0
2166 13 1.0
2167 14 1.0
2167 15 1.0
2168 16 1.0
2168 17 1.0
2169 18 1.0
2169 19 1.0
2170 20 1.0
2170 21 1.0
2171 22 1.0
2171 23 1.0
2172 24 1.0
2172 25 1.0
2173 26 1.0
2173 27 1.0
2174 28 1.0
2174 29 1.0
2175 30 1.0
2175 31 1.0
2176 32 1.0
2176 33 1.0
2177 34 1.0
2177 35 1.0
2178 36 1.0
2178 37 1.0
2179 38 1.0
2179 39 1.0
2180 40 1.0
2180 41 1.0
2181 42 1.0
2181 43 1.0
2182 44 1.0
2182 45 1.0
2183 46 1.0
2183 47 1.0
2184 48 1.0
2184 49 1.0
2185 50 1.0
2185 51 1.0
2186 52 1.0
2186 53 1.0
