# Model: L 48 W 48 Kagome Graph
0 1 1.0
0 48 1.0
1 2 1.0
1 49 1.0
2 3 1.0
2 49 1.0
3 4 1.0
3 50 1.0
4 5 1.0
4 50 1.0
5 6 1.0
5 51 1.0
6 7 1.0
6 51 1.0
7 8 1.0
7 52 1.0
8 9 1.0
8 52 1.0
9 10 1.0
9 53 1.0
10 11 1.0
10 53 1.0
11 12 1.0
11 54 1.0
12 13 1.0
12 54 1.0
13 14 1.0
13 55 1.0
14 15 1.0
14 55 1.0
15 16 1.0
15 56 1.0
16 17 1.0
16 56 1.0
17 18 1.0
17 57 1.0
18 19 1.0
18 57 1.0
19 20 1.0
19 58 1.0
20 21 1.0
20 58 1.0
21 22 1.0
21 59 1.0
22 23 1.0
22 59 1.0
23 24 1.0
23 60 1.0
24 25 1.0
24 60 1.0
25 26 1.0
25 61 1.0
26 27 1.0
26 61 1.0
27 28 1.0
27 62 1.0
28 29 1.0
28 62 1.0
29 30 1.0
29 63 1.0
30 31 1.0
30 63 1.0
31 32 1.0
31 64 1.0
32 33 1.0
32 64 1.0
33 34 1.0
33 65 1.0
34 35 1.0
34 65 1.0
35 36 1.0
35 66 1.0
36 37 1.0
36 66 1.0
37 38 1.0
37 67 1.0
38 39 1.0
38 67 1.0
39 40 1.0
39 68 1.0
40 41 1.0
40 68 1.0
41 42 1.0
41 69 1.0
42 43 1.0
42 69 1.0
43 44 1.0
43 70 1.0
44 45 1.0
44 70 1.0
45 46 1.0
45 71 1.0
46 47 1.0
46 71 1.0
47 0 1.0
47 48 1.0
48 72 1.0
48 73 1.0
49 74 1.0
49 75 1.0
50 76 1.0
50 77 1.0
51 78 1.0
51 79 1.0
52 80 1.0
52 81 1.0
53 82 1.0
53 83 1.0
54 84 1.0
54 85 1.0
55 86 1.0
55 87 1.0
56 88 1.0
56 89 1.0
57 90 1.0
57 91 1.0
58 92 1.0
58 93 1.0
59 94 1.0
59 95 1.0
60 96 1.0
60 97 1.0
61 98 1.0
61 99 1.0
62 100 1.0
62 101 1.0
63 102 1.0
63 103 1.0
64 104 1.0
64 105 1.0
65 106 1.0
65 107 1.0
66 108 1.0
66 109 1.0
67 110 1.0
67 111 1.0
68 112 1.0
68 113 1.0
69 114 1.0
69 115 1.0
70 116 1.0
70 117 1.0
71 118 1.0
71 119 1.0
72 73 1.0
72 120 1.0
73 74 1.0
73 121 1.0
74 75 1.0
74 121 1.0
75 76 1.0
75 122 1.0
76 77 1.0
76 122 1.0
77 78 1.0
77 123 1.0
78 79 1.0
78 123 1.0
79 80 1.0
79 124 1.0
80 81 1.0
80 124 1.0
81 82 1.0
81 125 1.0
82 83 1.0
82 125 1.0
83 84 1.0
83 126 1.0
84 85 1.0
84 126 1.0
85 86 1.0
85 127 1.0
86 87 1.0
86 127 1.0
87 88 1.0
87 128 1.0
88 89 1.0
88 128 1.0
89 90 1.0
89 129 1.0
90 91 1.0
90 129 1.0
91 92 1.0
91 130 1.0
92 93 1.0
92 130 1.0
93 94 1.0
93 131 1.0
94 95 1.0
94 131 1.0
95 96 1.0
95 132 1.0
96 97 1.0
96 132 1.0
97 98 1.0
97 133 1.0
98 99 1.0
98 133 1.0
99 100 1.0
99 134 1.0
100 101 1.0
100 134 1.0
101 102 1.0
101 135 1.0
102 103 1.0
102 135 1.0
103 104 1.0
103 136 1.0
104 105 1.0
104 136 1.0
105 106 1.0
105 137 1.0
106 107 1.0
106 137 1.0
107 108 1.0
107 138 1.0
108 109 1.0
108 138 1.0
109 110 1.0
109 139 1.0
110 111 1.0
110 139 1.0
111 112 1.0
111 140 1.0
112 113 1.0
112 140 1.0
113 114 1.0
113 141 1.0
114 115 1.0
114 141 1.0
115 116 1.0
115 142 1.0
116 117 1.0
116 142 1.0
117 118 1.0
117 143 1.0
118 119 1.0
118 143 1.0
119 72 1.0
119 120 1.0
120 144 1.0
120 145 1.0
121 146 1.0
121 147 1.0
122 148 1.0
122 149 1.0
123 150 1.0
123 151 1.0
124 152 1.0
124 153 1.0
125 154 1.0
125 155 1.0
126 156 1.0
126 157 1.0
127 158 1.0
127 159 1.0
128 160 1.0
128 161 1.0
129 162 1.0
129 163 1.0
130 164 1.0
130 165 1.0
131 166 1.0
131 167 1.0
132 168 1.0
132 169 1.0
133 170 1.0
133 171 1.0
134 172 1.0
134 173 1.0
135 174 1.0
135 175 1.0
136 176 1.0
136 177 1.0
137 178 1.0
137 179 1.0
138 180 1.0
138 181 1.0
139 182 1.0
139 183 1.0
140 184 1.0
140 185 1.0
141 186 1.0
141 187 1.0
142 188 1.0
142 189 1.0
143 190 1.0
143 191 1.0
144 145 1.0
144 192 1.0
145 146 1.0
145 193 1.0
146 147 1.0
146 193 1.0
147 148 1.0
147 194 1.0
148 149 1.0
148 194 1.0
149 150 1.0
149 195 1.0
150 151 1.0
150 195 1.0
151 152 1.0
151 196 1.0
152 153 1.0
152 196 1.0
153 154 1.0
153 197 1.0
154 155 1.0
154 197 1.0
155 156 1.0
155 198 1.0
156 157 1.0
156 198 1.0
157 158 1.0
157 199 1.0
158 159 1.0
158 199 1.0
159 160 1.0
159 200 1.0
160 161 1.0
160 200 1.0
161 162 1.0
161 201 1.0
162 163 1.0
162 201 1.0
163 164 1.0
163 202 1.0
164 165 1.0
164 202 1.0
165 166 1.0
165 203 1.0
166 167 1.0
166 203 1.0
167 168 1.0
167 204 1.0
168 169 1.0
168 204 1.0
169 170 1.0
169 205 1.0
170 171 1.0
170 205 1.0
171 172 1.0
171 206 1.0
172 173 1.0
172 206 1.0
173 174 1.0
173 207 1.0
174 175 1.0
174 207 1.0
175 176 1.0
175 208 1.0
176 177 1.0
176 208 1.0
177 178 1.0
177 209 1.0
178 179 1.0
178 209 1.0
179 180 1.0
179 210 1.0
180 181 1.0
180 210 1.0
181 182 1.0
181 211 1.0
182 183 1.0
182 211 1.0
183 184 1.0
183 212 1.0
184 185 1.0
184 212 1.0
185 186 1.0
185 213 1.0
186 187 1.0
186 213 1.0
187 188 1.0
187 214 1.0
188 189 1.0
188 214 1.0
189 190 1.0
189 215 1.0
190 191 1.0
190 215 1.0
191 144 1.0
191 192 1.0
192 216 1.0
192 217 1.0
193 218 1.0
193 219 1.0
194 220 1.0
194 221 1.0
195 222 1.0
195 223 1.0
196 224 1.0
196 225 1.0
197 226 1.0
197 227 1.0
198 228 1.0
198 229 1.0
199 230 1.0
199 231 1.0
200 232 1.0
200 233 1.0
201 234 1.0
201 235 1.0
202 236 1.0
202 237 1.0
203 238 1.0
203 239 1.0
204 240 1.0
204 241 1.0
205 242 1.0
205 243 1.0
206 244 1.0
206 245 1.0
207 246 1.0
207 247 1.0
208 248 1.0
208 249 1.0
209 250 1.0
209 251 1.0
210 252 1.0
210 253 1.0
211 254 1.0
211 255 1.0
212 256 1.0
212 257 1.0
213 258 1.0
213 259 1.0
214 260 1.0
214 261 1.0
215 262 1.0
215 263 1.0
216 217 1.0
216 264 1.0
217 218 1.0
217 265 1.0
218 219 1.0
218 265 1.0
219 220 1.0
219 266 1.0
220 221 1.0
220 266 1.0
221 222 1.0
221 267 1.0
222 223 1.0
222 267 1.0
223 224 1.0
223 268 1.0
224 225 1.0
224 268 1.0
225 226 1.0
225 269 1.0
226 227 1.0
226 269 1.0
227 228 1.0
227 270 1.0
228 229 1.0
228 270 1.0
229 230 1.0
229 271 1.0
230 231 1.0
230 271 1.0
231 232 1.0
231 272 1.0
232 233 1.0
232 272 1.0
233 234 1.0
233 273 1.0
234 235 1.0
234 273 1.0
235 236 1.0
235 274 1.0
236 237 1.0
236 274 1.0
237 238 1.0
237 275 1.0
238 239 1.0
238 275 1.0
239 240 1.0
239 276 1.0
240 241 1.0
240 276 1.0
241 242 1.0
241 277 1.0
242 243 1.0
242 277 1.0
243 244 1.0
243 278 1.0
244 245 1.0
244 278 1.0
245 246 1.0
245 279 1.0
246 247 1.0
246 279 1.0
247 248 1.0
247 280 1.0
248 249 1.0
248 280 1.0
249 250 1.0
249 281 1.0
250 251 1.0
250 281 1.0
251 252 1.0
251 282 1.0
252 253 1.0
252 282 1.0
253 254 1.0
253 283 1.0
254 255 1.0
254 283 1.0
255 256 1.0
255 284 1.0
256 257 1.0
256 284 1.0
257 258 1.0
257 285 1.0
258 259 1.0
258 285 1.0
259 260 1.0
259 286 1.0
260 261 1.0
260 286 1.0
261 262 1.0
261 287 1.0
262 263 1.0
262 287 1.0
263 216 1.0
263 264 1.0
264 288 1.0
264 289 1.0
265 290 1.0
265 291 1.0
266 292 1.0
266 293 1.0
267 294 1.0
267 295 1.0
268 296 1.0
268 297 1.0
269 298 1.0
269 299 1.0
270 300 1.0
270 301 1.0
271 302 1.0
271 303 1.0
272 304 1.0
272 305 1.0
273 306 1.0
273 307 1.0
274 308 1.0
274 309 1.0
275 310 1.0
275 311 1.0
276 312 1.0
276 313 1.0
277 314 1.0
277 315 1.0
278 316 1.0
278 317 1.0
279 318 1.0
279 319 1.0
280 320 1.0
280 321 1.0
281 322 1.0
281 323 1.0
282 324 1.0
282 325 1.0
283 326 1.0
283 327 1.0
284 328 1.0
284 329 1.0
285 330 1.0
285 331 1.0
286 332 1.0
286 333 1.0
287 334 1.0
287 335 1.0
288 289 1.0
288 336 1.0
289 290 1.0
289 337 1.0
290 291 1.0
290 337 1.0
291 292 1.0
291 338 1.0
292 293 1.0
292 338 1.0
293 294 1.0
293 339 1.0
294 295 1.0
294 339 1.0
295 296 1.0
295 340 1.0
296 297 1.0
296 340 1.0
297 298 1.0
297 341 1.0
298 299 1.0
298 341 1.0
299 300 1.0
299 342 1.0
300 301 1.0
300 342 1.0
301 302 1.0
301 343 1.0
302 303 1.0
302 343 1.0
303 304 1.0
303 344 1.0
304 305 1.0
304 344 1.0
305 306 1.0
305 345 1.0
306 307 1.0
306 345 1.0
307 308 1.0
307 346 1.0
308 309 1.0
308 346 1.0
309 310 1.0
309 347 1.0
310 311 1.0
310 347 1.0
311 312 1.0
311 348 1.0
312 313 1.0
312 348 1.0
313 314 1.0
313 349 1.0
314 315 1.0
314 349 1.0
315 316 1.0
315 350 1.0
316 317 1.0
316 350 1.0
317 318 1.0
317 351 1.0
318 319 1.0
318 351 1.0
319 320 1.0
319 352 1.0
320 321 1.0
320 352 1.0
321 322 1.0
321 353 1.0
322 323 1.0
322 353 1.0
323 324 1.0
323 354 1.0
324 325 1.0
324 354 1.0
325 326 1.0
325 355 1.0
326 327 1.0
326 355 1.0
327 328 1.0
327 356 1.0
328 329 1.0
328 356 1.0
329 330 1.0
329 357 1.0
330 331 1.0
330 357 1.0
331 332 1.0
331 358 1.0
332 333 1.0
332 358 1.0
333 334 1.0
333 359 1.0
334 335 1.0
334 359 1.0
335 288 1.0
335 336 1.0
336 360 1.0
336 361 1.0
337 362 1.0
337 363 1.0
338 364 1.0
338 365 1.0
339 366 1.0
339 367 1.0
340 368 1.0
340 369 1.0
341 370 1.0
341 371 1.0
342 372 1.0
342 373 1.0
343 374 1.0
343 375 1.0
344 376 1.0
344 377 1.0
345 378 1.0
345 379 1.0
346 380 1.0
346 381 1.0
347 382 1.0
347 383 1.0
348 384 1.0
348 385 1.0
349 386 1.0
349 387 1.0
350 388 1.0
350 389 1.0
351 390 1.0
351 391 1.0
352 392 1.0
352 393 1.0
353 394 1.0
353 395 1.0
354 396 1.0
354 397 1.0
355 398 1.0
355 399 1.0
356 400 1.0
356 401 1.0
357 402 1.0
357 403 1.0
358 404 1.0
358 405 1.0
359 406 1.0
359 407 1.0
360 361 1.0
360 408 1.0
361 362 1.0
361 409 1.0
362 363 1.0
362 409 1.0
363 364 1.0
363 410 1.0
364 365 1.0
364 410 1.0
365 366 1.0
365 411 1.0
366 367 1.0
366 411 1.0
367 368 1.0
367 412 1.0
368 369 1.0
368 412 1.0
369 370 1.0
369 413 1.0
370 371 1.0
370 413 1.0
371 372 1.0
371 414 1.0
372 373 1.0
372 414 1.0
373 374 1.0
373 415 1.0
374 375 1.0
374 415 1.0
375 376 1.0
375 416 1.0
376 377 1.0
376 416 1.0
377 378 1.0
377 417 1.0
378 379 1.0
378 417 1.0
379 380 1.0
379 418 1.0
380 381 1.0
380 418 1.0
381 382 1.0
381 419 1.0
382 383 1.0
382 419 1.0
383 384 1.0
383 420 1.0
384 385 1.0
384 420 1.0
385 386 1.0
385 421 1.0
386 387 1.0
386 421 1.0
387 388 1.0
387 422 1.0
388 389 1.0
388 422 1.0
389 390 1.0
389 423 1.0
390 391 1.0
390 423 1.0
391 392 1.0
391 424 1.0
392 393 1.0
392 424 1.0
393 394 1.0
393 425 1.0
394 395 1.0
394 425 1.0
395 396 1.0
395 426 1.0
396 397 1.0
396 426 1.0
397 398 1.0
397 427 1.0
398 399 1.0
398 427 1.0
399 400 1.0
399 428 1.0
400 401 1.0
400 428 1.0
401 402 1.0
401 429 1.0
402 403 1.0
402 429 1.0
403 404 1.0
403 430 1.0
404 405 1.0
404 430 1.0
405 406 1.0
405 431 1.0
406 407 1.0
406 431 1.0
407 360 1.0
407 408 1.0
408 432 1.0
408 433 1.0
409 434 1.0
409 435 1.0
410 436 1.0
410 437 1.0
411 438 1.0
411 439 1.0
412 440 1.0
412 441 1.0
413 442 1.0
413 443 1.0
414 444 1.0
414 445 1.0
415 446 1.0
415 447 1.0
416 448 1.0
416 449 1.0
417 450 1.0
417 451 1.0
418 452 1.0
418 453 1.0
419 454 1.0
419 455 1.0
420 456 1.0
420 457 1.0
421 458 1.0
421 459 1.0
422 460 1.0
422 461 1.0
423 462 1.0
423 463 1.0
424 464 1.0
424 465 1.0
425 466 1.0
425 467 1.0
426 468 1.0
426 469 1.0
427 470 1.0
427 471 1.0
428 472 1.0
428 473 1.0
429 474 1.0
429 475 1.0
430 476 1.0
430 477 1.0
431 478 1.0
431 479 1.0
432 433 1.0
432 480 1.0
433 434 1.0
433 481 1.0
434 435 1.0
434 481 1.0
435 436 1.0
435 482 1.0
436 437 1.0
436 482 1.0
437 438 1.0
437 483 1.0
438 439 1.0
438 483 1.0
439 440 1.0
439 484 1.0
440 441 1.0
440 484 1.0
441 442 1.0
441 485 1.0
442 443 1.0
442 485 1.0
443 444 1.0
443 486 1.0
444 445 1.0
444 486 1.0
445 446 1.0
445 487 1.0
446 447 1.0
446 487 1.0
447 448 1.0
447 488 1.0
448 449 1.0
448 488 1.0
449 450 1.0
449 489 1.0
450 451 1.0
450 489 1.0
451 452 1.0
451 490 1.0
452 453 1.0
452 490 1.0
453 454 1.0
453 491 1.0
454 455 1.0
454 491 1.0
455 456 1.0
455 492 1.0
456 457 1.0
456 492 1.0
457 458 1.0
457 493 1.0
458 459 1.0
458 493 1.0
459 460 1.0
459 494 1.0
460 461 1.0
460 494 1.0
461 462 1.0
461 495 1.0
462 463 1.0
462 495 1.0
463 464 1.0
463 496 1.0
464 465 1.0
464 496 1.0
465 466 1.0
465 497 1.0
466 467 1.0
466 497 1.0
467 468 1.0
467 498 1.0
468 469 1.0
468 498 1.0
469 470 1.0
469 499 1.0
470 471 1.0
470 499 1.0
471 472 1.0
471 500 1.0
472 473 1.0
472 500 1.0
473 474 1.0
473 501 1.0
474 475 1.0
474 501 1.0
475 476 1.0
475 502 1.0
476 477 1.0
476 502 1.0
477 478 1.0
477 503 1.0
478 479 1.0
478 503 1.0
479 432 1.0
479 480 1.0
480 504 1.0
480 505 1.0
481 506 1.0
481 507 1.0
482 508 1.0
482 509 1.0
483 510 1.0
483 511 1.0
484 512 1.0
484 513 1.0
485 514 1.0
485 515 1.0
486 516 1.0
486 517 1.0
487 518 1.0
487 519 1.0
488 520 1.0
488 521 1.0
489 522 1.0
489 523 1.0
490 524 1.0
490 525 1.0
491 526 1.0
491 527 1.0
492 528 1.0
492 529 1.0
493 530 1.0
493 531 1.0
494 532 1.0
494 533 1.0
495 534 1.0
495 535 1.0
496 536 1.0
496 537 1.0
497 538 1.0
497 539 1.0
498 540 1.0
498 541 1.0
499 542 1.0
499 543 1.0
500 544 1.0
500 545 1.0
501 546 1.0
501 547 1.0
502 548 1.0
502 549 1.0
503 550 1.0
503 551 1.0
504 505 1.0
504 552 1.0
505 506 1.0
505 553 1.0
506 507 1.0
506 553 1.0
507 508 1.0
507 554 1.0
508 509 1.0
508 554 1.0
509 510 1.0
509 555 1.0
510 511 1.0
510 555 1.0
511 512 1.0
511 556 1.0
512 513 1.0
512 556 1.0
513 514 1.0
513 557 1.0
514 515 1.0
514 557 1.0
515 516 1.0
515 558 1.0
516 517 1.0
516 558 1.0
517 518 1.0
517 559 1.0
518 519 1.0
518 559 1.0
519 520 1.0
519 560 1.0
520 521 1.0
520 560 1.0
521 522 1.0
521 561 1.0
522 523 1.0
522 561 1.0
523 524 1.0
523 562 1.0
524 525 1.0
524 562 1.0
525 526 1.0
525 563 1.0
526 527 1.0
526 563 1.0
527 528 1.0
527 564 1.0
528 529 1.0
528 564 1.0
529 530 1.0
529 565 1.0
530 531 1.0
530 565 1.0
531 532 1.0
531 566 1.0
532 533 1.0
532 566 1.0
533 534 1.0
533 567 1.0
534 535 1.0
534 567 1.0
535 536 1.0
535 568 1.0
536 537 1.0
536 568 1.0
537 538 1.0
537 569 1.0
538 539 1.0
538 569 1.0
539 540 1.0
539 570 1.0
540 541 1.0
540 570 1.0
541 542 1.0
541 571 1.0
542 543 1.0
542 571 1.0
543 544 1.0
543 572 1.0
544 545 1.0
544 572 1.0
545 546 1.0
545 573 1.0
546 547 1.0
546 573 1.0
547 548 1.0
547 574 1.0
548 549 1.0
548 574 1.0
549 550 1.0
549 575 1.0
550 551 1.0
550 575 1.0
551 504 1.0
551 552 1.0
552 576 1.0
552 577 1.0
553 578 1.0
553 579 1.0
554 580 1.0
554 581 1.0
555 582 1.0
555 583 1.0
556 584 1.0
556 585 1.0
557 586 1.0
557 587 1.0
558 588 1.0
558 589 1.0
559 590 1.0
559 591 1.0
560 592 1.0
560 593 1.0
561 594 1.0
561 595 1.0
562 596 1.0
562 597 1.0
563 598 1.0
563 599 1.0
564 600 1.0
564 601 1.0
565 602 1.0
565 603 1.0
566 604 1.0
566 605 1.0
567 606 1.0
567 607 1.0
568 608 1.0
568 609 1.0
569 610 1.0
569 611 1.0
570 612 1.0
570 613 1.0
571 614 1.0
571 615 1.0
572 616 1.0
572 617 1.0
573 618 1.0
573 619 1.0
574 620 1.0
574 621 1.0
575 622 1.0
575 623 1.0
576 577 1.0
576 624 1.0
577 578 1.0
577 625 1.0
578 579 1.0
578 625 1.0
579 580 1.0
579 626 1.0
580 581 1.0
580 626 1.0
581 582 1.0
581 627 1.0
582 583 1.0
582 627 1.0
583 584 1.0
583 628 1.0
584 585 1.0
584 628 1.0
585 586 1.0
585 629 1.0
586 587 1.0
586 629 1.0
587 588 1.0
587 630 1.0
588 589 1.0
588 630 1.0
589 590 1.0
589 631 1.0
590 591 1.0
590 631 1.0
591 592 1.0
591 632 1.0
592 593 1.0
592 632 1.0
593 594 1.0
593 633 1.0
594 595 1.0
594 633 1.0
595 596 1.0
595 634 1.0
596 597 1.0
596 634 1.0
597 598 1.0
597 635 1.0
598 599 1.0
598 635 1.0
599 600 1.0
599 636 1.0
600 601 1.0
600 636 1.0
601 602 1.0
601 637 1.0
602 603 1.0
602 637 1.0
603 604 1.0
603 638 1.0
604 605 1.0
604 638 1.0
605 606 1.0
605 639 1.0
606 607 1.0
606 639 1.0
607 608 1.0
607 640 1.0
608 609 1.0
608 640 1.0
609 610 1.0
609 641 1.0
610 611 1.0
610 641 1.0
611 612 1.0
611 642 1.0
612 613 1.0
612 642 1.0
613 614 1.0
613 643 1.0
614 615 1.0
614 643 1.0
615 616 1.0
615 644 1.0
616 617 1.0
616 644 1.0
617 618 1.0
617 645 1.0
618 619 1.0
618 645 1.0
619 620 1.0
619 646 1.0
620 621 1.0
620 646 1.0
621 622 1.0
621 647 1.0
622 623 1.0
622 647 1.0
623 576 1.0
623 624 1.0
624 648 1.0
624 649 1.0
625 650 1.0
625 651 1.0
626 652 1.0
626 653 1.0
627 654 1.0
627 655 1.0
628 656 1.0
628 657 1.0
629 658 1.0
629 659 1.0
630 660 1.0
630 661 1.0
631 662 1.0
631 663 1.0
632 664 1.0
632 665 1.0
633 666 1.0
633 667 1.0
634 668 1.0
634 669 1.0
635 670 1.0
635 671 1.0
636 672 1.0
636 673 1.0
637 674 1.0
637 675 1.0
638 676 1.0
638 677 1.0
639 678 1.0
639 679 1.0
640 680 1.0
640 681 1.0
641 682 1.0
641 683 1.0
642 684 1.0
642 685 1.0
643 686 1.0
643 687 1.0
644 688 1.0
644 689 1.0
645 690 1.0
645 691 1.0
646 692 1.0
646 693 1.0
647 694 1.0
647 695 1.0
648 649 1.0
648 696 1.0
649 650 1.0
649 697 1.0
650 651 1.0
650 697 1.0
651 652 1.0
651 698 1.0
652 653 1.0
652 698 1.0
653 654 1.0
653 699 1.0
654 655 1.0
654 699 1.0
655 656 1.0
655 700 1.0
656 657 1.0
656 700 1.0
657 658 1.0
657 701 1.0
658 659 1.0
658 701 1.0
659 660 1.0
659 702 1.0
660 661 1.0
660 702 1.0
661 662 1.0
661 703 1.0
662 663 1.0
662 703 1.0
663 664 1.0
663 704 1.0
664 665 1.0
664 704 1.0
665 666 1.0
665 705 1.0
666 667 1.0
666 705 1.0
667 668 1.0
667 706 1.0
668 669 1.0
668 706 1.0
669 670 1.0
669 707 1.0
670 671 1.0
670 707 1.0
671 672 1.0
671 708 1.0
672 673 1.0
672 708 1.0
673 674 1.0
673 709 1.0
674 675 1.0
674 709 1.0
675 676 1.0
675 710 1.0
676 677 1.0
676 710 1.0
677 678 1.0
677 711 1.0
678 679 1.0
678 711 1.0
679 680 1.0
679 712 1.0
680 681 1.0
680 712 1.0
681 682 1.0
681 713 1.0
682 683 1.0
682 713 1.0
683 684 1.0
683 714 1.0
684 685 1.0
684 714 1.0
685 686 1.0
685 715 1.0
686 687 1.0
686 715 1.0
687 688 1.0
687 716 1.0
688 689 1.0
688 716 1.0
689 690 1.0
689 717 1.0
690 691 1.0
690 717 1.0
691 692 1.0
691 718 1.0
692 693 1.0
692 718 1.0
693 694 1.0
693 719 1.0
694 695 1.0
694 719 1.0
695 648 1.0
695 696 1.0
696 720 1.0
696 721 1.0
697 722 1.0
697 723 1.0
698 724 1.0
698 725 1.0
699 726 1.0
699 727 1.0
700 728 1.0
700 729 1.0
701 730 1.0
701 731 1.0
702 732 1.0
702 733 1.0
703 734 1.0
703 735 1.0
704 736 1.0
704 737 1.0
705 738 1.0
705 739 1.0
706 740 1.0
706 741 1.0
707 742 1.0
707 743 1.0
708 744 1.0
708 745 1.0
709 746 1.0
709 747 1.0
710 748 1.0
710 749 1.0
711 750 1.0
711 751 1.0
712 752 1.0
712 753 1.0
713 754 1.0
713 755 1.0
714 756 1.0
714 757 1.0
715 758 1.0
715 759 1.0
716 760 1.0
716 761 1.0
717 762 1.0
717 763 1.0
718 764 1.0
718 765 1.0
719 766 1.0
719 767 1.0
720 721 1.0
720 768 1.0
721 722 1.0
721 769 1.0
722 723 1.0
722 769 1.0
723 724 1.0
723 770 1.0
724 725 1.0
724 770 1.0
725 726 1.0
725 771 1.0
726 727 1.0
726 771 1.0
727 728 1.0
727 772 1.0
728 729 1.0
728 772 1.0
729 730 1.0
729 773 1.0
730 731 1.0
730 773 1.0
731 732 1.0
731 774 1.0
732 733 1.0
732 774 1.0
733 734 1.0
733 775 1.0
734 735 1.0
734 775 1.0
735 736 1.0
735 776 1.0
736 737 1.0
736 776 1.0
737 738 1.0
737 777 1.0
738 739 1.0
738 777 1.0
739 740 1.0
739 778 1.0
740 741 1.0
740 778 1.0
741 742 1.0
741 779 1.0
742 743 1.0
742 779 1.0
743 744 1.0
743 780 1.0
744 745 1.0
744 780 1.0
745 746 1.0
745 781 1.0
746 747 1.0
746 781 1.0
747 748 1.0
747 782 1.0
748 749 1.0
748 782 1.0
749 750 1.0
749 783 1.0
750 751 1.0
750 783 1.0
751 752 1.0
751 784 1.0
752 753 1.0
752 784 1.0
753 754 1.0
753 785 1.0
754 755 1.0
754 785 1.0
755 756 1.0
755 786 1.0
756 757 1.0
756 786 1.0
757 758 1.0
757 787 1.0
758 759 1.0
758 787 1.0
759 760 1.0
759 788 1.0
760 761 1.0
760 788 1.0
761 762 1.0
761 789 1.0
762 763 1.0
762 789 1.0
763 764 1.0
763 790 1.0
764 765 1.0
764 790 1.0
765 766 1.0
765 791 1.0
766 767 1.0
766 791 1.0
767 720 1.0
767 768 1.0
768 792 1.0
768 793 1.0
769 794 1.0
769 795 1.0
770 796 1.0
770 797 1.0
771 798 1.0
771 799 1.0
772 800 1.0
772 801 1.0
773 802 1.0
773 803 1.0
774 804 1.0
774 805 1.0
775 806 1.0
775 807 1.0
776 808 1.0
776 809 1.0
777 810 1.0
777 811 1.0
778 812 1.0
778 813 1.0
779 814 1.0
779 815 1.0
780 816 1.0
780 817 1.0
781 818 1.0
781 819 1.0
782 820 1.0
782 821 1.0
783 822 1.0
783 823 1.0
784 824 1.0
784 825 1.0
785 826 1.0
785 827 1.0
786 828 1.0
786 829 1.0
787 830 1.0
787 831 1.0
788 832 1.0
788 833 1.0
789 834 1.0
789 835 1.0
790 836 1.0
790 837 1.0
791 838 1.0
791 839 1.0
792 793 1.0
792 840 1.0
793 794 1.0
793 841 1.0
794 795 1.0
794 841 1.0
795 796 1.0
795 842 1.0
796 797 1.0
796 842 1.0
797 798 1.0
797 843 1.0
798 799 1.0
798 843 1.0
799 800 1.0
799 844 1.0
800 801 1.0
800 844 1.0
801 802 1.0
801 845 1.0
802 803 1.0
802 845 1.0
803 804 1.0
803 846 1.0
804 805 1.0
804 846 1.0
805 806 1.0
805 847 1.0
806 807 1.0
806 847 1.0
807 808 1.0
807 848 1.0
808 809 1.0
808 848 1.0
809 810 1.0
809 849 1.0
810 811 1.0
810 849 1.0
811 812 1.0
811 850 1.0
812 813 1.0
812 850 1.0
813 814 1.0
813 851 1.0
814 815 1.0
814 851 1.0
815 816 1.0
815 852 1.0
816 817 1.0
816 852 1.0
817 818 1.0
817 853 1.0
818 819 1.0
818 853 1.0
819 820 1.0
819 854 1.0
820 821 1.0
820 854 1.0
821 822 1.0
821 855 1.0
822 823 1.0
822 855 1.0
823 824 1.0
823 856 1.0
824 825 1.0
824 856 1.0
825 826 1.0
825 857 1.0
826 827 1.0
826 857 1.0
827 828 1.0
827 858 1.0
828 829 1.0
828 858 1.0
829 830 1.0
829 859 1.0
830 831 1.0
830 859 1.0
831 832 1.0
831 860 1.0
832 833 1.0
832 860 1.0
833 834 1.0
833 861 1.0
834 835 1.0
834 861 1.0
835 836 1.0
835 862 1.0
836 837 1.0
836 862 1.0
837 838 1.0
837 863 1.0
838 839 1.0
838 863 1.0
839 792 1.0
839 840 1.0
840 864 1.0
840 865 1.0
841 866 1.0
841 867 1.0
842 868 1.0
842 869 1.0
843 870 1.0
843 871 1.0
844 872 1.0
844 873 1.0
845 874 1.0
845 875 1.0
846 876 1.0
846 877 1.0
847 878 1.0
847 879 1.0
848 880 1.0
848 881 1.0
849 882 1.0
849 883 1.0
850 884 1.0
850 885 1.0
851 886 1.0
851 887 1.0
852 888 1.0
852 889 1.0
853 890 1.0
853 891 1.0
854 892 1.0
854 893 1.0
855 894 1.0
855 895 1.0
856 896 1.0
856 897 1.0
857 898 1.0
857 899 1.0
858 900 1.0
858 901 1.0
859 902 1.0
859 903 1.0
860 904 1.0
860 905 1.0
861 906 1.0
861 907 1.0
862 908 1.0
862 909 1.0
863 910 1.0
863 911 1.0
864 865 1.0
864 912 1.0
865 866 1.0
865 913 1.0
866 867 1.0
866 913 1.0
867 868 1.0
867 914 1.0
868 869 1.0
868 914 1.0
869 870 1.0
869 915 1.0
870 871 1.0
870 915 1.0
871 872 1.0
871 916 1.0
872 873 1.0
872 916 1.0
873 874 1.0
873 917 1.0
874 875 1.0
874 917 1.0
875 876 1.0
875 918 1.0
876 877 1.0
876 918 1.0
877 878 1.0
877 919 1.0
878 879 1.0
878 919 1.0
879 880 1.0
879 920 1.0
880 881 1.0
880 920 1.0
881 882 1.0
881 921 1.0
882 883 1.0
882 921 1.0
883 884 1.0
883 922 1.0
884 885 1.0
884 922 1.0
885 886 1.0
885 923 1.0
886 887 1.0
886 923 1.0
887 888 1.0
887 924 1.0
888 889 1.0
888 924 1.0
889 890 1.0
889 925 1.0
890 891 1.0
890 925 1.0
891 892 1.0
891 926 1.0
892 893 1.0
892 926 1.0
893 894 1.0
893 927 1.0
894 895 1.0
894 927 1.0
895 896 1.0
895 928 1.0
896 897 1.0
896 928 1.0
897 898 1.0
897 929 1.0
898 899 1.0
898 929 1.0
899 900 1.0
899 930 1.0
900 901 1.0
900 930 1.0
901 902 1.0
901 931 1.0
902 903 1.0
902 931 1.0
903 904 1.0
903 932 1.0
904 905 1.0
904 932 1.0
905 906 1.0
905 933 1.0
906 907 1.0
906 933 1.0
907 908 1.0
907 934 1.0
908 909 1.0
908 934 1.0
909 910 1.0
909 935 1.0
910 911 1.0
910 935 1.0
911 864 1.0
911 912 1.0
912 936 1.0
912 937 1.0
913 938 1.0
913 939 1.0
914 940 1.0
914 941 1.0
915 942 1.0
915 943 1.0
916 944 1.0
916 945 1.0
917 946 1.0
917 947 1.0
918 948 1.0
918 949 1.0
919 950 1.0
919 951 1.0
920 952 1.0
920 953 1.0
921 954 1.0
921 955 1.0
922 956 1.0
922 957 1.0
923 958 1.0
923 959 1.0
924 960 1.0
924 961 1.0
925 962 1.0
925 963 1.0
926 964 1.0
926 965 1.0
927 966 1.0
927 967 1.0
928 968 1.0
928 969 1.0
929 970 1.0
929 971 1.0
930 972 1.0
930 973 1.0
931 974 1.0
931 975 1.0
932 976 1.0
932 977 1.0
933 978 1.0
933 979 1.0
934 980 1.0
934 981 1.0
935 982 1.0
935 983 1.0
936 937 1.0
936 984 1.0
937 938 1.0
937 985 1.0
938 939 1.0
938 985 1.0
939 940 1.0
939 986 1.0
940 941 1.0
940 986 1.0
941 942 1.0
941 987 1.0
942 943 1.0
942 987 1.0
943 944 1.0
943 988 1.0
944 945 1.0
944 988 1.0
945 946 1.0
945 989 1.0
946 947 1.0
946 989 1.0
947 948 1.0
947 990 1.0
948 949 1.0
948 990 1.0
949 950 1.0
949 991 1.0
950 951 1.0
950 991 1.0
951 952 1.0
951 992 1.0
952 953 1.0
952 992 1.0
953 954 1.0
953 993 1.0
954 955 1.0
954 993 1.0
955 956 1.0
955 994 1.0
956 957 1.0
956 994 1.0
957 958 1.0
957 995 1.0
958 959 1.0
958 995 1.0
959 960 1.0
959 996 1.0
960 961 1.0
960 996 1.0
961 962 1.0
961 997 1.0
962 963 1.0
962 997 1.0
963 964 1.0
963 998 1.0
964 965 1.0
964 998 1.0
965 966 1.0
965 999 1.0
966 967 1.0
966 999 1.0
967 968 1.0
967 1000 1.0
968 969 1.0
968 1000 1.0
969 970 1.0
969 1001 1.0
970 971 1.0
970 1001 1.0
971 972 1.0
971 1002 1.0
972 973 1.0
972 1002 1.0
973 974 1.0
973 1003 1.0
974 975 1.0
974 1003 1.0
975 976 1.0
975 1004 1.0
976 977 1.0
976 1004 1.0
977 978 1.0
977 1005 1.0
978 979 1.0
978 1005 1.0
979 980 1.0
979 1006 1.0
980 981 1.0
980 1006 1.0
981 982 1.0
981 1007 1.0
982 983 1.0
982 1007 1.0
983 936 1.0
983 984 1.0
984 1008 1.0
984 1009 1.0
985 1010 1.0
985 1011 1.0
986 1012 1.0
986 1013 1.0
987 1014 1.0
987 1015 1.0
988 1016 1.0
988 1017 1.0
989 1018 1.0
989 1019 1.0
990 1020 1.0
990 1021 1.0
991 1022 1.0
991 1023 1.0
992 1024 1.0
992 1025 1.0
993 1026 1.0
993 1027 1.0
994 1028 1.0
994 1029 1.0
995 1030 1.0
995 1031 1.0
996 1032 1.0
996 1033 1.0
997 1034 1.0
997 1035 1.0
998 1036 1.0
998 1037 1.0
999 1038 1.0
999 1039 1.0
1000 1040 1.0
1000 1041 1.0
1001 1042 1.0
1001 1043 1.0
1002 1044 1.0
1002 1045 1.0
1003 1046 1.0
1003 1047 1.0
1004 1048 1.0
1004 1049 1.0
1005 1050 1.0
1005 1051 1.0
1006 1052 1.0
1006 1053 1.0
1007 1054 1.0
1007 1055 1.0
1008 1009 1.0
1008 1056 1.0
1009 1010 1.0
1009 1057 1.0
1010 1011 1.0
1010 1057 1.0
1011 1012 1.0
1011 1058 1.0
1012 1013 1.0
1012 1058 1.0
1013 1014 1.0
1013 1059 1.0
1014 1015 1.0
1014 1059 1.0
1015 1016 1.0
1015 1060 1.0
1016 1017 1.0
1016 1060 1.0
1017 1018 1.0
1017 1061 1.0
1018 1019 1.0
1018 1061 1.0
1019 1020 1.0
1019 1062 1.0
1020 1021 1.0
1020 1062 1.0
1021 1022 1.0
1021 1063 1.0
1022 1023 1.0
1022 1063 1.0
1023 1024 1.0
1023 1064 1.0
1024 1025 1.0
1024 1064 1.0
1025 1026 1.0
1025 1065 1.0
1026 1027 1.0
1026 1065 1.0
1027 1028 1.0
1027 1066 1.0
1028 1029 1.0
1028 1066 1.0
1029 1030 1.0
1029 1067 1.0
1030 1031 1.0
1030 1067 1.0
1031 1032 1.0
1031 1068 1.0
1032 1033 1.0
1032 1068 1.0
1033 1034 1.0
1033 1069 1.0
1034 1035 1.0
1034 1069 1.0
1035 1036 1.0
1035 1070 1.0
1036 1037 1.0
1036 1070 1.0
1037 1038 1.0
1037 1071 1.0
1038 1039 1.0
1038 1071 1.0
1039 1040 1.0
1039 1072 1.0
1040 1041 1.0
1040 1072 1.0
1041 1042 1.0
1041 1073 1.0
1042 1043 1.0
1042 1073 1.0
1043 1044 1.0
1043 1074 1.0
1044 1045 1.0
1044 1074 1.0
1045 1046 1.0
1045 1075 1.0
1046 1047 1.0
1046 1075 1.0
1047 1048 1.0
1047 1076 1.0
1048 1049 1.0
1048 1076 1.0
1049 1050 1.0
1049 1077 1.0
1050 1051 1.0
1050 1077 1.0
1051 1052 1.0
1051 1078 1.0
1052 1053 1.0
1052 1078 1.0
1053 1054 1.0
1053 1079 1.0
1054 1055 1.0
1054 1079 1.0
1055 1008 1.0
1055 1056 1.0
1056 1080 1.0
1056 1081 1.0
1057 1082 1.0
1057 1083 1.0
1058 1084 1.0
1058 1085 1.0
1059 1086 1.0
1059 1087 1.0
1060 1088 1.0
1060 1089 1.0
1061 1090 1.0
1061 1091 1.0
1062 1092 1.0
1062 1093 1.0
1063 1094 1.0
1063 1095 1.0
1064 1096 1.0
1064 1097 1.0
1065 1098 1.0
1065 1099 1.0
1066 1100 1.0
1066 1101 1.0
1067 1102 1.0
1067 1103 1.0
1068 1104 1.0
1068 1105 1.0
1069 1106 1.0
1069 1107 1.0
1070 1108 1.0
1070 1109 1.0
1071 1110 1.0
1071 1111 1.0
1072 1112 1.0
1072 1113 1.0
1073 1114 1.0
1073 1115 1.0
1074 1116 1.0
1074 1117 1.0
1075 1118 1.0
1075 1119 1.0
1076 1120 1.0
1076 1121 1.0
1077 1122 1.0
1077 1123 1.0
1078 1124 1.0
1078 1125 1.0
1079 1126 1.0
1079 1127 1.0
1080 1081 1.0
1080 1128 1.0
1081 1082 1.0
1081 1129 1.0
1082 1083 1.0
1082 1129 1.0
1083 1084 1.0
1083 1130 1.0
1084 1085 1.0
1084 1130 1.0
1085 1086 1.0
1085 1131 1.0
1086 1087 1.0
1086 1131 1.0
1087 1088 1.0
1087 1132 1.0
1088 1089 1.0
1088 1132 1.0
1089 1090 1.0
1089 1133 1.0
1090 1091 1.0
1090 1133 1.0
1091 1092 1.0
1091 1134 1.0
1092 1093 1.0
1092 1134 1.0
1093 1094 1.0
1093 1135 1.0
1094 1095 1.0
1094 1135 1.0
1095 1096 1.0
1095 1136 1.0
1096 1097 1.0
1096 1136 1.0
1097 1098 1.0
1097 1137 1.0
1098 1099 1.0
1098 1137 1.0
1099 1100 1.0
1099 1138 1.0
1100 1101 1.0
1100 1138 1.0
1101 1102 1.0
1101 1139 1.0
1102 1103 1.0
1102 1139 1.0
1103 1104 1.0
1103 1140 1.0
1104 1105 1.0
1104 1140 1.0
1105 1106 1.0
1105 1141 1.0
1106 1107 1.0
1106 1141 1.0
1107 1108 1.0
1107 1142 1.0
1108 1109 1.0
1108 1142 1.0
1109 1110 1.0
1109 1143 1.0
1110 1111 1.0
1110 1143 1.0
1111 1112 1.0
1111 1144 1.0
1112 1113 1.0
1112 1144 1.0
1113 1114 1.0
1113 1145 1.0
1114 1115 1.0
1114 1145 1.0
1115 1116 1.0
1115 1146 1.0
1116 1117 1.0
1116 1146 1.0
1117 1118 1.0
1117 1147 1.0
1118 1119 1.0
1118 1147 1.0
1119 1120 1.0
1119 1148 1.0
1120 1121 1.0
1120 1148 1.0
1121 1122 1.0
1121 1149 1.0
1122 1123 1.0
1122 1149 1.0
1123 1124 1.0
1123 1150 1.0
1124 1125 1.0
1124 1150 1.0
1125 1126 1.0
1125 1151 1.0
1126 1127 1.0
1126 1151 1.0
1127 1080 1.0
1127 1128 1.0
1128 1152 1.0
1128 1153 1.0
1129 1154 1.0
1129 1155 1.0
1130 1156 1.0
1130 1157 1.0
1131 1158 1.0
1131 1159 1.0
1132 1160 1.0
1132 1161 1.0
1133 1162 1.0
1133 1163 1.0
1134 1164 1.0
1134 1165 1.0
1135 1166 1.0
1135 1167 1.0
1136 1168 1.0
1136 1169 1.0
1137 1170 1.0
1137 1171 1.0
1138 1172 1.0
1138 1173 1.0
1139 1174 1.0
1139 1175 1.0
1140 1176 1.0
1140 1177 1.0
1141 1178 1.0
1141 1179 1.0
1142 1180 1.0
1142 1181 1.0
1143 1182 1.0
1143 1183 1.0
1144 1184 1.0
1144 1185 1.0
1145 1186 1.0
1145 1187 1.0
1146 1188 1.0
1146 1189 1.0
1147 1190 1.0
1147 1191 1.0
1148 1192 1.0
1148 1193 1.0
1149 1194 1.0
1149 1195 1.0
1150 1196 1.0
1150 1197 1.0
1151 1198 1.0
1151 1199 1.0
1152 1153 1.0
1152 1200 1.0
1153 1154 1.0
1153 1201 1.0
1154 1155 1.0
1154 1201 1.0
1155 1156 1.0
1155 1202 1.0
1156 1157 1.0
1156 1202 1.0
1157 1158 1.0
1157 1203 1.0
1158 1159 1.0
1158 1203 1.0
1159 1160 1.0
1159 1204 1.0
1160 1161 1.0
1160 1204 1.0
1161 1162 1.0
1161 1205 1.0
1162 1163 1.0
1162 1205 1.0
1163 1164 1.0
1163 1206 1.0
1164 1165 1.0
1164 1206 1.0
1165 1166 1.0
1165 1207 1.0
1166 1167 1.0
1166 1207 1.0
1167 1168 1.0
1167 1208 1.0
1168 1169 1.0
1168 1208 1.0
1169 1170 1.0
1169 1209 1.0
1170 1171 1.0
1170 1209 1.0
1171 1172 1.0
1171 1210 1.0
1172 1173 1.0
1172 1210 1.0
1173 1174 1.0
1173 1211 1.0
1174 1175 1.0
1174 1211 1.0
1175 1176 1.0
1175 1212 1.0
1176 1177 1.0
1176 1212 1.0
1177 1178 1.0
1177 1213 1.0
1178 1179 1.0
1178 1213 1.0
1179 1180 1.0
1179 1214 1.0
1180 1181 1.0
1180 1214 1.0
1181 1182 1.0
1181 1215 1.0
1182 1183 1.0
1182 1215 1.0
1183 1184 1.0
1183 1216 1.0
1184 1185 1.0
1184 1216 1.0
1185 1186 1.0
1185 1217 1.0
1186 1187 1.0
1186 1217 1.0
1187 1188 1.0
1187 1218 1.0
1188 1189 1.0
1188 1218 1.0
1189 1190 1.0
1189 1219 1.0
1190 1191 1.0
1190 1219 1.0
1191 1192 1.0
1191 1220 1.0
1192 1193 1.0
1192 1220 1.0
1193 1194 1.0
1193 1221 1.0
1194 1195 1.0
1194 1221 1.0
1195 1196 1.0
1195 1222 1.0
1196 1197 1.0
1196 1222 1.0
1197 1198 1.0
1197 1223 1.0
1198 1199 1.0
1198 1223 1.0
1199 1152 1.0
1199 1200 1.0
1200 1224 1.0
1200 1225 1.0
1201 1226 1.0
1201 1227 1.0
1202 1228 1.0
1202 1229 1.0
1203 1230 1.0
1203 1231 1.0
1204 1232 1.0
1204 1233 1.0
1205 1234 1.0
1205 1235 1.0
1206 1236 1.0
1206 1237 1.0
1207 1238 1.0
1207 1239 1.0
1208 1240 1.0
1208 1241 1.0
1209 1242 1.0
1209 1243 1.0
1210 1244 1.0
1210 1245 1.0
1211 1246 1.0
1211 1247 1.0
1212 1248 1.0
1212 1249 1.0
1213 1250 1.0
1213 1251 1.0
1214 1252 1.0
1214 1253 1.0
1215 1254 1.0
1215 1255 1.0
1216 1256 1.0
1216 1257 1.0
1217 1258 1.0
1217 1259 1.0
1218 1260 1.0
1218 1261 1.0
1219 1262 1.0
1219 1263 1.0
1220 1264 1.0
1220 1265 1.0
1221 1266 1.0
1221 1267 1.0
1222 1268 1.0
1222 1269 1.0
1223 1270 1.0
1223 1271 1.0
1224 1225 1.0
1224 1272 1.0
1225 1226 1.0
1225 1273 1.0
1226 1227 1.0
1226 1273 1.0
1227 1228 1.0
1227 1274 1.0
1228 1229 1.0
1228 1274 1.0
1229 1230 1.0
1229 1275 1.0
1230 1231 1.0
1230 1275 1.0
1231 1232 1.0
1231 1276 1.0
1232 1233 1.0
1232 1276 1.0
1233 1234 1.0
1233 1277 1.0
1234 1235 1.0
1234 1277 1.0
1235 1236 1.0
1235 1278 1.0
1236 1237 1.0
1236 1278 1.0
1237 1238 1.0
1237 1279 1.0
1238 1239 1.0
1238 1279 1.0
1239 1240 1.0
1239 1280 1.0
1240 1241 1.0
1240 1280 1.0
1241 1242 1.0
1241 1281 1.0
1242 1243 1.0
1242 1281 1.0
1243 1244 1.0
1243 1282 1.0
1244 1245 1.0
1244 1282 1.0
1245 1246 1.0
1245 1283 1.0
1246 1247 1.0
1246 1283 1.0
1247 1248 1.0
1247 1284 1.0
1248 1249 1.0
1248 1284 1.0
1249 1250 1.0
1249 1285 1.0
1250 1251 1.0
1250 1285 1.0
1251 1252 1.0
1251 1286 1.0
1252 1253 1.0
1252 1286 1.0
1253 1254 1.0
1253 1287 1.0
1254 1255 1.0
1254 1287 1.0
1255 1256 1.0
1255 1288 1.0
1256 1257 1.0
1256 1288 1.0
1257 1258 1.0
1257 1289 1.0
1258 1259 1.0
1258 1289 1.0
1259 1260 1.0
1259 1290 1.0
1260 1261 1.0
1260 1290 1.0
1261 1262 1.0
1261 1291 1.0
1262 1263 1.0
1262 1291 1.0
1263 1264 1.0
1263 1292 1.0
1264 1265 1.0
1264 1292 1.0
1265 1266 1.0
1265 1293 1.0
1266 1267 1.0
1266 1293 1.0
1267 1268 1.0
1267 1294 1.0
1268 1269 1.0
1268 1294 1.0
1269 1270 1.0
1269 1295 1.0
1270 1271 1.0
1270 1295 1.0
1271 1224 1.0
1271 1272 1.0
1272 1296 1.0
1272 1297 1.0
1273 1298 1.0
1273 1299 1.0
1274 1300 1.0
1274 1301 1.0
1275 1302 1.0
1275 1303 1.0
1276 1304 1.0
1276 1305 1.0
1277 1306 1.0
1277 1307 1.0
1278 1308 1.0
1278 1309 1.0
1279 1310 1.0
1279 1311 1.0
1280 1312 1.0
1280 1313 1.0
1281 1314 1.0
1281 1315 1.0
1282 1316 1.0
1282 1317 1.0
1283 1318 1.0
1283 1319 1.0
1284 1320 1.0
1284 1321 1.0
1285 1322 1.0
1285 1323 1.0
1286 1324 1.0
1286 1325 1.0
1287 1326 1.0
1287 1327 1.0
1288 1328 1.0
1288 1329 1.0
1289 1330 1.0
1289 1331 1.0
1290 1332 1.0
1290 1333 1.0
1291 1334 1.0
1291 1335 1.0
1292 1336 1.0
1292 1337 1.0
1293 1338 1.0
1293 1339 1.0
1294 1340 1.0
1294 1341 1.0
1295 1342 1.0
1295 1343 1.0
1296 1297 1.0
1296 1344 1.0
1297 1298 1.0
1297 1345 1.0
1298 1299 1.0
1298 1345 1.0
1299 1300 1.0
1299 1346 1.0
1300 1301 1.0
1300 1346 1.0
1301 1302 1.0
1301 1347 1.0
1302 1303 1.0
1302 1347 1.0
1303 1304 1.0
1303 1348 1.0
1304 1305 1.0
1304 1348 1.0
1305 1306 1.0
1305 1349 1.0
1306 1307 1.0
1306 1349 1.0
1307 1308 1.0
1307 1350 1.0
1308 1309 1.0
1308 1350 1.0
1309 1310 1.0
1309 1351 1.0
1310 1311 1.0
1310 1351 1.0
1311 1312 1.0
1311 1352 1.0
1312 1313 1.0
1312 1352 1.0
1313 1314 1.0
1313 1353 1.0
1314 1315 1.0
1314 1353 1.0
1315 1316 1.0
1315 1354 1.0
1316 1317 1.0
1316 1354 1.0
1317 1318 1.0
1317 1355 1.0
1318 1319 1.0
1318 1355 1.0
1319 1320 1.0
1319 1356 1.0
1320 1321 1.0
1320 1356 1.0
1321 1322 1.0
1321 1357 1.0
1322 1323 1.0
1322 1357 1.0
1323 1324 1.0
1323 1358 1.0
1324 1325 1.0
1324 1358 1.0
1325 1326 1.0
1325 1359 1.0
1326 1327 1.0
1326 1359 1.0
1327 1328 1.0
1327 1360 1.0
1328 1329 1.0
1328 1360 1.0
1329 1330 1.0
1329 1361 1.0
1330 1331 1.0
1330 1361 1.0
1331 1332 1.0
1331 1362 1.0
1332 1333 1.0
1332 1362 1.0
1333 1334 1.0
1333 1363 1.0
1334 1335 1.0
1334 1363 1.0
1335 1336 1.0
1335 1364 1.0
1336 1337 1.0
1336 1364 1.0
1337 1338 1.0
1337 1365 1.0
1338 1339 1.0
1338 1365 1.0
1339 1340 1.0
1339 1366 1.0
1340 1341 1.0
1340 1366 1.0
1341 1342 1.0
1341 1367 1.0
1342 1343 1.0
1342 1367 1.0
1343 1296 1.0
1343 1344 1.0
1344 1368 1.0
1344 1369 1.0
1345 1370 1.0
1345 1371 1.0
1346 1372 1.0
1346 1373 1.0
1347 1374 1.0
1347 1375 1.0
1348 1376 1.0
1348 1377 1.0
1349 1378 1.0
1349 1379 1.0
1350 1380 1.0
1350 1381 1.0
1351 1382 1.0
1351 1383 1.0
1352 1384 1.0
1352 1385 1.0
1353 1386 1.0
1353 1387 1.0
1354 1388 1.0
1354 1389 1.0
1355 1390 1.0
1355 1391 1.0
1356 1392 1.0
1356 1393 1.0
1357 1394 1.0
1357 1395 1.0
1358 1396 1.0
1358 1397 1.0
1359 1398 1.0
1359 1399 1.0
1360 1400 1.0
1360 1401 1.0
1361 1402 1.0
1361 1403 1.0
1362 1404 1.0
1362 1405 1.0
1363 1406 1.0
1363 1407 1.0
1364 1408 1.0
1364 1409 1.0
1365 1410 1.0
1365 1411 1.0
1366 1412 1.0
1366 1413 1.0
1367 1414 1.0
1367 1415 1.0
1368 1369 1.0
1368 1416 1.0
1369 1370 1.0
1369 1417 1.0
1370 1371 1.0
1370 1417 1.0
1371 1372 1.0
1371 1418 1.0
1372 1373 1.0
1372 1418 1.0
1373 1374 1.0
1373 1419 1.0
1374 1375 1.0
1374 1419 1.0
1375 1376 1.0
1375 1420 1.0
1376 1377 1.0
1376 1420 1.0
1377 1378 1.0
1377 1421 1.0
1378 1379 1.0
1378 1421 1.0
1379 1380 1.0
1379 1422 1.0
1380 1381 1.0
1380 1422 1.0
1381 1382 1.0
1381 1423 1.0
1382 1383 1.0
1382 1423 1.0
1383 1384 1.0
1383 1424 1.0
1384 1385 1.0
1384 1424 1.0
1385 1386 1.0
1385 1425 1.0
1386 1387 1.0
1386 1425 1.0
1387 1388 1.0
1387 1426 1.0
1388 1389 1.0
1388 1426 1.0
1389 1390 1.0
1389 1427 1.0
1390 1391 1.0
1390 1427 1.0
1391 1392 1.0
1391 1428 1.0
1392 1393 1.0
1392 1428 1.0
1393 1394 1.0
1393 1429 1.0
1394 1395 1.0
1394 1429 1.0
1395 1396 1.0
1395 1430 1.0
1396 1397 1.0
1396 1430 1.0
1397 1398 1.0
1397 1431 1.0
1398 1399 1.0
1398 1431 1.0
1399 1400 1.0
1399 1432 1.0
1400 1401 1.0
1400 1432 1.0
1401 1402 1.0
1401 1433 1.0
1402 1403 1.0
1402 1433 1.0
1403 1404 1.0
1403 1434 1.0
1404 1405 1.0
1404 1434 1.0
1405 1406 1.0
1405 1435 1.0
1406 1407 1.0
1406 1435 1.0
1407 1408 1.0
1407 1436 1.0
1408 1409 1.0
1408 1436 1.0
1409 1410 1.0
1409 1437 1.0
1410 1411 1.0
1410 1437 1.0
1411 1412 1.0
1411 1438 1.0
1412 1413 1.0
1412 1438 1.0
1413 1414 1.0
1413 1439 1.0
1414 1415 1.0
1414 1439 1.0
1415 1368 1.0
1415 1416 1.0
1416 1440 1.0
1416 1441 1.0
1417 1442 1.0
1417 1443 1.0
1418 1444 1.0
1418 1445 1.0
1419 1446 1.0
1419 1447 1.0
1420 1448 1.0
1420 1449 1.0
1421 1450 1.0
1421 1451 1.0
1422 1452 1.0
1422 1453 1.0
1423 1454 1.0
1423 1455 1.0
1424 1456 1.0
1424 1457 1.0
1425 1458 1.0
1425 1459 1.0
1426 1460 1.0
1426 1461 1.0
1427 1462 1.0
1427 1463 1.0
1428 1464 1.0
1428 1465 1.0
1429 1466 1.0
1429 1467 1.0
1430 1468 1.0
1430 1469 1.0
1431 1470 1.0
1431 1471 1.0
1432 1472 1.0
1432 1473 1.0
1433 1474 1.0
1433 1475 1.0
1434 1476 1.0
1434 1477 1.0
1435 1478 1.0
1435 1479 1.0
1436 1480 1.0
1436 1481 1.0
1437 1482 1.0
1437 1483 1.0
1438 1484 1.0
1438 1485 1.0
1439 1486 1.0
1439 1487 1.0
1440 1441 1.0
1440 1488 1.0
1441 1442 1.0
1441 1489 1.0
1442 1443 1.0
1442 1489 1.0
1443 1444 1.0
1443 1490 1.0
1444 1445 1.0
1444 1490 1.0
1445 1446 1.0
1445 1491 1.0
1446 1447 1.0
1446 1491 1.0
1447 1448 1.0
1447 1492 1.0
1448 1449 1.0
1448 1492 1.0
1449 1450 1.0
1449 1493 1.0
1450 1451 1.0
1450 1493 1.0
1451 1452 1.0
1451 1494 1.0
1452 1453 1.0
1452 1494 1.0
1453 1454 1.0
1453 1495 1.0
1454 1455 1.0
1454 1495 1.0
1455 1456 1.0
1455 1496 1.0
1456 1457 1.0
1456 1496 1.0
1457 1458 1.0
1457 1497 1.0
1458 1459 1.0
1458 1497 1.0
1459 1460 1.0
1459 1498 1.0
1460 1461 1.0
1460 1498 1.0
1461 1462 1.0
1461 1499 1.0
1462 1463 1.0
1462 1499 1.0
1463 1464 1.0
1463 1500 1.0
1464 1465 1.0
1464 1500 1.0
1465 1466 1.0
1465 1501 1.0
1466 1467 1.0
1466 1501 1.0
1467 1468 1.0
1467 1502 1.0
1468 1469 1.0
1468 1502 1.0
1469 1470 1.0
1469 1503 1.0
1470 1471 1.0
1470 1503 1.0
1471 1472 1.0
1471 1504 1.0
1472 1473 1.0
1472 1504 1.0
1473 1474 1.0
1473 1505 1.0
1474 1475 1.0
1474 1505 1.0
1475 1476 1.0
1475 1506 1.0
1476 1477 1.0
1476 1506 1.0
1477 1478 1.0
1477 1507 1.0
1478 1479 1.0
1478 1507 1.0
1479 1480 1.0
1479 1508 1.0
1480 1481 1.0
1480 1508 1.0
1481 1482 1.0
1481 1509 1.0
1482 1483 1.0
1482 1509 1.0
1483 1484 1.0
1483 1510 1.0
1484 1485 1.0
1484 1510 1.0
1485 1486 1.0
1485 1511 1.0
1486 1487 1.0
1486 1511 1.0
1487 1440 1.0
1487 1488 1.0
1488 1512 1.0
1488 1513 1.0
1489 1514 1.0
1489 1515 1.0
1490 1516 1.0
1490 1517 1.0
1491 1518 1.0
1491 1519 1.0
1492 1520 1.0
1492 1521 1.0
1493 1522 1.0
1493 1523 1.0
1494 1524 1.0
1494 1525 1.0
1495 1526 1.0
1495 1527 1.0
1496 1528 1.0
1496 1529 1.0
1497 1530 1.0
1497 1531 1.0
1498 1532 1.0
1498 1533 1.0
1499 1534 1.0
1499 1535 1.0
1500 1536 1.0
1500 1537 1.0
1501 1538 1.0
1501 1539 1.0
1502 1540 1.0
1502 1541 1.0
1503 1542 1.0
1503 1543 1.0
1504 1544 1.0
1504 1545 1.0
1505 1546 1.0
1505 1547 1.0
1506 1548 1.0
1506 1549 1.0
1507 1550 1.0
1507 1551 1.0
1508 1552 1.0
1508 1553 1.0
1509 1554 1.0
1509 1555 1.0
1510 1556 1.0
1510 1557 1.0
1511 1558 1.0
1511 1559 1.0
1512 1513 1.0
1512 1560 1.0
1513 1514 1.0
1513 1561 1.0
1514 1515 1.0
1514 1561 1.0
1515 1516 1.0
1515 1562 1.0
1516 1517 1.0
1516 1562 1.0
1517 1518 1.0
1517 1563 1.0
1518 1519 1.0
1518 1563 1.0
1519 1520 1.0
1519 1564 1.0
1520 1521 1.0
1520 1564 1.0
1521 1522 1.0
1521 1565 1.0
1522 1523 1.0
1522 1565 1.0
1523 1524 1.0
1523 1566 1.0
1524 1525 1.0
1524 1566 1.0
1525 1526 1.0
1525 1567 1.0
1526 1527 1.0
1526 1567 1.0
1527 1528 1.0
1527 1568 1.0
1528 1529 1.0
1528 1568 1.0
1529 1530 1.0
1529 1569 1.0
1530 1531 1.0
1530 1569 1.0
1531 1532 1.0
1531 1570 1.0
1532 1533 1.0
1532 1570 1.0
1533 1534 1.0
1533 1571 1.0
1534 1535 1.0
1534 1571 1.0
1535 1536 1.0
1535 1572 1.0
1536 1537 1.0
1536 1572 1.0
1537 1538 1.0
1537 1573 1.0
1538 1539 1.0
1538 1573 1.0
1539 1540 1.0
1539 1574 1.0
1540 1541 1.0
1540 1574 1.0
1541 1542 1.0
1541 1575 1.0
1542 1543 1.0
1542 1575 1.0
1543 1544 1.0
1543 1576 1.0
1544 1545 1.0
1544 1576 1.0
1545 1546 1.0
1545 1577 1.0
1546 1547 1.0
1546 1577 1.0
1547 1548 1.0
1547 1578 1.0
1548 1549 1.0
1548 1578 1.0
1549 1550 1.0
1549 1579 1.0
1550 1551 1.0
1550 1579 1.0
1551 1552 1.0
1551 1580 1.0
1552 1553 1.0
1552 1580 1.0
1553 1554 1.0
1553 1581 1.0
1554 1555 1.0
1554 1581 1.0
1555 1556 1.0
1555 1582 1.0
1556 1557 1.0
1556 1582 1.0
1557 1558 1.0
1557 1583 1.0
1558 1559 1.0
1558 1583 1.0
1559 1512 1.0
1559 1560 1.0
1560 1584 1.0
1560 1585 1.0
1561 1586 1.0
1561 1587 1.0
1562 1588 1.0
1562 1589 1.0
1563 1590 1.0
1563 1591 1.0
1564 1592 1.0
1564 1593 1.0
1565 1594 1.0
1565 1595 1.0
1566 1596 1.0
1566 1597 1.0
1567 1598 1.0
1567 1599 1.0
1568 1600 1.0
1568 1601 1.0
1569 1602 1.0
1569 1603 1.0
1570 1604 1.0
1570 1605 1.0
1571 1606 1.0
1571 1607 1.0
1572 1608 1.0
1572 1609 1.0
1573 1610 1.0
1573 1611 1.0
1574 1612 1.0
1574 1613 1.0
1575 1614 1.0
1575 1615 1.0
1576 1616 1.0
1576 1617 1.0
1577 1618 1.0
1577 1619 1.0
1578 1620 1.0
1578 1621 1.0
1579 1622 1.0
1579 1623 1.0
1580 1624 1.0
1580 1625 1.0
1581 1626 1.0
1581 1627 1.0
1582 1628 1.0
1582 1629 1.0
1583 1630 1.0
1583 1631 1.0
1584 1585 1.0
1584 1632 1.0
1585 1586 1.0
1585 1633 1.0
1586 1587 1.0
1586 1633 1.0
1587 1588 1.0
1587 1634 1.0
1588 1589 1.0
1588 1634 1.0
1589 1590 1.0
1589 1635 1.0
1590 1591 1.0
1590 1635 1.0
1591 1592 1.0
1591 1636 1.0
1592 1593 1.0
1592 1636 1.0
1593 1594 1.0
1593 1637 1.0
1594 1595 1.0
1594 1637 1.0
1595 1596 1.0
1595 1638 1.0
1596 1597 1.0
1596 1638 1.0
1597 1598 1.0
1597 1639 1.0
1598 1599 1.0
1598 1639 1.0
1599 1600 1.0
1599 1640 1.0
1600 1601 1.0
1600 1640 1.0
1601 1602 1.0
1601 1641 1.0
1602 1603 1.0
1602 1641 1.0
1603 1604 1.0
1603 1642 1.0
1604 1605 1.0
1604 1642 1.0
1605 1606 1.0
1605 1643 1.0
1606 1607 1.0
1606 1643 1.0
1607 1608 1.0
1607 1644 1.0
1608 1609 1.0
1608 1644 1.0
1609 1610 1.0
1609 1645 1.0
1610 1611 1.0
1610 1645 1.0
1611 1612 1.0
1611 1646 1.0
1612 1613 1.0
1612 1646 1.0
1613 1614 1.0
1613 1647 1.0
1614 1615 1.0
1614 1647 1.0
1615 1616 1.0
1615 1648 1.0
1616 1617 1.0
1616 1648 1.0
1617 1618 1.0
1617 1649 1.0
1618 1619 1.0
1618 1649 1.0
1619 1620 1.0
1619 1650 1.0
1620 1621 1.0
1620 1650 1.0
1621 1622 1.0
1621 1651 1.0
1622 1623 1.0
1622 1651 1.0
1623 1624 1.0
1623 1652 1.0
1624 1625 1.0
1624 1652 1.0
1625 1626 1.0
1625 1653 1.0
1626 1627 1.0
1626 1653 1.0
1627 1628 1.0
1627 1654 1.0
1628 1629 1.0
1628 1654 1.0
1629 1630 1.0
1629 1655 1.0
1630 1631 1.0
1630 1655 1.0
1631 1584 1.0
1631 1632 1.0
1632 1656 1.0
1632 1657 1.0
1633 1658 1.0
1633 1659 1.0
1634 1660 1.0
1634 1661 1.0
1635 1662 1.0
1635 1663 1.0
1636 1664 1.0
1636 1665 1.0
1637 1666 1.0
1637 1667 1.0
1638 1668 1.0
1638 1669 1.0
1639 1670 1.0
1639 1671 1.0
1640 1672 1.0
1640 1673 1.0
1641 1674 1.0
1641 1675 1.0
1642 1676 1.0
1642 1677 1.0
1643 1678 1.0
1643 1679 1.0
1644 1680 1.0
1644 1681 1.0
1645 1682 1.0
1645 1683 1.0
1646 1684 1.0
1646 1685 1.0
1647 1686 1.0
1647 1687 1.0
1648 1688 1.0
1648 1689 1.0
1649 1690 1.0
1649 1691 1.0
1650 1692 1.0
1650 1693 1.0
1651 1694 1.0
1651 1695 1.0
1652 1696 1.0
1652 1697 1.0
1653 1698 1.0
1653 1699 1.0
1654 1700 1.0
1654 1701 1.0
1655 1702 1.0
1655 1703 1.0
1656 1657 1.0
1656 1704 1.0
1657 1658 1.0
1657 1705 1.0
1658 1659 1.0
1658 1705 1.0
1659 1660 1.0
1659 1706 1.0
1660 1661 1.0
1660 1706 1.0
1661 1662 1.0
1661 1707 1.0
1662 1663 1.0
1662 1707 1.0
1663 1664 1.0
1663 1708 1.0
1664 1665 1.0
1664 1708 1.0
1665 1666 1.0
1665 1709 1.0
1666 1667 1.0
1666 1709 1.0
1667 1668 1.0
1667 1710 1.0
1668 1669 1.0
1668 1710 1.0
1669 1670 1.0
1669 1711 1.0
1670 1671 1.0
1670 1711 1.0
1671 1672 1.0
1671 1712 1.0
1672 1673 1.0
1672 1712 1.0
1673 1674 1.0
1673 1713 1.0
1674 1675 1.0
1674 1713 1.0
1675 1676 1.0
1675 1714 1.0
1676 1677 1.0
1676 1714 1.0
1677 1678 1.0
1677 1715 1.0
1678 1679 1.0
1678 1715 1.0
1679 1680 1.0
1679 1716 1.0
1680 1681 1.0
1680 1716 1.0
1681 1682 1.0
1681 1717 1.0
1682 1683 1.0
1682 1717 1.0
1683 1684 1.0
1683 1718 1.0
1684 1685 1.0
1684 1718 1.0
1685 1686 1.0
1685 1719 1.0
1686 1687 1.0
1686 1719 1.0
1687 1688 1.0
1687 1720 1.0
1688 1689 1.0
1688 1720 1.0
1689 1690 1.0
1689 1721 1.0
1690 1691 1.0
1690 1721 1.0
1691 1692 1.0
1691 1722 1.0
1692 1693 1.0
1692 1722 1.0
1693 1694 1.0
1693 1723 1.0
1694 1695 1.0
1694 1723 1.0
1695 1696 1.0
1695 1724 1.0
1696 1697 1.0
1696 1724 1.0
1697 1698 1.0
1697 1725 1.0
1698 1699 1.0
1698 1725 1.0
1699 1700 1.0
1699 1726 1.0
1700 1701 1.0
1700 1726 1.0
1701 1702 1.0
1701 1727 1.0
1702 1703 1.0
1702 1727 1.0
1703 1656 1.0
1703 1704 1.0
1704 0 1.0
1704 1 1.0
1705 2 1.0
1705 3 1.0
1706 4 1.0
1706 5 1.0
1707 6 1.0
1707 7 1.0
1708 8 1.0
1708 9 1.0
1709 10 1.0
1709 11 1.0
1710 12 1.0
1710 13 1.0
1711 14 1.0
1711 15 1.0
1712 16 1.0
1712 17 1.0
1713 18 1.0
1713 19 1.0
1714 20 1.0
1714 21 1.0
1715 22 1.0
1715 23 1.0
1716 24 1.0
1716 25 1.0
1717 26 1.0
1717 27 1.0
1718 28 1.0
1718 29 1.0
1719 30 1.0
1719 31 1.0
1720 32 1.0
1720 33 1.0
1721 34 1.0
1721 35 1.0
1722 36 1.0
1722 37 1.0
1723 38 1.0
1723 39 1.0
1724 40 1.0
1724 41 1.0
1725 42 1.0
1725 43 1.0
1726 44 1.0
1726 45 1.0
1727 46 1.0
1727 47 1.0
