# Model: L 24 W 24 Kagome Graph
0 1 1.0
0 24 1.0
1 2 1.0
1 25 1.0
2 3 1.0
2 25 1.0
3 4 1.0
3 26 1.0
4 5 1.0
4 26 1.0
5 6 1.0
5 27 1.0
6 7 1.0
6 27 1.0
7 8 1.0
7 28 1.0
8 9 1.0
8 28 1.0
9 10 1.0
9 29 1.0
10 11 1.0
10 29 1.0
11 12 1.0
11 30 1.0
12 13 1.0
12 30 1.0
13 14 1.0
13 31 1.0
14 15 1.0
14 31 1.0
15 16 1.0
15 32 1.0
16 17 1.0
16 32 1.0
17 18 1.0
17 33 1.0
18 19 1.0
18 33 1.0
19 20 1.0
19 34 1.0
20 21 1.0
20 34 1.0
21 22 1.0
21 35 1.0
22 23 1.0
22 35 1.0
23 0 1.0
23 24 1.0
24 36 1.0
24 37 1.0
25 38 1.0
25 39 1.0
26 40 1.0
26 41 1.0
27 42 1.0
27 43 1.0
28 44 1.0
28 45 1.0
29 46 1.0
29 47 1.0
30 48 1.0
30 49 1.0
31 50 1.0
31 51 1.0
32 52 1.0
32 53 1.0
33 54 1.0
33 55 1.0
34 56 1.0
34 57 1.0
35 58 1.0
35 59 1.0
36 37 1.0
36 60 1.0
37 38 1.0
37 61 1.0
38 39 1.0
38 61 1.0
39 40 1.0
39 62 1.0
40 41 1.0
40 62 1.0
41 42 1.0
41 63 1.0
42 43 1.0
42 63 1.0
43 44 1.0
43 64 1.0
44 45 1.0
44 64 1.0
45 46 1.0
45 65 1.0
46 47 1.0
46 65 1.0
47 48 1.0
47 66 1.0
48 49 1.0
48 66 1.0
49 50 1.0
49 67 1.0
50 51 1.0
50 67 1.0
51 52 1.0
51 68 1.0
52 53 1.0
52 68 1.0
53 54 1.0
53 69 1.0
54 55 1.0
54 69 1.0
55 56 1.0
55 70 1.0
56 57 1.0
56 70 1.0
57 58 1.0
57 71 1.0
58 59 1.0
58 71 1.0
59 36 1.0
59 60 1.0
60 72 1.0
60 73 1.0
61 74 1.0
61 75 1.0
62 76 1.0
62 77 1.0
63 78 1.0
63 79 1.0
64 80 1.0
64 81 1.0
65 82 1.0
65 83 1.0
66 84 1.0
66 85 1.0
67 86 1.0
67 87 1.0
68 88 1.0
68 89 1.0
69 90 1.0
69 91 1.0
70 92 1.0
70 93 1.0
71 94 1.0
71 95 1.0
72 73 1.0
72 96 1.0
73 74 1.0
73 97 1.0
74 75 1.0
74 97 1.0
75 76 1.0
75 98 1.0
76 77 1.0
76 98 1.0
77 78 1.0
77 99 1.0
78 79 1.0
78 99 1.0
79 80 1.0
79 100 1.0
80 81 1.0
80 100 1.0
81 82 1.0
81 101 1.0
82 83 1.0
82 101 1.0
83 84 1.0
83 102 1.0
84 85 1.0
84 102 1.0
85 86 1.0
85 103 1.0
86 87 1.0
86 103 1.0
87 88 1.0
87 104 1.0
88 89 1.0
88 104 1.0
89 90 1.0
89 105 1.0
90 91 1.0
90 105 1.0
91 92 1.0
91 106 1.0
92 93 1.0
92 106 1.0
93 94 1.0
93 107 1.0
94 95 1.0
94 107 1.0
95 72 1.0
95 96 1.0
96 108 1.0
96 109 1.0
97 110 1.0
97 111 1.0
98 112 1.0
98 113 1.0
99 114 1.0
99 115 1.0
100 116 1.0
100 117 1.0
101 118 1.0
101 119 1.0
102 120 1.0
102 121 1.0
103 122 1.0
103 123 1.0
104 124 1.0
104 125 1.0
105 126 1.0
105 127 1.0
106 128 1.0
106 129 1.0
107 130 1.0
107 131 1.0
108 109 1.0
108 132 1.0
109 110 1.0
109 133 1.0
110 111 1.0
110 133 1.0
111 112 1.0
111 134 1.0
112 113 1.0
112 134 1.0
113 114 1.0
113 135 1.0
114 115 1.0
114 135 1.0
115 116 1.0
115 136 1.0
116 117 1.0
116 136 1.0
117 118 1.0
117 137 1.0
118 119 1.0
118 137 1.0
119 120 1.0
119 138 1.0
120 121 1.0
120 138 1.0
121 122 1.0
121 139 1.0
122 123 1.0
122 139 1.0
123 124 1.0
123 140 1.0
124 125 1.0
124 140 1.0
125 126 1.0
125 141 1.0
126 127 1.0
126 141 1.0
127 128 1.0
127 142 1.0
128 129 1.0
128 142 1.0
129 130 1.0
129 143 1.0
130 131 1.0
130 143 1.0
131 108 1.0
131 132 1.0
132 144 1.0
132 145 1.0
133 146 1.0
133 147 1.0
134 148 1.0
134 149 1.0
135 150 1.0
135 151 1.0
136 152 1.0
136 153 1.0
137 154 1.0
137 155 1.0
138 156 1.0
138 157 1.0
139 158 1.0
139 159 1.0
140 160 1.0
140 161 1.0
141 162 1.0
141 163 1.0
142 164 1.0
142 165 1.0
143 166 1.0
143 167 1.0
144 145 1.0
144 168 1.0
145 146 1.0
145 169 1.0
146 147 1.0
146 169 1.0
147 148 1.0
147 170 1.0
148 149 1.0
148 170 1.0
149 150 1.0
149 171 1.0
150 151 1.0
150 171 1.0
151 152 1.0
151 172 1.0
152 153 1.0
152 172 1.0
153 154 1.0
153 173 1.0
154 155 1.0
154 173 1.0
155 156 1.0
155 174 1.0
156 157 1.0
156 174 1.0
157 158 1.0
157 175 1.0
158 159 1.0
158 175 1.0
159 160 1.0
159 176 1.0
160 161 1.0
160 176 1.0
161 162 1.0
161 177 1.0
162 163 1.0
162 177 1.0
163 164 1.0
163 178 1.0
164 165 1.0
164 178 1.0
165 166 1.0
165 179 1.0
166 167 1.0
166 179 1.0
167 144 1.0
167 168 1.0
168 180 1.0
168 181 1.0
169 182 1.0
169 183 1.0
170 184 1.0
170 185 1.0
171 186 1.0
171 187 1.0
172 188 1.0
172 189 1.0
173 190 1.0
173 191 1.0
174 192 1.0
174 193 1.0
175 194 1.0
175 195 1.0
176 196 1.0
176 197 1.0
177 198 1.0
177 199 1.0
178 200 1.0
178 201 1.0
179 202 1.0
179 203 1.0
180 181 1.0
180 204 1.0
181 182 1.0
181 205 1.0
182 183 1.0
182 205 1.0
183 184 1.0
183 206 1.0
184 185 1.0
184 206 1.0
185 186 1.0
185 207 1.0
186 187 1.0
186 207 1.0
187 188 1.0
187 208 1.0
188 189 1.0
188 208 1.0
189 190 1.0
189 209 1.0
190 191 1.0
190 209 1.0
191 192 1.0
191 210 1.0
192 193 1.0
192 210 1.0
193 194 1.0
193 211 1.0
194 195 1.0
194 211 1.0
195 196 1.0
195 212 1.0
196 197 1.0
196 212 1.0
197 198 1.0
197 213 1.0
198 199 1.0
198 213 1.0
199 200 1.0
199 214 1.0
200 201 1.0
200 214 1.0
201 202 1.0
201 215 1.0
202 203 1.0
202 215 1.0
203 180 1.0
203 204 1.0
204 216 1.0
204 217 1.0
205 218 1.0
205 219 1.0
206 220 1.0
206 221 1.0
207 222 1.0
207 223 1.0
208 224 1.0
208 225 1.0
209 226 1.0
209 227 1.0
210 228 1.0
210 229 1.0
211 230 1.0
211 231 1.0
212 232 1.0
212 233 1.0
213 234 1.0
213 235 1.0
214 236 1.0
214 237 1.0
215 238 1.0
215 239 1.0
216 217 1.0
216 240 1.0
217 218 1.0
217 241 1.0
218 219 1.0
218 241 1.0
219 220 1.0
219 242 1.0
220 221 1.0
220 242 1.0
221 222 1.0
221 243 1.0
222 223 1.0
222 243 1.0
223 224 1.0
223 244 1.0
224 225 1.0
224 244 1.0
225 226 1.0
225 245 1.0
226 227 1.0
226 245 1.0
227 228 1.0
227 246 1.0
228 229 1.0
228 246 1.0
229 230 1.0
229 247 1.0
230 231 1.0
230 247 1.0
231 232 1.0
231 248 1.0
232 233 1.0
232 248 1.0
233 234 1.0
233 249 1.0
234 235 1.0
234 249 1.0
235 236 1.0
235 250 1.0
236 237 1.0
236 250 1.0
237 238 1.0
237 251 1.0
238 239 1.0
238 251 1.0
239 216 1.0
239 240 1.0
240 252 1.0
240 253 1.0
241 254 1.0
241 255 1.0
242 256 1.0
242 257 1.0
243 258 1.0
243 259 1.0
244 260 1.0
244 261 1.0
245 262 1.0
245 263 1.0
246 264 1.0
246 265 1.0
247 266 1.0
247 267 1.0
248 268 1.0
248 269 1.0
249 270 1.0
249 271 1.0
250 272 1.0
250 273 1.0
251 274 1.0
251 275 1.0
252 253 1.0
252 276 1.0
253 254 1.0
253 277 1.0
254 255 1.0
254 277 1.0
255 256 1.0
255 278 1.0
256 257 1.0
256 278 1.0
257 258 1.0
257 279 1.0
258 259 1.0
258 279 1.0
259 260 1.0
259 280 1.0
260 261 1.0
260 280 1.0
261 262 1.0
261 281 1.0
262 263 1.0
262 281 1.0
263 264 1.0
263 282 1.0
264 265 1.0
264 282 1.0
265 266 1.0
265 283 1.0
266 267 1.0
266 283 1.0
267 268 1.0
267 284 1.0
268 269 1.0
268 284 1.0
269 270 1.0
269 285 1.0
270 271 1.0
270 285 1.0
271 272 1.0
271 286 1.0
272 273 1.0
272 286 1.0
273 274 1.0
273 287 1.0
274 275 1.0
274 287 1.0
275 252 1.0
275 276 1.0
276 288 1.0
276 289 1.0
277 290 1.0
277 291 1.0
278 292 1.0
278 293 1.0
279 294 1.0
279 295 1.0
280 296 1.0
280 297 1.0
281 298 1.0
281 299 1.0
282 300 1.0
282 301 1.0
283 302 1.0
283 303 1.0
284 304 1.0
284 305 1.0
285 306 1.0
285 307 1.0
286 308 1.0
286 309 1.0
287 310 1.0
287 311 1.0
288 289 1.0
288 312 1.0
289 290 1.0
289 313 1.0
290 291 1.0
290 313 1.0
291 292 1.0
291 314 1.0
292 293 1.0
292 314 1.0
293 294 1.0
293 315 1.0
294 295 1.0
294 315 1.0
295 296 1.0
295 316 1.0
296 297 1.0
296 316 1.0
297 298 1.0
297 317 1.0
298 299 1.0
298 317 1.0
299 300 1.0
299 318 1.0
300 301 1.0
300 318 1.0
301 302 1.0
301 319 1.0
302 303 1.0
302 319 1.0
303 304 1.0
303 320 1.0
304 305 1.0
304 320 1.0
305 306 1.0
305 321 1.0
306 307 1.0
306 321 1.0
307 308 1.0
307 322 1.0
308 309 1.0
308 322 1.0
309 310 1.0
309 323 1.0
310 311 1.0
310 323 1.0
311 288 1.0
311 312 1.0
312 324 1.0
312 325 1.0
313 326 1.0
313 327 1.0
314 328 1.0
314 329 1.0
315 330 1.0
315 331 1.0
316 332 1.0
316 333 1.0
317 334 1.0
317 335 1.0
318 336 1.0
318 337 1.0
319 338 1.0
319 339 1.0
320 340 1.0
320 341 1.0
321 342 1.0
321 343 1.0
322 344 1.0
322 345 1.0
323 346 1.0
323 347 1.0
324 325 1.0
324 348 1.0
325 326 1.0
325 349 1.0
326 327 1.0
326 349 1.0
327 328 1.0
327 350 1.0
328 329 1.0
328 350 1.0
329 330 1.0
329 351 1.0
330 331 1.0
330 351 1.0
331 332 1.0
331 352 1.0
332 333 1.0
332 352 1.0
333 334 1.0
333 353 1.0
334 335 1.0
334 353 1.0
335 336 1.0
335 354 1.0
336 337 1.0
336 354 1.0
337 338 1.0
337 355 1.0
338 339 1.0
338 355 1.0
339 340 1.0
339 356 1.0
340 341 1.0
340 356 1.0
341 342 1.0
341 357 1.0
342 343 1.0
342 357 1.0
343 344 1.0
343 358 1.0
344 345 1.0
344 358 1.0
345 346 1.0
345 359 1.0
346 347 1.0
346 359 1.0
347 324 1.0
347 348 1.0
348 360 1.0
348 361 1.0
349 362 1.0
349 363 1.0
350 364 1.0
350 365 1.0
351 366 1.0
351 367 1.0
352 368 1.0
352 369 1.0
353 370 1.0
353 371 1.0
354 372 1.0
354 373 1.0
355 374 1.0
355 375 1.0
356 376 1.0
356 377 1.0
357 378 1.0
357 379 1.0
358 380 1.0
358 381 1.0
359 382 1.0
359 383 1.0
360 361 1.0
360 384 1.0
361 362 1.0
361 385 1.0
362 363 1.0
362 385 1.0
363 364 1.0
363 386 1.0
364 365 1.0
364 386 1.0
365 366 1.0
365 387 1.0
366 367 1.0
366 387 1.0
367 368 1.0
367 388 1.0
368 369 1.0
368 388 1.0
369 370 1.0
369 389 1.0
370 371 1.0
370 389 1.0
371 372 1.0
371 390 1.0
372 373 1.0
372 390 1.0
373 374 1.0
373 391 1.0
374 375 1.0
374 391 1.0
375 376 1.0
375 392 1.0
376 377 1.0
376 392 1.0
377 378 1.0
377 393 1.0
378 379 1.0
378 393 1.0
379 380 1.0
379 394 1.0
380 381 1.0
380 394 1.0
381 382 1.0
381 395 1.0
382 383 1.0
382 395 1.0
383 360 1.0
383 384 1.0
384 396 1.0
384 397 1.0
385 398 1.0
385 399 1.0
386 400 1.0
386 401 1.0
387 402 1.0
387 403 1.0
388 404 1.0
388 405 1.0
389 406 1.0
389 407 1.0
390 408 1.0
390 409 1.0
391 410 1.0
391 411 1.0
392 412 1.0
392 413 1.0
393 414 1.0
393 415 1.0
394 416 1.0
394 417 1.0
395 418 1.0
395 419 1.0
396 397 1.0
396 420 1.0
397 398 1.0
397 421 1.0
398 399 1.0
398 421 1.0
399 400 1.0
399 422 1.0
400 401 1.0
400 422 1.0
401 402 1.0
401 423 1.0
402 403 1.0
402 423 1.0
403 404 1.0
403 424 1.0
404 405 1.0
404 424 1.0
405 406 1.0
405 425 1.0
406 407 1.0
406 425 1.0
407 408 1.0
407 426 1.0
408 409 1.0
408 426 1.0
409 410 1.0
409 427 1.0
410 411 1.0
410 427 1.0
411 412 1.0
411 428 1.0
412 413 1.0
412 428 1.0
413 414 1.0
413 429 1.0
414 415 1.0
414 429 1.0
415 416 1.0
415 430 1.0
416 417 1.0
416 430 1.0
417 418 1.0
417 431 1.0
418 419 1.0
418 431 1.0
419 396 1.0
419 420 1.0
420 0 1.0
420 1 1.0
421 2 1.0
421 3 1.0
422 4 1.0
422 5 1.0
423 6 1.0
423 7 1.0
424 8 1.0
424 9 1.0
425 10 1.0
425 11 1.0
426 12 1.0
426 13 1.0
427 14 1.0
427 15 1.0
428 16 1.0
428 17 1.0
429 18 1.0
429 19 1.0
430 20 1.0
430 21 1.0
431 22 1.0
431 23 1.0
