# Model: L 35 W 35 Maple Leaf Graph
0 1 1.0
0 31 1.0
0 32 1.0
1 2 1.0
1 32 1.0
2 3 1.0
2 33 1.0
3 4 1.0
3 33 1.0
3 34 1.0
4 5 1.0
4 34 1.0
4 35 1.0
5 35 1.0
5 36 1.0
6 7 1.0
6 37 1.0
6 38 1.0
7 8 1.0
7 38 1.0
8 9 1.0
8 39 1.0
9 10 1.0
9 39 1.0
9 40 1.0
10 11 1.0
10 40 1.0
10 41 1.0
11 41 1.0
11 42 1.0
12 13 1.0
12 43 1.0
12 44 1.0
13 14 1.0
13 44 1.0
14 15 1.0
14 45 1.0
15 16 1.0
15 45 1.0
15 46 1.0
16 17 1.0
16 46 1.0
16 47 1.0
17 47 1.0
17 48 1.0
18 19 1.0
18 49 1.0
18 50 1.0
19 20 1.0
19 50 1.0
20 21 1.0
20 51 1.0
21 22 1.0
21 51 1.0
21 52 1.0
22 23 1.0
22 52 1.0
22 53 1.0
23 53 1.0
23 54 1.0
24 25 1.0
24 55 1.0
24 56 1.0
25 26 1.0
25 56 1.0
26 27 1.0
26 57 1.0
27 28 1.0
27 57 1.0
27 58 1.0
28 29 1.0
28 58 1.0
28 59 1.0
29 59 1.0
29 30 1.0
30 31 1.0
30 60 1.0
30 61 1.0
31 32 1.0
31 61 1.0
31 62 1.0
32 62 1.0
32 63 1.0
33 34 1.0
33 64 1.0
33 65 1.0
34 35 1.0
34 65 1.0
35 36 1.0
35 66 1.0
36 37 1.0
36 66 1.0
36 67 1.0
37 38 1.0
37 67 1.0
37 68 1.0
38 68 1.0
38 69 1.0
39 40 1.0
39 70 1.0
39 71 1.0
40 41 1.0
40 71 1.0
41 42 1.0
41 72 1.0
42 43 1.0
42 72 1.0
42 73 1.0
43 44 1.0
43 73 1.0
43 74 1.0
44 74 1.0
44 75 1.0
45 46 1.0
45 76 1.0
45 77 1.0
46 47 1.0
46 77 1.0
47 48 1.0
47 78 1.0
48 49 1.0
48 78 1.0
48 79 1.0
49 50 1.0
49 79 1.0
49 80 1.0
50 80 1.0
50 81 1.0
51 52 1.0
51 82 1.0
51 83 1.0
52 53 1.0
52 83 1.0
53 54 1.0
53 84 1.0
54 55 1.0
54 84 1.0
54 85 1.0
55 56 1.0
55 85 1.0
55 86 1.0
56 86 1.0
56 87 1.0
57 58 1.0
57 88 1.0
57 89 1.0
58 59 1.0
58 89 1.0
59 30 1.0
59 60 1.0
60 61 1.0
60 90 1.0
60 91 1.0
61 62 1.0
61 91 1.0
62 63 1.0
62 92 1.0
63 64 1.0
63 92 1.0
63 93 1.0
64 65 1.0
64 93 1.0
64 94 1.0
65 94 1.0
65 95 1.0
66 67 1.0
66 96 1.0
66 97 1.0
67 68 1.0
67 97 1.0
68 69 1.0
68 98 1.0
69 70 1.0
69 98 1.0
69 99 1.0
70 71 1.0
70 99 1.0
70 100 1.0
71 100 1.0
71 101 1.0
72 73 1.0
72 102 1.0
72 103 1.0
73 74 1.0
73 103 1.0
74 75 1.0
74 104 1.0
75 76 1.0
75 104 1.0
75 105 1.0
76 77 1.0
76 105 1.0
76 106 1.0
77 106 1.0
77 107 1.0
78 79 1.0
78 108 1.0
78 109 1.0
79 80 1.0
79 109 1.0
80 81 1.0
80 110 1.0
81 82 1.0
81 110 1.0
81 111 1.0
82 83 1.0
82 111 1.0
82 112 1.0
83 112 1.0
83 113 1.0
84 85 1.0
84 114 1.0
84 115 1.0
85 86 1.0
85 115 1.0
86 87 1.0
86 116 1.0
87 88 1.0
87 116 1.0
87 117 1.0
88 89 1.0
88 117 1.0
88 118 1.0
89 118 1.0
89 119 1.0
90 91 1.0
90 120 1.0
90 121 1.0
91 121 1.0
91 122 1.0
92 93 1.0
92 123 1.0
92 124 1.0
93 94 1.0
93 124 1.0
94 95 1.0
94 125 1.0
95 96 1.0
95 125 1.0
95 126 1.0
96 97 1.0
96 126 1.0
96 127 1.0
97 127 1.0
97 128 1.0
98 99 1.0
98 129 1.0
98 130 1.0
99 100 1.0
99 130 1.0
100 101 1.0
100 131 1.0
101 102 1.0
101 131 1.0
101 132 1.0
102 103 1.0
102 132 1.0
102 133 1.0
103 133 1.0
103 134 1.0
104 105 1.0
104 135 1.0
104 136 1.0
105 106 1.0
105 136 1.0
106 107 1.0
106 137 1.0
107 108 1.0
107 137 1.0
107 138 1.0
108 109 1.0
108 138 1.0
108 139 1.0
109 139 1.0
109 140 1.0
110 111 1.0
110 141 1.0
110 142 1.0
111 112 1.0
111 142 1.0
112 113 1.0
112 143 1.0
113 114 1.0
113 143 1.0
113 144 1.0
114 115 1.0
114 144 1.0
114 145 1.0
115 145 1.0
115 146 1.0
116 117 1.0
116 147 1.0
116 148 1.0
117 118 1.0
117 148 1.0
118 119 1.0
118 149 1.0
119 90 1.0
119 149 1.0
119 120 1.0
120 121 1.0
120 150 1.0
121 122 1.0
121 151 1.0
122 123 1.0
122 151 1.0
122 152 1.0
123 124 1.0
123 152 1.0
123 153 1.0
124 153 1.0
124 154 1.0
125 126 1.0
125 155 1.0
125 156 1.0
126 127 1.0
126 156 1.0
127 128 1.0
127 157 1.0
128 129 1.0
128 157 1.0
128 158 1.0
129 130 1.0
129 158 1.0
129 159 1.0
130 159 1.0
130 160 1.0
131 132 1.0
131 161 1.0
131 162 1.0
132 133 1.0
132 162 1.0
133 134 1.0
133 163 1.0
134 135 1.0
134 163 1.0
134 164 1.0
135 136 1.0
135 164 1.0
135 165 1.0
136 165 1.0
136 166 1.0
137 138 1.0
137 167 1.0
137 168 1.0
138 139 1.0
138 168 1.0
139 140 1.0
139 169 1.0
140 141 1.0
140 169 1.0
140 170 1.0
141 142 1.0
141 170 1.0
141 171 1.0
142 171 1.0
142 172 1.0
143 144 1.0
143 173 1.0
143 174 1.0
144 145 1.0
144 174 1.0
145 146 1.0
145 175 1.0
146 147 1.0
146 175 1.0
146 176 1.0
147 148 1.0
147 176 1.0
147 177 1.0
148 177 1.0
148 178 1.0
149 120 1.0
149 179 1.0
149 150 1.0
150 180 1.0
150 181 1.0
151 152 1.0
151 182 1.0
151 183 1.0
152 153 1.0
152 183 1.0
153 154 1.0
153 184 1.0
154 155 1.0
154 184 1.0
154 185 1.0
155 156 1.0
155 185 1.0
155 186 1.0
156 186 1.0
156 187 1.0
157 158 1.0
157 188 1.0
157 189 1.0
158 159 1.0
158 189 1.0
159 160 1.0
159 190 1.0
160 161 1.0
160 190 1.0
160 191 1.0
161 162 1.0
161 191 1.0
161 192 1.0
162 192 1.0
162 193 1.0
163 164 1.0
163 194 1.0
163 195 1.0
164 165 1.0
164 195 1.0
165 166 1.0
165 196 1.0
166 167 1.0
166 196 1.0
166 197 1.0
167 168 1.0
167 197 1.0
167 198 1.0
168 198 1.0
168 199 1.0
169 170 1.0
169 200 1.0
169 201 1.0
170 171 1.0
170 201 1.0
171 172 1.0
171 202 1.0
172 173 1.0
172 202 1.0
172 203 1.0
173 174 1.0
173 203 1.0
173 204 1.0
174 204 1.0
174 205 1.0
175 176 1.0
175 206 1.0
175 207 1.0
176 177 1.0
176 207 1.0
177 178 1.0
177 208 1.0
178 179 1.0
178 208 1.0
178 209 1.0
179 150 1.0
179 209 1.0
179 180 1.0
180 181 1.0
180 210 1.0
181 182 1.0
181 210 1.0
181 211 1.0
182 183 1.0
182 211 1.0
182 212 1.0
183 212 1.0
183 213 1.0
184 185 1.0
184 214 1.0
184 215 1.0
185 186 1.0
185 215 1.0
186 187 1.0
186 216 1.0
187 188 1.0
187 216 1.0
187 217 1.0
188 189 1.0
188 217 1.0
188 218 1.0
189 218 1.0
189 219 1.0
190 191 1.0
190 220 1.0
190 221 1.0
191 192 1.0
191 221 1.0
192 193 1.0
192 222 1.0
193 194 1.0
193 222 1.0
193 223 1.0
194 195 1.0
194 223 1.0
194 224 1.0
195 224 1.0
195 225 1.0
196 197 1.0
196 226 1.0
196 227 1.0
197 198 1.0
197 227 1.0
198 199 1.0
198 228 1.0
199 200 1.0
199 228 1.0
199 229 1.0
200 201 1.0
200 229 1.0
200 230 1.0
201 230 1.0
201 231 1.0
202 203 1.0
202 232 1.0
202 233 1.0
203 204 1.0
203 233 1.0
204 205 1.0
204 234 1.0
205 206 1.0
205 234 1.0
205 235 1.0
206 207 1.0
206 235 1.0
206 236 1.0
207 236 1.0
207 237 1.0
208 209 1.0
208 238 1.0
208 239 1.0
209 180 1.0
209 239 1.0
210 211 1.0
210 241 1.0
210 242 1.0
211 212 1.0
211 242 1.0
212 213 1.0
212 243 1.0
213 214 1.0
213 243 1.0
213 244 1.0
214 215 1.0
214 244 1.0
214 245 1.0
215 245 1.0
215 246 1.0
216 217 1.0
216 247 1.0
216 248 1.0
217 218 1.0
217 248 1.0
218 219 1.0
218 249 1.0
219 220 1.0
219 249 1.0
219 250 1.0
220 221 1.0
220 250 1.0
220 251 1.0
221 251 1.0
221 252 1.0
222 223 1.0
222 253 1.0
222 254 1.0
223 224 1.0
223 254 1.0
224 225 1.0
224 255 1.0
225 226 1.0
225 255 1.0
225 256 1.0
226 227 1.0
226 256 1.0
226 257 1.0
227 257 1.0
227 258 1.0
228 229 1.0
228 259 1.0
228 260 1.0
229 230 1.0
229 260 1.0
230 231 1.0
230 261 1.0
231 232 1.0
231 261 1.0
231 262 1.0
232 233 1.0
232 262 1.0
232 263 1.0
233 263 1.0
233 264 1.0
234 235 1.0
234 265 1.0
234 266 1.0
235 236 1.0
235 266 1.0
236 237 1.0
236 267 1.0
237 238 1.0
237 267 1.0
237 268 1.0
238 239 1.0
238 268 1.0
238 269 1.0
239 269 1.0
239 240 1.0
240 241 1.0
240 270 1.0
240 271 1.0
241 242 1.0
241 271 1.0
241 272 1.0
242 272 1.0
242 273 1.0
243 244 1.0
243 274 1.0
243 275 1.0
244 245 1.0
244 275 1.0
245 246 1.0
245 276 1.0
246 247 1.0
246 276 1.0
246 277 1.0
247 248 1.0
247 277 1.0
247 278 1.0
248 278 1.0
248 279 1.0
249 250 1.0
249 280 1.0
249 281 1.0
250 251 1.0
250 281 1.0
251 252 1.0
251 282 1.0
252 253 1.0
252 282 1.0
252 283 1.0
253 254 1.0
253 283 1.0
253 284 1.0
254 284 1.0
254 285 1.0
255 256 1.0
255 286 1.0
255 287 1.0
256 257 1.0
256 287 1.0
257 258 1.0
257 288 1.0
258 259 1.0
258 288 1.0
258 289 1.0
259 260 1.0
259 289 1.0
259 290 1.0
260 290 1.0
260 291 1.0
261 262 1.0
261 292 1.0
261 293 1.0
262 263 1.0
262 293 1.0
263 264 1.0
263 294 1.0
264 265 1.0
264 294 1.0
264 295 1.0
265 266 1.0
265 295 1.0
265 296 1.0
266 296 1.0
266 297 1.0
267 268 1.0
267 298 1.0
267 299 1.0
268 269 1.0
268 299 1.0
269 240 1.0
269 270 1.0
270 271 1.0
270 300 1.0
270 301 1.0
271 272 1.0
271 301 1.0
272 273 1.0
272 302 1.0
273 274 1.0
273 302 1.0
273 303 1.0
274 275 1.0
274 303 1.0
274 304 1.0
275 304 1.0
275 305 1.0
276 277 1.0
276 306 1.0
276 307 1.0
277 278 1.0
277 307 1.0
278 279 1.0
278 308 1.0
279 280 1.0
279 308 1.0
279 309 1.0
280 281 1.0
280 309 1.0
280 310 1.0
281 310 1.0
281 311 1.0
282 283 1.0
282 312 1.0
282 313 1.0
283 284 1.0
283 313 1.0
284 285 1.0
284 314 1.0
285 286 1.0
285 314 1.0
285 315 1.0
286 287 1.0
286 315 1.0
286 316 1.0
287 316 1.0
287 317 1.0
288 289 1.0
288 318 1.0
288 319 1.0
289 290 1.0
289 319 1.0
290 291 1.0
290 320 1.0
291 292 1.0
291 320 1.0
291 321 1.0
292 293 1.0
292 321 1.0
292 322 1.0
293 322 1.0
293 323 1.0
294 295 1.0
294 324 1.0
294 325 1.0
295 296 1.0
295 325 1.0
296 297 1.0
296 326 1.0
297 298 1.0
297 326 1.0
297 327 1.0
298 299 1.0
298 327 1.0
298 328 1.0
299 328 1.0
299 329 1.0
300 301 1.0
300 330 1.0
300 331 1.0
301 331 1.0
301 332 1.0
302 303 1.0
302 333 1.0
302 334 1.0
303 304 1.0
303 334 1.0
304 305 1.0
304 335 1.0
305 306 1.0
305 335 1.0
305 336 1.0
306 307 1.0
306 336 1.0
306 337 1.0
307 337 1.0
307 338 1.0
308 309 1.0
308 339 1.0
308 340 1.0
309 310 1.0
309 340 1.0
310 311 1.0
310 341 1.0
311 312 1.0
311 341 1.0
311 342 1.0
312 313 1.0
312 342 1.0
312 343 1.0
313 343 1.0
313 344 1.0
314 315 1.0
314 345 1.0
314 346 1.0
315 316 1.0
315 346 1.0
316 317 1.0
316 347 1.0
317 318 1.0
317 347 1.0
317 348 1.0
318 319 1.0
318 348 1.0
318 349 1.0
319 349 1.0
319 350 1.0
320 321 1.0
320 351 1.0
320 352 1.0
321 322 1.0
321 352 1.0
322 323 1.0
322 353 1.0
323 324 1.0
323 353 1.0
323 354 1.0
324 325 1.0
324 354 1.0
324 355 1.0
325 355 1.0
325 356 1.0
326 327 1.0
326 357 1.0
326 358 1.0
327 328 1.0
327 358 1.0
328 329 1.0
328 359 1.0
329 300 1.0
329 359 1.0
329 330 1.0
330 331 1.0
330 360 1.0
331 332 1.0
331 361 1.0
332 333 1.0
332 361 1.0
332 362 1.0
333 334 1.0
333 362 1.0
333 363 1.0
334 363 1.0
334 364 1.0
335 336 1.0
335 365 1.0
335 366 1.0
336 337 1.0
336 366 1.0
337 338 1.0
337 367 1.0
338 339 1.0
338 367 1.0
338 368 1.0
339 340 1.0
339 368 1.0
339 369 1.0
340 369 1.0
340 370 1.0
341 342 1.0
341 371 1.0
341 372 1.0
342 343 1.0
342 372 1.0
343 344 1.0
343 373 1.0
344 345 1.0
344 373 1.0
344 374 1.0
345 346 1.0
345 374 1.0
345 375 1.0
346 375 1.0
346 376 1.0
347 348 1.0
347 377 1.0
347 378 1.0
348 349 1.0
348 378 1.0
349 350 1.0
349 379 1.0
350 351 1.0
350 379 1.0
350 380 1.0
351 352 1.0
351 380 1.0
351 381 1.0
352 381 1.0
352 382 1.0
353 354 1.0
353 383 1.0
353 384 1.0
354 355 1.0
354 384 1.0
355 356 1.0
355 385 1.0
356 357 1.0
356 385 1.0
356 386 1.0
357 358 1.0
357 386 1.0
357 387 1.0
358 387 1.0
358 388 1.0
359 330 1.0
359 389 1.0
359 360 1.0
360 390 1.0
360 391 1.0
361 362 1.0
361 392 1.0
361 393 1.0
362 363 1.0
362 393 1.0
363 364 1.0
363 394 1.0
364 365 1.0
364 394 1.0
364 395 1.0
365 366 1.0
365 395 1.0
365 396 1.0
366 396 1.0
366 397 1.0
367 368 1.0
367 398 1.0
367 399 1.0
368 369 1.0
368 399 1.0
369 370 1.0
369 400 1.0
370 371 1.0
370 400 1.0
370 401 1.0
371 372 1.0
371 401 1.0
371 402 1.0
372 402 1.0
372 403 1.0
373 374 1.0
373 404 1.0
373 405 1.0
374 375 1.0
374 405 1.0
375 376 1.0
375 406 1.0
376 377 1.0
376 406 1.0
376 407 1.0
377 378 1.0
377 407 1.0
377 408 1.0
378 408 1.0
378 409 1.0
379 380 1.0
379 410 1.0
379 411 1.0
380 381 1.0
380 411 1.0
381 382 1.0
381 412 1.0
382 383 1.0
382 412 1.0
382 413 1.0
383 384 1.0
383 413 1.0
383 414 1.0
384 414 1.0
384 415 1.0
385 386 1.0
385 416 1.0
385 417 1.0
386 387 1.0
386 417 1.0
387 388 1.0
387 418 1.0
388 389 1.0
388 418 1.0
388 419 1.0
389 360 1.0
389 419 1.0
389 390 1.0
390 391 1.0
390 420 1.0
391 392 1.0
391 420 1.0
391 421 1.0
392 393 1.0
392 421 1.0
392 422 1.0
393 422 1.0
393 423 1.0
394 395 1.0
394 424 1.0
394 425 1.0
395 396 1.0
395 425 1.0
396 397 1.0
396 426 1.0
397 398 1.0
397 426 1.0
397 427 1.0
398 399 1.0
398 427 1.0
398 428 1.0
399 428 1.0
399 429 1.0
400 401 1.0
400 430 1.0
400 431 1.0
401 402 1.0
401 431 1.0
402 403 1.0
402 432 1.0
403 404 1.0
403 432 1.0
403 433 1.0
404 405 1.0
404 433 1.0
404 434 1.0
405 434 1.0
405 435 1.0
406 407 1.0
406 436 1.0
406 437 1.0
407 408 1.0
407 437 1.0
408 409 1.0
408 438 1.0
409 410 1.0
409 438 1.0
409 439 1.0
410 411 1.0
410 439 1.0
410 440 1.0
411 440 1.0
411 441 1.0
412 413 1.0
412 442 1.0
412 443 1.0
413 414 1.0
413 443 1.0
414 415 1.0
414 444 1.0
415 416 1.0
415 444 1.0
415 445 1.0
416 417 1.0
416 445 1.0
416 446 1.0
417 446 1.0
417 447 1.0
418 419 1.0
418 448 1.0
418 449 1.0
419 390 1.0
419 449 1.0
420 421 1.0
420 451 1.0
420 452 1.0
421 422 1.0
421 452 1.0
422 423 1.0
422 453 1.0
423 424 1.0
423 453 1.0
423 454 1.0
424 425 1.0
424 454 1.0
424 455 1.0
425 455 1.0
425 456 1.0
426 427 1.0
426 457 1.0
426 458 1.0
427 428 1.0
427 458 1.0
428 429 1.0
428 459 1.0
429 430 1.0
429 459 1.0
429 460 1.0
430 431 1.0
430 460 1.0
430 461 1.0
431 461 1.0
431 462 1.0
432 433 1.0
432 463 1.0
432 464 1.0
433 434 1.0
433 464 1.0
434 435 1.0
434 465 1.0
435 436 1.0
435 465 1.0
435 466 1.0
436 437 1.0
436 466 1.0
436 467 1.0
437 467 1.0
437 468 1.0
438 439 1.0
438 469 1.0
438 470 1.0
439 440 1.0
439 470 1.0
440 441 1.0
440 471 1.0
441 442 1.0
441 471 1.0
441 472 1.0
442 443 1.0
442 472 1.0
442 473 1.0
443 473 1.0
443 474 1.0
444 445 1.0
444 475 1.0
444 476 1.0
445 446 1.0
445 476 1.0
446 447 1.0
446 477 1.0
447 448 1.0
447 477 1.0
447 478 1.0
448 449 1.0
448 478 1.0
448 479 1.0
449 479 1.0
449 450 1.0
450 451 1.0
450 480 1.0
450 481 1.0
451 452 1.0
451 481 1.0
451 482 1.0
452 482 1.0
452 483 1.0
453 454 1.0
453 484 1.0
453 485 1.0
454 455 1.0
454 485 1.0
455 456 1.0
455 486 1.0
456 457 1.0
456 486 1.0
456 487 1.0
457 458 1.0
457 487 1.0
457 488 1.0
458 488 1.0
458 489 1.0
459 460 1.0
459 490 1.0
459 491 1.0
460 461 1.0
460 491 1.0
461 462 1.0
461 492 1.0
462 463 1.0
462 492 1.0
462 493 1.0
463 464 1.0
463 493 1.0
463 494 1.0
464 494 1.0
464 495 1.0
465 466 1.0
465 496 1.0
465 497 1.0
466 467 1.0
466 497 1.0
467 468 1.0
467 498 1.0
468 469 1.0
468 498 1.0
468 499 1.0
469 470 1.0
469 499 1.0
469 500 1.0
470 500 1.0
470 501 1.0
471 472 1.0
471 502 1.0
471 503 1.0
472 473 1.0
472 503 1.0
473 474 1.0
473 504 1.0
474 475 1.0
474 504 1.0
474 505 1.0
475 476 1.0
475 505 1.0
475 506 1.0
476 506 1.0
476 507 1.0
477 478 1.0
477 508 1.0
477 509 1.0
478 479 1.0
478 509 1.0
479 450 1.0
479 480 1.0
480 481 1.0
480 510 1.0
480 511 1.0
481 482 1.0
481 511 1.0
482 483 1.0
482 512 1.0
483 484 1.0
483 512 1.0
483 513 1.0
484 485 1.0
484 513 1.0
484 514 1.0
485 514 1.0
485 515 1.0
486 487 1.0
486 516 1.0
486 517 1.0
487 488 1.0
487 517 1.0
488 489 1.0
488 518 1.0
489 490 1.0
489 518 1.0
489 519 1.0
490 491 1.0
490 519 1.0
490 520 1.0
491 520 1.0
491 521 1.0
492 493 1.0
492 522 1.0
492 523 1.0
493 494 1.0
493 523 1.0
494 495 1.0
494 524 1.0
495 496 1.0
495 524 1.0
495 525 1.0
496 497 1.0
496 525 1.0
496 526 1.0
497 526 1.0
497 527 1.0
498 499 1.0
498 528 1.0
498 529 1.0
499 500 1.0
499 529 1.0
500 501 1.0
500 530 1.0
501 502 1.0
501 530 1.0
501 531 1.0
502 503 1.0
502 531 1.0
502 532 1.0
503 532 1.0
503 533 1.0
504 505 1.0
504 534 1.0
504 535 1.0
505 506 1.0
505 535 1.0
506 507 1.0
506 536 1.0
507 508 1.0
507 536 1.0
507 537 1.0
508 509 1.0
508 537 1.0
508 538 1.0
509 538 1.0
509 539 1.0
510 511 1.0
510 540 1.0
510 541 1.0
511 541 1.0
511 542 1.0
512 513 1.0
512 543 1.0
512 544 1.0
513 514 1.0
513 544 1.0
514 515 1.0
514 545 1.0
515 516 1.0
515 545 1.0
515 546 1.0
516 517 1.0
516 546 1.0
516 547 1.0
517 547 1.0
517 548 1.0
518 519 1.0
518 549 1.0
518 550 1.0
519 520 1.0
519 550 1.0
520 521 1.0
520 551 1.0
521 522 1.0
521 551 1.0
521 552 1.0
522 523 1.0
522 552 1.0
522 553 1.0
523 553 1.0
523 554 1.0
524 525 1.0
524 555 1.0
524 556 1.0
525 526 1.0
525 556 1.0
526 527 1.0
526 557 1.0
527 528 1.0
527 557 1.0
527 558 1.0
528 529 1.0
528 558 1.0
528 559 1.0
529 559 1.0
529 560 1.0
530 531 1.0
530 561 1.0
530 562 1.0
531 532 1.0
531 562 1.0
532 533 1.0
532 563 1.0
533 534 1.0
533 563 1.0
533 564 1.0
534 535 1.0
534 564 1.0
534 565 1.0
535 565 1.0
535 566 1.0
536 537 1.0
536 567 1.0
536 568 1.0
537 538 1.0
537 568 1.0
538 539 1.0
538 569 1.0
539 510 1.0
539 569 1.0
539 540 1.0
540 541 1.0
540 570 1.0
541 542 1.0
541 571 1.0
542 543 1.0
542 571 1.0
542 572 1.0
543 544 1.0
543 572 1.0
543 573 1.0
544 573 1.0
544 574 1.0
545 546 1.0
545 575 1.0
545 576 1.0
546 547 1.0
546 576 1.0
547 548 1.0
547 577 1.0
548 549 1.0
548 577 1.0
548 578 1.0
549 550 1.0
549 578 1.0
549 579 1.0
550 579 1.0
550 580 1.0
551 552 1.0
551 581 1.0
551 582 1.0
552 553 1.0
552 582 1.0
553 554 1.0
553 583 1.0
554 555 1.0
554 583 1.0
554 584 1.0
555 556 1.0
555 584 1.0
555 585 1.0
556 585 1.0
556 586 1.0
557 558 1.0
557 587 1.0
557 588 1.0
558 559 1.0
558 588 1.0
559 560 1.0
559 589 1.0
560 561 1.0
560 589 1.0
560 590 1.0
561 562 1.0
561 590 1.0
561 591 1.0
562 591 1.0
562 592 1.0
563 564 1.0
563 593 1.0
563 594 1.0
564 565 1.0
564 594 1.0
565 566 1.0
565 595 1.0
566 567 1.0
566 595 1.0
566 596 1.0
567 568 1.0
567 596 1.0
567 597 1.0
568 597 1.0
568 598 1.0
569 540 1.0
569 599 1.0
569 570 1.0
570 600 1.0
570 601 1.0
571 572 1.0
571 602 1.0
571 603 1.0
572 573 1.0
572 603 1.0
573 574 1.0
573 604 1.0
574 575 1.0
574 604 1.0
574 605 1.0
575 576 1.0
575 605 1.0
575 606 1.0
576 606 1.0
576 607 1.0
577 578 1.0
577 608 1.0
577 609 1.0
578 579 1.0
578 609 1.0
579 580 1.0
579 610 1.0
580 581 1.0
580 610 1.0
580 611 1.0
581 582 1.0
581 611 1.0
581 612 1.0
582 612 1.0
582 613 1.0
583 584 1.0
583 614 1.0
583 615 1.0
584 585 1.0
584 615 1.0
585 586 1.0
585 616 1.0
586 587 1.0
586 616 1.0
586 617 1.0
587 588 1.0
587 617 1.0
587 618 1.0
588 618 1.0
588 619 1.0
589 590 1.0
589 620 1.0
589 621 1.0
590 591 1.0
590 621 1.0
591 592 1.0
591 622 1.0
592 593 1.0
592 622 1.0
592 623 1.0
593 594 1.0
593 623 1.0
593 624 1.0
594 624 1.0
594 625 1.0
595 596 1.0
595 626 1.0
595 627 1.0
596 597 1.0
596 627 1.0
597 598 1.0
597 628 1.0
598 599 1.0
598 628 1.0
598 629 1.0
599 570 1.0
599 629 1.0
599 600 1.0
600 601 1.0
600 630 1.0
601 602 1.0
601 630 1.0
601 631 1.0
602 603 1.0
602 631 1.0
602 632 1.0
603 632 1.0
603 633 1.0
604 605 1.0
604 634 1.0
604 635 1.0
605 606 1.0
605 635 1.0
606 607 1.0
606 636 1.0
607 608 1.0
607 636 1.0
607 637 1.0
608 609 1.0
608 637 1.0
608 638 1.0
609 638 1.0
609 639 1.0
610 611 1.0
610 640 1.0
610 641 1.0
611 612 1.0
611 641 1.0
612 613 1.0
612 642 1.0
613 614 1.0
613 642 1.0
613 643 1.0
614 615 1.0
614 643 1.0
614 644 1.0
615 644 1.0
615 645 1.0
616 617 1.0
616 646 1.0
616 647 1.0
617 618 1.0
617 647 1.0
618 619 1.0
618 648 1.0
619 620 1.0
619 648 1.0
619 649 1.0
620 621 1.0
620 649 1.0
620 650 1.0
621 650 1.0
621 651 1.0
622 623 1.0
622 652 1.0
622 653 1.0
623 624 1.0
623 653 1.0
624 625 1.0
624 654 1.0
625 626 1.0
625 654 1.0
625 655 1.0
626 627 1.0
626 655 1.0
626 656 1.0
627 656 1.0
627 657 1.0
628 629 1.0
628 658 1.0
628 659 1.0
629 600 1.0
629 659 1.0
630 631 1.0
630 661 1.0
630 662 1.0
631 632 1.0
631 662 1.0
632 633 1.0
632 663 1.0
633 634 1.0
633 663 1.0
633 664 1.0
634 635 1.0
634 664 1.0
634 665 1.0
635 665 1.0
635 666 1.0
636 637 1.0
636 667 1.0
636 668 1.0
637 638 1.0
637 668 1.0
638 639 1.0
638 669 1.0
639 640 1.0
639 669 1.0
639 670 1.0
640 641 1.0
640 670 1.0
640 671 1.0
641 671 1.0
641 672 1.0
642 643 1.0
642 673 1.0
642 674 1.0
643 644 1.0
643 674 1.0
644 645 1.0
644 675 1.0
645 646 1.0
645 675 1.0
645 676 1.0
646 647 1.0
646 676 1.0
646 677 1.0
647 677 1.0
647 678 1.0
648 649 1.0
648 679 1.0
648 680 1.0
649 650 1.0
649 680 1.0
650 651 1.0
650 681 1.0
651 652 1.0
651 681 1.0
651 682 1.0
652 653 1.0
652 682 1.0
652 683 1.0
653 683 1.0
653 684 1.0
654 655 1.0
654 685 1.0
654 686 1.0
655 656 1.0
655 686 1.0
656 657 1.0
656 687 1.0
657 658 1.0
657 687 1.0
657 688 1.0
658 659 1.0
658 688 1.0
658 689 1.0
659 689 1.0
659 660 1.0
660 661 1.0
660 690 1.0
660 691 1.0
661 662 1.0
661 691 1.0
661 692 1.0
662 692 1.0
662 693 1.0
663 664 1.0
663 694 1.0
663 695 1.0
664 665 1.0
664 695 1.0
665 666 1.0
665 696 1.0
666 667 1.0
666 696 1.0
666 697 1.0
667 668 1.0
667 697 1.0
667 698 1.0
668 698 1.0
668 699 1.0
669 670 1.0
669 700 1.0
669 701 1.0
670 671 1.0
670 701 1.0
671 672 1.0
671 702 1.0
672 673 1.0
672 702 1.0
672 703 1.0
673 674 1.0
673 703 1.0
673 704 1.0
674 704 1.0
674 705 1.0
675 676 1.0
675 706 1.0
675 707 1.0
676 677 1.0
676 707 1.0
677 678 1.0
677 708 1.0
678 679 1.0
678 708 1.0
678 709 1.0
679 680 1.0
679 709 1.0
679 710 1.0
680 710 1.0
680 711 1.0
681 682 1.0
681 712 1.0
681 713 1.0
682 683 1.0
682 713 1.0
683 684 1.0
683 714 1.0
684 685 1.0
684 714 1.0
684 715 1.0
685 686 1.0
685 715 1.0
685 716 1.0
686 716 1.0
686 717 1.0
687 688 1.0
687 718 1.0
687 719 1.0
688 689 1.0
688 719 1.0
689 660 1.0
689 690 1.0
690 691 1.0
690 720 1.0
690 721 1.0
691 692 1.0
691 721 1.0
692 693 1.0
692 722 1.0
693 694 1.0
693 722 1.0
693 723 1.0
694 695 1.0
694 723 1.0
694 724 1.0
695 724 1.0
695 725 1.0
696 697 1.0
696 726 1.0
696 727 1.0
697 698 1.0
697 727 1.0
698 699 1.0
698 728 1.0
699 700 1.0
699 728 1.0
699 729 1.0
700 701 1.0
700 729 1.0
700 730 1.0
701 730 1.0
701 731 1.0
702 703 1.0
702 732 1.0
702 733 1.0
703 704 1.0
703 733 1.0
704 705 1.0
704 734 1.0
705 706 1.0
705 734 1.0
705 735 1.0
706 707 1.0
706 735 1.0
706 736 1.0
707 736 1.0
707 737 1.0
708 709 1.0
708 738 1.0
708 739 1.0
709 710 1.0
709 739 1.0
710 711 1.0
710 740 1.0
711 712 1.0
711 740 1.0
711 741 1.0
712 713 1.0
712 741 1.0
712 742 1.0
713 742 1.0
713 743 1.0
714 715 1.0
714 744 1.0
714 745 1.0
715 716 1.0
715 745 1.0
716 717 1.0
716 746 1.0
717 718 1.0
717 746 1.0
717 747 1.0
718 719 1.0
718 747 1.0
718 748 1.0
719 748 1.0
719 749 1.0
720 721 1.0
720 750 1.0
720 751 1.0
721 751 1.0
721 752 1.0
722 723 1.0
722 753 1.0
722 754 1.0
723 724 1.0
723 754 1.0
724 725 1.0
724 755 1.0
725 726 1.0
725 755 1.0
725 756 1.0
726 727 1.0
726 756 1.0
726 757 1.0
727 757 1.0
727 758 1.0
728 729 1.0
728 759 1.0
728 760 1.0
729 730 1.0
729 760 1.0
730 731 1.0
730 761 1.0
731 732 1.0
731 761 1.0
731 762 1.0
732 733 1.0
732 762 1.0
732 763 1.0
733 763 1.0
733 764 1.0
734 735 1.0
734 765 1.0
734 766 1.0
735 736 1.0
735 766 1.0
736 737 1.0
736 767 1.0
737 738 1.0
737 767 1.0
737 768 1.0
738 739 1.0
738 768 1.0
738 769 1.0
739 769 1.0
739 770 1.0
740 741 1.0
740 771 1.0
740 772 1.0
741 742 1.0
741 772 1.0
742 743 1.0
742 773 1.0
743 744 1.0
743 773 1.0
743 774 1.0
744 745 1.0
744 774 1.0
744 775 1.0
745 775 1.0
745 776 1.0
746 747 1.0
746 777 1.0
746 778 1.0
747 748 1.0
747 778 1.0
748 749 1.0
748 779 1.0
749 720 1.0
749 779 1.0
749 750 1.0
750 751 1.0
750 780 1.0
751 752 1.0
751 781 1.0
752 753 1.0
752 781 1.0
752 782 1.0
753 754 1.0
753 782 1.0
753 783 1.0
754 783 1.0
754 784 1.0
755 756 1.0
755 785 1.0
755 786 1.0
756 757 1.0
756 786 1.0
757 758 1.0
757 787 1.0
758 759 1.0
758 787 1.0
758 788 1.0
759 760 1.0
759 788 1.0
759 789 1.0
760 789 1.0
760 790 1.0
761 762 1.0
761 791 1.0
761 792 1.0
762 763 1.0
762 792 1.0
763 764 1.0
763 793 1.0
764 765 1.0
764 793 1.0
764 794 1.0
765 766 1.0
765 794 1.0
765 795 1.0
766 795 1.0
766 796 1.0
767 768 1.0
767 797 1.0
767 798 1.0
768 769 1.0
768 798 1.0
769 770 1.0
769 799 1.0
770 771 1.0
770 799 1.0
770 800 1.0
771 772 1.0
771 800 1.0
771 801 1.0
772 801 1.0
772 802 1.0
773 774 1.0
773 803 1.0
773 804 1.0
774 775 1.0
774 804 1.0
775 776 1.0
775 805 1.0
776 777 1.0
776 805 1.0
776 806 1.0
777 778 1.0
777 806 1.0
777 807 1.0
778 807 1.0
778 808 1.0
779 750 1.0
779 809 1.0
779 780 1.0
780 810 1.0
780 811 1.0
781 782 1.0
781 812 1.0
781 813 1.0
782 783 1.0
782 813 1.0
783 784 1.0
783 814 1.0
784 785 1.0
784 814 1.0
784 815 1.0
785 786 1.0
785 815 1.0
785 816 1.0
786 816 1.0
786 817 1.0
787 788 1.0
787 818 1.0
787 819 1.0
788 789 1.0
788 819 1.0
789 790 1.0
789 820 1.0
790 791 1.0
790 820 1.0
790 821 1.0
791 792 1.0
791 821 1.0
791 822 1.0
792 822 1.0
792 823 1.0
793 794 1.0
793 824 1.0
793 825 1.0
794 795 1.0
794 825 1.0
795 796 1.0
795 826 1.0
796 797 1.0
796 826 1.0
796 827 1.0
797 798 1.0
797 827 1.0
797 828 1.0
798 828 1.0
798 829 1.0
799 800 1.0
799 830 1.0
799 831 1.0
800 801 1.0
800 831 1.0
801 802 1.0
801 832 1.0
802 803 1.0
802 832 1.0
802 833 1.0
803 804 1.0
803 833 1.0
803 834 1.0
804 834 1.0
804 835 1.0
805 806 1.0
805 836 1.0
805 837 1.0
806 807 1.0
806 837 1.0
807 808 1.0
807 838 1.0
808 809 1.0
808 838 1.0
808 839 1.0
809 780 1.0
809 839 1.0
809 810 1.0
810 811 1.0
810 840 1.0
811 812 1.0
811 840 1.0
811 841 1.0
812 813 1.0
812 841 1.0
812 842 1.0
813 842 1.0
813 843 1.0
814 815 1.0
814 844 1.0
814 845 1.0
815 816 1.0
815 845 1.0
816 817 1.0
816 846 1.0
817 818 1.0
817 846 1.0
817 847 1.0
818 819 1.0
818 847 1.0
818 848 1.0
819 848 1.0
819 849 1.0
820 821 1.0
820 850 1.0
820 851 1.0
821 822 1.0
821 851 1.0
822 823 1.0
822 852 1.0
823 824 1.0
823 852 1.0
823 853 1.0
824 825 1.0
824 853 1.0
824 854 1.0
825 854 1.0
825 855 1.0
826 827 1.0
826 856 1.0
826 857 1.0
827 828 1.0
827 857 1.0
828 829 1.0
828 858 1.0
829 830 1.0
829 858 1.0
829 859 1.0
830 831 1.0
830 859 1.0
830 860 1.0
831 860 1.0
831 861 1.0
832 833 1.0
832 862 1.0
832 863 1.0
833 834 1.0
833 863 1.0
834 835 1.0
834 864 1.0
835 836 1.0
835 864 1.0
835 865 1.0
836 837 1.0
836 865 1.0
836 866 1.0
837 866 1.0
837 867 1.0
838 839 1.0
838 868 1.0
838 869 1.0
839 810 1.0
839 869 1.0
840 841 1.0
840 871 1.0
840 872 1.0
841 842 1.0
841 872 1.0
842 843 1.0
842 873 1.0
843 844 1.0
843 873 1.0
843 874 1.0
844 845 1.0
844 874 1.0
844 875 1.0
845 875 1.0
845 876 1.0
846 847 1.0
846 877 1.0
846 878 1.0
847 848 1.0
847 878 1.0
848 849 1.0
848 879 1.0
849 850 1.0
849 879 1.0
849 880 1.0
850 851 1.0
850 880 1.0
850 881 1.0
851 881 1.0
851 882 1.0
852 853 1.0
852 883 1.0
852 884 1.0
853 854 1.0
853 884 1.0
854 855 1.0
854 885 1.0
855 856 1.0
855 885 1.0
855 886 1.0
856 857 1.0
856 886 1.0
856 887 1.0
857 887 1.0
857 888 1.0
858 859 1.0
858 889 1.0
858 890 1.0
859 860 1.0
859 890 1.0
860 861 1.0
860 891 1.0
861 862 1.0
861 891 1.0
861 892 1.0
862 863 1.0
862 892 1.0
862 893 1.0
863 893 1.0
863 894 1.0
864 865 1.0
864 895 1.0
864 896 1.0
865 866 1.0
865 896 1.0
866 867 1.0
866 897 1.0
867 868 1.0
867 897 1.0
867 898 1.0
868 869 1.0
868 898 1.0
868 899 1.0
869 899 1.0
869 870 1.0
870 871 1.0
870 900 1.0
870 901 1.0
871 872 1.0
871 901 1.0
871 902 1.0
872 902 1.0
872 903 1.0
873 874 1.0
873 904 1.0
873 905 1.0
874 875 1.0
874 905 1.0
875 876 1.0
875 906 1.0
876 877 1.0
876 906 1.0
876 907 1.0
877 878 1.0
877 907 1.0
877 908 1.0
878 908 1.0
878 909 1.0
879 880 1.0
879 910 1.0
879 911 1.0
880 881 1.0
880 911 1.0
881 882 1.0
881 912 1.0
882 883 1.0
882 912 1.0
882 913 1.0
883 884 1.0
883 913 1.0
883 914 1.0
884 914 1.0
884 915 1.0
885 886 1.0
885 916 1.0
885 917 1.0
886 887 1.0
886 917 1.0
887 888 1.0
887 918 1.0
888 889 1.0
888 918 1.0
888 919 1.0
889 890 1.0
889 919 1.0
889 920 1.0
890 920 1.0
890 921 1.0
891 892 1.0
891 922 1.0
891 923 1.0
892 893 1.0
892 923 1.0
893 894 1.0
893 924 1.0
894 895 1.0
894 924 1.0
894 925 1.0
895 896 1.0
895 925 1.0
895 926 1.0
896 926 1.0
896 927 1.0
897 898 1.0
897 928 1.0
897 929 1.0
898 899 1.0
898 929 1.0
899 870 1.0
899 900 1.0
900 901 1.0
900 930 1.0
900 931 1.0
901 902 1.0
901 931 1.0
902 903 1.0
902 932 1.0
903 904 1.0
903 932 1.0
903 933 1.0
904 905 1.0
904 933 1.0
904 934 1.0
905 934 1.0
905 935 1.0
906 907 1.0
906 936 1.0
906 937 1.0
907 908 1.0
907 937 1.0
908 909 1.0
908 938 1.0
909 910 1.0
909 938 1.0
909 939 1.0
910 911 1.0
910 939 1.0
910 940 1.0
911 940 1.0
911 941 1.0
912 913 1.0
912 942 1.0
912 943 1.0
913 914 1.0
913 943 1.0
914 915 1.0
914 944 1.0
915 916 1.0
915 944 1.0
915 945 1.0
916 917 1.0
916 945 1.0
916 946 1.0
917 946 1.0
917 947 1.0
918 919 1.0
918 948 1.0
918 949 1.0
919 920 1.0
919 949 1.0
920 921 1.0
920 950 1.0
921 922 1.0
921 950 1.0
921 951 1.0
922 923 1.0
922 951 1.0
922 952 1.0
923 952 1.0
923 953 1.0
924 925 1.0
924 954 1.0
924 955 1.0
925 926 1.0
925 955 1.0
926 927 1.0
926 956 1.0
927 928 1.0
927 956 1.0
927 957 1.0
928 929 1.0
928 957 1.0
928 958 1.0
929 958 1.0
929 959 1.0
930 931 1.0
930 960 1.0
930 961 1.0
931 961 1.0
931 962 1.0
932 933 1.0
932 963 1.0
932 964 1.0
933 934 1.0
933 964 1.0
934 935 1.0
934 965 1.0
935 936 1.0
935 965 1.0
935 966 1.0
936 937 1.0
936 966 1.0
936 967 1.0
937 967 1.0
937 968 1.0
938 939 1.0
938 969 1.0
938 970 1.0
939 940 1.0
939 970 1.0
940 941 1.0
940 971 1.0
941 942 1.0
941 971 1.0
941 972 1.0
942 943 1.0
942 972 1.0
942 973 1.0
943 973 1.0
943 974 1.0
944 945 1.0
944 975 1.0
944 976 1.0
945 946 1.0
945 976 1.0
946 947 1.0
946 977 1.0
947 948 1.0
947 977 1.0
947 978 1.0
948 949 1.0
948 978 1.0
948 979 1.0
949 979 1.0
949 980 1.0
950 951 1.0
950 981 1.0
950 982 1.0
951 952 1.0
951 982 1.0
952 953 1.0
952 983 1.0
953 954 1.0
953 983 1.0
953 984 1.0
954 955 1.0
954 984 1.0
954 985 1.0
955 985 1.0
955 986 1.0
956 957 1.0
956 987 1.0
956 988 1.0
957 958 1.0
957 988 1.0
958 959 1.0
958 989 1.0
959 930 1.0
959 989 1.0
959 960 1.0
960 961 1.0
960 990 1.0
961 962 1.0
961 991 1.0
962 963 1.0
962 991 1.0
962 992 1.0
963 964 1.0
963 992 1.0
963 993 1.0
964 993 1.0
964 994 1.0
965 966 1.0
965 995 1.0
965 996 1.0
966 967 1.0
966 996 1.0
967 968 1.0
967 997 1.0
968 969 1.0
968 997 1.0
968 998 1.0
969 970 1.0
969 998 1.0
969 999 1.0
970 999 1.0
970 1000 1.0
971 972 1.0
971 1001 1.0
971 1002 1.0
972 973 1.0
972 1002 1.0
973 974 1.0
973 1003 1.0
974 975 1.0
974 1003 1.0
974 1004 1.0
975 976 1.0
975 1004 1.0
975 1005 1.0
976 1005 1.0
976 1006 1.0
977 978 1.0
977 1007 1.0
977 1008 1.0
978 979 1.0
978 1008 1.0
979 980 1.0
979 1009 1.0
980 981 1.0
980 1009 1.0
980 1010 1.0
981 982 1.0
981 1010 1.0
981 1011 1.0
982 1011 1.0
982 1012 1.0
983 984 1.0
983 1013 1.0
983 1014 1.0
984 985 1.0
984 1014 1.0
985 986 1.0
985 1015 1.0
986 987 1.0
986 1015 1.0
986 1016 1.0
987 988 1.0
987 1016 1.0
987 1017 1.0
988 1017 1.0
988 1018 1.0
989 960 1.0
989 1019 1.0
989 990 1.0
990 1020 1.0
990 1021 1.0
991 992 1.0
991 1022 1.0
991 1023 1.0
992 993 1.0
992 1023 1.0
993 994 1.0
993 1024 1.0
994 995 1.0
994 1024 1.0
994 1025 1.0
995 996 1.0
995 1025 1.0
995 1026 1.0
996 1026 1.0
996 1027 1.0
997 998 1.0
997 1028 1.0
997 1029 1.0
998 999 1.0
998 1029 1.0
999 1000 1.0
999 1030 1.0
1000 1001 1.0
1000 1030 1.0
1000 1031 1.0
1001 1002 1.0
1001 1031 1.0
1001 1032 1.0
1002 1032 1.0
1002 1033 1.0
1003 1004 1.0
1003 1034 1.0
1003 1035 1.0
1004 1005 1.0
1004 1035 1.0
1005 1006 1.0
1005 1036 1.0
1006 1007 1.0
1006 1036 1.0
1006 1037 1.0
1007 1008 1.0
1007 1037 1.0
1007 1038 1.0
1008 1038 1.0
1008 1039 1.0
1009 1010 1.0
1009 1040 1.0
1009 1041 1.0
1010 1011 1.0
1010 1041 1.0
1011 1012 1.0
1011 1042 1.0
1012 1013 1.0
1012 1042 1.0
1012 1043 1.0
1013 1014 1.0
1013 1043 1.0
1013 1044 1.0
1014 1044 1.0
1014 1045 1.0
1015 1016 1.0
1015 1046 1.0
1015 1047 1.0
1016 1017 1.0
1016 1047 1.0
1017 1018 1.0
1017 1048 1.0
1018 1019 1.0
1018 1048 1.0
1018 1049 1.0
1019 990 1.0
1019 1049 1.0
1019 1020 1.0
1020 1021 1.0
1020 0 1.0
1021 1022 1.0
1021 0 1.0
1021 1 1.0
1022 1023 1.0
1022 1 1.0
1022 2 1.0
1023 2 1.0
1023 3 1.0
1024 1025 1.0
1024 4 1.0
1024 5 1.0
1025 1026 1.0
1025 5 1.0
1026 1027 1.0
1026 6 1.0
1027 1028 1.0
1027 6 1.0
1027 7 1.0
1028 1029 1.0
1028 7 1.0
1028 8 1.0
1029 8 1.0
1029 9 1.0
1030 1031 1.0
1030 10 1.0
1030 11 1.0
1031 1032 1.0
1031 11 1.0
1032 1033 1.0
1032 12 1.0
1033 1034 1.0
1033 12 1.0
1033 13 1.0
1034 1035 1.0
1034 13 1.0
1034 14 1.0
1035 14 1.0
1035 15 1.0
1036 1037 1.0
1036 16 1.0
1036 17 1.0
1037 1038 1.0
1037 17 1.0
1038 1039 1.0
1038 18 1.0
1039 1040 1.0
1039 18 1.0
1039 19 1.0
1040 1041 1.0
1040 19 1.0
1040 20 1.0
1041 20 1.0
1041 21 1.0
1042 1043 1.0
1042 22 1.0
1042 23 1.0
1043 1044 1.0
1043 23 1.0
1044 1045 1.0
1044 24 1.0
1045 1046 1.0
1045 24 1.0
1045 25 1.0
1046 1047 1.0
1046 25 1.0
1046 26 1.0
1047 26 1.0
1047 27 1.0
1048 1049 1.0
1048 28 1.0
1048 29 1.0
1049 1020 1.0
1049 29 1.0
