# Model: L 14 W 14 Maple Leaf Graph
0 1 1.0
0 13 1.0
0 14 1.0
1 2 1.0
1 14 1.0
2 3 1.0
2 15 1.0
3 4 1.0
3 15 1.0
3 16 1.0
4 5 1.0
4 16 1.0
4 17 1.0
5 17 1.0
5 18 1.0
6 7 1.0
6 19 1.0
6 20 1.0
7 8 1.0
7 20 1.0
8 9 1.0
8 21 1.0
9 10 1.0
9 21 1.0
9 22 1.0
10 11 1.0
10 22 1.0
10 23 1.0
11 23 1.0
11 12 1.0
12 13 1.0
12 24 1.0
12 25 1.0
13 14 1.0
13 25 1.0
13 26 1.0
14 26 1.0
14 27 1.0
15 16 1.0
15 28 1.0
15 29 1.0
16 17 1.0
16 29 1.0
17 18 1.0
17 30 1.0
18 19 1.0
18 30 1.0
18 31 1.0
19 20 1.0
19 31 1.0
19 32 1.0
20 32 1.0
20 33 1.0
21 22 1.0
21 34 1.0
21 35 1.0
22 23 1.0
22 35 1.0
23 12 1.0
23 24 1.0
24 25 1.0
24 36 1.0
24 37 1.0
25 26 1.0
25 37 1.0
26 27 1.0
26 38 1.0
27 28 1.0
27 38 1.0
27 39 1.0
28 29 1.0
28 39 1.0
28 40 1.0
29 40 1.0
29 41 1.0
30 31 1.0
30 42 1.0
30 43 1.0
31 32 1.0
31 43 1.0
32 33 1.0
32 44 1.0
33 34 1.0
33 44 1.0
33 45 1.0
34 35 1.0
34 45 1.0
34 46 1.0
35 46 1.0
35 47 1.0
36 37 1.0
36 48 1.0
36 49 1.0
37 49 1.0
37 50 1.0
38 39 1.0
38 51 1.0
38 52 1.0
39 40 1.0
39 52 1.0
40 41 1.0
40 53 1.0
41 42 1.0
41 53 1.0
41 54 1.0
42 43 1.0
42 54 1.0
42 55 1.0
43 55 1.0
43 56 1.0
44 45 1.0
44 57 1.0
44 58 1.0
45 46 1.0
45 58 1.0
46 47 1.0
46 59 1.0
47 36 1.0
47 59 1.0
47 48 1.0
48 49 1.0
48 60 1.0
49 50 1.0
49 61 1.0
50 51 1.0
50 61 1.0
50 62 1.0
51 52 1.0
51 62 1.0
51 63 1.0
52 63 1.0
52 64 1.0
53 54 1.0
53 65 1.0
53 66 1.0
54 55 1.0
54 66 1.0
55 56 1.0
55 67 1.0
56 57 1.0
56 67 1.0
56 68 1.0
57 58 1.0
57 68 1.0
57 69 1.0
58 69 1.0
58 70 1.0
59 48 1.0
59 71 1.0
59 60 1.0
60 72 1.0
60 73 1.0
61 62 1.0
61 74 1.0
61 75 1.0
62 63 1.0
62 75 1.0
63 64 1.0
63 76 1.0
64 65 1.0
64 76 1.0
64 77 1.0
65 66 1.0
65 77 1.0
65 78 1.0
66 78 1.0
66 79 1.0
67 68 1.0
67 80 1.0
67 81 1.0
68 69 1.0
68 81 1.0
69 70 1.0
69 82 1.0
70 71 1.0
70 82 1.0
70 83 1.0
71 60 1.0
71 83 1.0
71 72 1.0
72 73 1.0
72 84 1.0
73 74 1.0
73 84 1.0
73 85 1.0
74 75 1.0
74 85 1.0
74 86 1.0
75 86 1.0
75 87 1.0
76 77 1.0
76 88 1.0
76 89 1.0
77 78 1.0
77 89 1.0
78 79 1.0
78 90 1.0
79 80 1.0
79 90 1.0
79 91 1.0
80 81 1.0
80 91 1.0
80 92 1.0
81 92 1.0
81 93 1.0
82 83 1.0
82 94 1.0
82 95 1.0
83 72 1.0
83 95 1.0
84 85 1.0
84 97 1.0
84 98 1.0
85 86 1.0
85 98 1.0
86 87 1.0
86 99 1.0
87 88 1.0
87 99 1.0
87 100 1.0
88 89 1.0
88 100 1.0
88 101 1.0
89 101 1.0
89 102 1.0
90 91 1.0
90 103 1.0
90 104 1.0
91 92 1.0
91 104 1.0
92 93 1.0
92 105 1.0
93 94 1.0
93 105 1.0
93 106 1.0
94 95 1.0
94 106 1.0
94 107 1.0
95 107 1.0
95 96 1.0
96 97 1.0
96 108 1.0
96 109 1.0
97 98 1.0
97 109 1.0
97 110 1.0
98 110 1.0
98 111 1.0
99 100 1.0
99 112 1.0
99 113 1.0
100 101 1.0
100 113 1.0
101 102 1.0
101 114 1.0
102 103 1.0
102 114 1.0
102 115 1.0
103 104 1.0
103 115 1.0
103 116 1.0
104 116 1.0
104 117 1.0
105 106 1.0
105 118 1.0
105 119 1.0
106 107 1.0
106 119 1.0
107 96 1.0
107 108 1.0
108 109 1.0
108 120 1.0
108 121 1.0
109 110 1.0
109 121 1.0
110 111 1.0
110 122 1.0
111 112 1.0
111 122 1.0
111 123 1.0
112 113 1.0
112 123 1.0
112 124 1.0
113 124 1.0
113 125 1.0
114 115 1.0
114 126 1.0
114 127 1.0
115 116 1.0
115 127 1.0
116 117 1.0
116 128 1.0
117 118 1.0
117 128 1.0
117 129 1.0
118 119 1.0
118 129 1.0
118 130 1.0
119 130 1.0
119 131 1.0
120 121 1.0
120 132 1.0
120 133 1.0
121 133 1.0
121 134 1.0
122 123 1.0
122 135 1.0
122 136 1.0
123 124 1.0
123 136 1.0
124 125 1.0
124 137 1.0
125 126 1.0
125 137 1.0
125 138 1.0
126 127 1.0
126 138 1.0
126 139 1.0
127 139 1.0
127 140 1.0
128 129 1.0
128 141 1.0
128 142 1.0
129 130 1.0
129 142 1.0
130 131 1.0
130 143 1.0
131 120 1.0
131 143 1.0
131 132 1.0
132 133 1.0
132 144 1.0
133 134 1.0
133 145 1.0
134 135 1.0
134 145 1.0
134 146 1.0
135 136 1.0
135 146 1.0
135 147 1.0
136 147 1.0
136 148 1.0
137 138 1.0
137 149 1.0
137 150 1.0
138 139 1.0
138 150 1.0
139 140 1.0
139 151 1.0
140 141 1.0
140 151 1.0
140 152 1.0
141 142 1.0
141 152 1.0
141 153 1.0
142 153 1.0
142 154 1.0
143 132 1.0
143 155 1.0
143 144 1.0
144 156 1.0
144 157 1.0
145 146 1.0
145 158 1.0
145 159 1.0
146 147 1.0
146 159 1.0
147 148 1.0
147 160 1.0
148 149 1.0
148 160 1.0
148 161 1.0
149 150 1.0
149 161 1.0
149 162 1.0
150 162 1.0
150 163 1.0
151 152 1.0
151 164 1.0
151 165 1.0
152 153 1.0
152 165 1.0
153 154 1.0
153 166 1.0
154 155 1.0
154 166 1.0
154 167 1.0
155 144 1.0
155 167 1.0
155 156 1.0
156 157 1.0
156 0 1.0
157 158 1.0
157 0 1.0
157 1 1.0
158 159 1.0
158 1 1.0
158 2 1.0
159 2 1.0
159 3 1.0
160 161 1.0
160 4 1.0
160 5 1.0
161 162 1.0
161 5 1.0
162 163 1.0
162 6 1.0
163 164 1.0
163 6 1.0
163 7 1.0
164 165 1.0
164 7 1.0
164 8 1.0
165 8 1.0
165 9 1.0
166 167 1.0
166 10 1.0
166 11 1.0
167 156 1.0
167 11 1.0
