# Model: L 42 W 42 Maple Leaf Graph
0 1 1.0
0 37 1.0
0 38 1.0
1 2 1.0
1 38 1.0
2 3 1.0
2 39 1.0
3 4 1.0
3 39 1.0
3 40 1.0
4 5 1.0
4 40 1.0
4 41 1.0
5 41 1.0
5 42 1.0
6 7 1.0
6 43 1.0
6 44 1.0
7 8 1.0
7 44 1.0
8 9 1.0
8 45 1.0
9 10 1.0
9 45 1.0
9 46 1.0
10 11 1.0
10 46 1.0
10 47 1.0
11 47 1.0
11 48 1.0
12 13 1.0
12 49 1.0
12 50 1.0
13 14 1.0
13 50 1.0
14 15 1.0
14 51 1.0
15 16 1.0
15 51 1.0
15 52 1.0
16 17 1.0
16 52 1.0
16 53 1.0
17 53 1.0
17 54 1.0
18 19 1.0
18 55 1.0
18 56 1.0
19 20 1.0
19 56 1.0
20 21 1.0
20 57 1.0
21 22 1.0
21 57 1.0
21 58 1.0
22 23 1.0
22 58 1.0
22 59 1.0
23 59 1.0
23 60 1.0
24 25 1.0
24 61 1.0
24 62 1.0
25 26 1.0
25 62 1.0
26 27 1.0
26 63 1.0
27 28 1.0
27 63 1.0
27 64 1.0
28 29 1.0
28 64 1.0
28 65 1.0
29 65 1.0
29 66 1.0
30 31 1.0
30 67 1.0
30 68 1.0
31 32 1.0
31 68 1.0
32 33 1.0
32 69 1.0
33 34 1.0
33 69 1.0
33 70 1.0
34 35 1.0
34 70 1.0
34 71 1.0
35 71 1.0
35 36 1.0
36 37 1.0
36 72 1.0
36 73 1.0
37 38 1.0
37 73 1.0
37 74 1.0
38 74 1.0
38 75 1.0
39 40 1.0
39 76 1.0
39 77 1.0
40 41 1.0
40 77 1.0
41 42 1.0
41 78 1.0
42 43 1.0
42 78 1.0
42 79 1.0
43 44 1.0
43 79 1.0
43 80 1.0
44 80 1.0
44 81 1.0
45 46 1.0
45 82 1.0
45 83 1.0
46 47 1.0
46 83 1.0
47 48 1.0
47 84 1.0
48 49 1.0
48 84 1.0
48 85 1.0
49 50 1.0
49 85 1.0
49 86 1.0
50 86 1.0
50 87 1.0
51 52 1.0
51 88 1.0
51 89 1.0
52 53 1.0
52 89 1.0
53 54 1.0
53 90 1.0
54 55 1.0
54 90 1.0
54 91 1.0
55 56 1.0
55 91 1.0
55 92 1.0
56 92 1.0
56 93 1.0
57 58 1.0
57 94 1.0
57 95 1.0
58 59 1.0
58 95 1.0
59 60 1.0
59 96 1.0
60 61 1.0
60 96 1.0
60 97 1.0
61 62 1.0
61 97 1.0
61 98 1.0
62 98 1.0
62 99 1.0
63 64 1.0
63 100 1.0
63 101 1.0
64 65 1.0
64 101 1.0
65 66 1.0
65 102 1.0
66 67 1.0
66 102 1.0
66 103 1.0
67 68 1.0
67 103 1.0
67 104 1.0
68 104 1.0
68 105 1.0
69 70 1.0
69 106 1.0
69 107 1.0
70 71 1.0
70 107 1.0
71 36 1.0
71 72 1.0
72 73 1.0
72 108 1.0
72 109 1.0
73 74 1.0
73 109 1.0
74 75 1.0
74 110 1.0
75 76 1.0
75 110 1.0
75 111 1.0
76 77 1.0
76 111 1.0
76 112 1.0
77 112 1.0
77 113 1.0
78 79 1.0
78 114 1.0
78 115 1.0
79 80 1.0
79 115 1.0
80 81 1.0
80 116 1.0
81 82 1.0
81 116 1.0
81 117 1.0
82 83 1.0
82 117 1.0
82 118 1.0
83 118 1.0
83 119 1.0
84 85 1.0
84 120 1.0
84 121 1.0
85 86 1.0
85 121 1.0
86 87 1.0
86 122 1.0
87 88 1.0
87 122 1.0
87 123 1.0
88 89 1.0
88 123 1.0
88 124 1.0
89 124 1.0
89 125 1.0
90 91 1.0
90 126 1.0
90 127 1.0
91 92 1.0
91 127 1.0
92 93 1.0
92 128 1.0
93 94 1.0
93 128 1.0
93 129 1.0
94 95 1.0
94 129 1.0
94 130 1.0
95 130 1.0
95 131 1.0
96 97 1.0
96 132 1.0
96 133 1.0
97 98 1.0
97 133 1.0
98 99 1.0
98 134 1.0
99 100 1.0
99 134 1.0
99 135 1.0
100 101 1.0
100 135 1.0
100 136 1.0
101 136 1.0
101 137 1.0
102 103 1.0
102 138 1.0
102 139 1.0
103 104 1.0
103 139 1.0
104 105 1.0
104 140 1.0
105 106 1.0
105 140 1.0
105 141 1.0
106 107 1.0
106 141 1.0
106 142 1.0
107 142 1.0
107 143 1.0
108 109 1.0
108 144 1.0
108 145 1.0
109 145 1.0
109 146 1.0
110 111 1.0
110 147 1.0
110 148 1.0
111 112 1.0
111 148 1.0
112 113 1.0
112 149 1.0
113 114 1.0
113 149 1.0
113 150 1.0
114 115 1.0
114 150 1.0
114 151 1.0
115 151 1.0
115 152 1.0
116 117 1.0
116 153 1.0
116 154 1.0
117 118 1.0
117 154 1.0
118 119 1.0
118 155 1.0
119 120 1.0
119 155 1.0
119 156 1.0
120 121 1.0
120 156 1.0
120 157 1.0
121 157 1.0
121 158 1.0
122 123 1.0
122 159 1.0
122 160 1.0
123 124 1.0
123 160 1.0
124 125 1.0
124 161 1.0
125 126 1.0
125 161 1.0
125 162 1.0
126 127 1.0
126 162 1.0
126 163 1.0
127 163 1.0
127 164 1.0
128 129 1.0
128 165 1.0
128 166 1.0
129 130 1.0
129 166 1.0
130 131 1.0
130 167 1.0
131 132 1.0
131 167 1.0
131 168 1.0
132 133 1.0
132 168 1.0
132 169 1.0
133 169 1.0
133 170 1.0
134 135 1.0
134 171 1.0
134 172 1.0
135 136 1.0
135 172 1.0
136 137 1.0
136 173 1.0
137 138 1.0
137 173 1.0
137 174 1.0
138 139 1.0
138 174 1.0
138 175 1.0
139 175 1.0
139 176 1.0
140 141 1.0
140 177 1.0
140 178 1.0
141 142 1.0
141 178 1.0
142 143 1.0
142 179 1.0
143 108 1.0
143 179 1.0
143 144 1.0
144 145 1.0
144 180 1.0
145 146 1.0
145 181 1.0
146 147 1.0
146 181 1.0
146 182 1.0
147 148 1.0
147 182 1.0
147 183 1.0
148 183 1.0
148 184 1.0
149 150 1.0
149 185 1.0
149 186 1.0
150 151 1.0
150 186 1.0
151 152 1.0
151 187 1.0
152 153 1.0
152 187 1.0
152 188 1.0
153 154 1.0
153 188 1.0
153 189 1.0
154 189 1.0
154 190 1.0
155 156 1.0
155 191 1.0
155 192 1.0
156 157 1.0
156 192 1.0
157 158 1.0
157 193 1.0
158 159 1.0
158 193 1.0
158 194 1.0
159 160 1.0
159 194 1.0
159 195 1.0
160 195 1.0
160 196 1.0
161 162 1.0
161 197 1.0
161 198 1.0
162 163 1.0
162 198 1.0
163 164 1.0
163 199 1.0
164 165 1.0
164 199 1.0
164 200 1.0
165 166 1.0
165 200 1.0
165 201 1.0
166 201 1.0
166 202 1.0
167 168 1.0
167 203 1.0
167 204 1.0
168 169 1.0
168 204 1.0
169 170 1.0
169 205 1.0
170 171 1.0
170 205 1.0
170 206 1.0
171 172 1.0
171 206 1.0
171 207 1.0
172 207 1.0
172 208 1.0
173 174 1.0
173 209 1.0
173 210 1.0
174 175 1.0
174 210 1.0
175 176 1.0
175 211 1.0
176 177 1.0
176 211 1.0
176 212 1.0
177 178 1.0
177 212 1.0
177 213 1.0
178 213 1.0
178 214 1.0
179 144 1.0
179 215 1.0
179 180 1.0
180 216 1.0
180 217 1.0
181 182 1.0
181 218 1.0
181 219 1.0
182 183 1.0
182 219 1.0
183 184 1.0
183 220 1.0
184 185 1.0
184 220 1.0
184 221 1.0
185 186 1.0
185 221 1.0
185 222 1.0
186 222 1.0
186 223 1.0
187 188 1.0
187 224 1.0
187 225 1.0
188 189 1.0
188 225 1.0
189 190 1.0
189 226 1.0
190 191 1.0
190 226 1.0
190 227 1.0
191 192 1.0
191 227 1.0
191 228 1.0
192 228 1.0
192 229 1.0
193 194 1.0
193 230 1.0
193 231 1.0
194 195 1.0
194 231 1.0
195 196 1.0
195 232 1.0
196 197 1.0
196 232 1.0
196 233 1.0
197 198 1.0
197 233 1.0
197 234 1.0
198 234 1.0
198 235 1.0
199 200 1.0
199 236 1.0
199 237 1.0
200 201 1.0
200 237 1.0
201 202 1.0
201 238 1.0
202 203 1.0
202 238 1.0
202 239 1.0
203 204 1.0
203 239 1.0
203 240 1.0
204 240 1.0
204 241 1.0
205 206 1.0
205 242 1.0
205 243 1.0
206 207 1.0
206 243 1.0
207 208 1.0
207 244 1.0
208 209 1.0
208 244 1.0
208 245 1.0
209 210 1.0
209 245 1.0
209 246 1.0
210 246 1.0
210 247 1.0
211 212 1.0
211 248 1.0
211 249 1.0
212 213 1.0
212 249 1.0
213 214 1.0
213 250 1.0
214 215 1.0
214 250 1.0
214 251 1.0
215 180 1.0
215 251 1.0
215 216 1.0
216 217 1.0
216 252 1.0
217 218 1.0
217 252 1.0
217 253 1.0
218 219 1.0
218 253 1.0
218 254 1.0
219 254 1.0
219 255 1.0
220 221 1.0
220 256 1.0
220 257 1.0
221 222 1.0
221 257 1.0
222 223 1.0
222 258 1.0
223 224 1.0
223 258 1.0
223 259 1.0
224 225 1.0
224 259 1.0
224 260 1.0
225 260 1.0
225 261 1.0
226 227 1.0
226 262 1.0
226 263 1.0
227 228 1.0
227 263 1.0
228 229 1.0
228 264 1.0
229 230 1.0
229 264 1.0
229 265 1.0
230 231 1.0
230 265 1.0
230 266 1.0
231 266 1.0
231 267 1.0
232 233 1.0
232 268 1.0
232 269 1.0
233 234 1.0
233 269 1.0
234 235 1.0
234 270 1.0
235 236 1.0
235 270 1.0
235 271 1.0
236 237 1.0
236 271 1.0
236 272 1.0
237 272 1.0
237 273 1.0
238 239 1.0
238 274 1.0
238 275 1.0
239 240 1.0
239 275 1.0
240 241 1.0
240 276 1.0
241 242 1.0
241 276 1.0
241 277 1.0
242 243 1.0
242 277 1.0
242 278 1.0
243 278 1.0
243 279 1.0
244 245 1.0
244 280 1.0
244 281 1.0
245 246 1.0
245 281 1.0
246 247 1.0
246 282 1.0
247 248 1.0
247 282 1.0
247 283 1.0
248 249 1.0
248 283 1.0
248 284 1.0
249 284 1.0
249 285 1.0
250 251 1.0
250 286 1.0
250 287 1.0
251 216 1.0
251 287 1.0
252 253 1.0
252 289 1.0
252 290 1.0
253 254 1.0
253 290 1.0
254 255 1.0
254 291 1.0
255 256 1.0
255 291 1.0
255 292 1.0
256 257 1.0
256 292 1.0
256 293 1.0
257 293 1.0
257 294 1.0
258 259 1.0
258 295 1.0
258 296 1.0
259 260 1.0
259 296 1.0
260 261 1.0
260 297 1.0
261 262 1.0
261 297 1.0
261 298 1.0
262 263 1.0
262 298 1.0
262 299 1.0
263 299 1.0
263 300 1.0
264 265 1.0
264 301 1.0
264 302 1.0
265 266 1.0
265 302 1.0
266 267 1.0
266 303 1.0
267 268 1.0
267 303 1.0
267 304 1.0
268 269 1.0
268 304 1.0
268 305 1.0
269 305 1.0
269 306 1.0
270 271 1.0
270 307 1.0
270 308 1.0
271 272 1.0
271 308 1.0
272 273 1.0
272 309 1.0
273 274 1.0
273 309 1.0
273 310 1.0
274 275 1.0
274 310 1.0
274 311 1.0
275 311 1.0
275 312 1.0
276 277 1.0
276 313 1.0
276 314 1.0
277 278 1.0
277 314 1.0
278 279 1.0
278 315 1.0
279 280 1.0
279 315 1.0
279 316 1.0
280 281 1.0
280 316 1.0
280 317 1.0
281 317 1.0
281 318 1.0
282 283 1.0
282 319 1.0
282 320 1.0
283 284 1.0
283 320 1.0
284 285 1.0
284 321 1.0
285 286 1.0
285 321 1.0
285 322 1.0
286 287 1.0
286 322 1.0
286 323 1.0
287 323 1.0
287 288 1.0
288 289 1.0
288 324 1.0
288 325 1.0
289 290 1.0
289 325 1.0
289 326 1.0
290 326 1.0
290 327 1.0
291 292 1.0
291 328 1.0
291 329 1.0
292 293 1.0
292 329 1.0
293 294 1.0
293 330 1.0
294 295 1.0
294 330 1.0
294 331 1.0
295 296 1.0
295 331 1.0
295 332 1.0
296 332 1.0
296 333 1.0
297 298 1.0
297 334 1.0
297 335 1.0
298 299 1.0
298 335 1.0
299 300 1.0
299 336 1.0
300 301 1.0
300 336 1.0
300 337 1.0
301 302 1.0
301 337 1.0
301 338 1.0
302 338 1.0
302 339 1.0
303 304 1.0
303 340 1.0
303 341 1.0
304 305 1.0
304 341 1.0
305 306 1.0
305 342 1.0
306 307 1.0
306 342 1.0
306 343 1.0
307 308 1.0
307 343 1.0
307 344 1.0
308 344 1.0
308 345 1.0
309 310 1.0
309 346 1.0
309 347 1.0
310 311 1.0
310 347 1.0
311 312 1.0
311 348 1.0
312 313 1.0
312 348 1.0
312 349 1.0
313 314 1.0
313 349 1.0
313 350 1.0
314 350 1.0
314 351 1.0
315 316 1.0
315 352 1.0
315 353 1.0
316 317 1.0
316 353 1.0
317 318 1.0
317 354 1.0
318 319 1.0
318 354 1.0
318 355 1.0
319 320 1.0
319 355 1.0
319 356 1.0
320 356 1.0
320 357 1.0
321 322 1.0
321 358 1.0
321 359 1.0
322 323 1.0
322 359 1.0
323 288 1.0
323 324 1.0
324 325 1.0
324 360 1.0
324 361 1.0
325 326 1.0
325 361 1.0
326 327 1.0
326 362 1.0
327 328 1.0
327 362 1.0
327 363 1.0
328 329 1.0
328 363 1.0
328 364 1.0
329 364 1.0
329 365 1.0
330 331 1.0
330 366 1.0
330 367 1.0
331 332 1.0
331 367 1.0
332 333 1.0
332 368 1.0
333 334 1.0
333 368 1.0
333 369 1.0
334 335 1.0
334 369 1.0
334 370 1.0
335 370 1.0
335 371 1.0
336 337 1.0
336 372 1.0
336 373 1.0
337 338 1.0
337 373 1.0
338 339 1.0
338 374 1.0
339 340 1.0
339 374 1.0
339 375 1.0
340 341 1.0
340 375 1.0
340 376 1.0
341 376 1.0
341 377 1.0
342 343 1.0
342 378 1.0
342 379 1.0
343 344 1.0
343 379 1.0
344 345 1.0
344 380 1.0
345 346 1.0
345 380 1.0
345 381 1.0
346 347 1.0
346 381 1.0
346 382 1.0
347 382 1.0
347 383 1.0
348 349 1.0
348 384 1.0
348 385 1.0
349 350 1.0
349 385 1.0
350 351 1.0
350 386 1.0
351 352 1.0
351 386 1.0
351 387 1.0
352 353 1.0
352 387 1.0
352 388 1.0
353 388 1.0
353 389 1.0
354 355 1.0
354 390 1.0
354 391 1.0
355 356 1.0
355 391 1.0
356 357 1.0
356 392 1.0
357 358 1.0
357 392 1.0
357 393 1.0
358 359 1.0
358 393 1.0
358 394 1.0
359 394 1.0
359 395 1.0
360 361 1.0
360 396 1.0
360 397 1.0
361 397 1.0
361 398 1.0
362 363 1.0
362 399 1.0
362 400 1.0
363 364 1.0
363 400 1.0
364 365 1.0
364 401 1.0
365 366 1.0
365 401 1.0
365 402 1.0
366 367 1.0
366 402 1.0
366 403 1.0
367 403 1.0
367 404 1.0
368 369 1.0
368 405 1.0
368 406 1.0
369 370 1.0
369 406 1.0
370 371 1.0
370 407 1.0
371 372 1.0
371 407 1.0
371 408 1.0
372 373 1.0
372 408 1.0
372 409 1.0
373 409 1.0
373 410 1.0
374 375 1.0
374 411 1.0
374 412 1.0
375 376 1.0
375 412 1.0
376 377 1.0
376 413 1.0
377 378 1.0
377 413 1.0
377 414 1.0
378 379 1.0
378 414 1.0
378 415 1.0
379 415 1.0
379 416 1.0
380 381 1.0
380 417 1.0
380 418 1.0
381 382 1.0
381 418 1.0
382 383 1.0
382 419 1.0
383 384 1.0
383 419 1.0
383 420 1.0
384 385 1.0
384 420 1.0
384 421 1.0
385 421 1.0
385 422 1.0
386 387 1.0
386 423 1.0
386 424 1.0
387 388 1.0
387 424 1.0
388 389 1.0
388 425 1.0
389 390 1.0
389 425 1.0
389 426 1.0
390 391 1.0
390 426 1.0
390 427 1.0
391 427 1.0
391 428 1.0
392 393 1.0
392 429 1.0
392 430 1.0
393 394 1.0
393 430 1.0
394 395 1.0
394 431 1.0
395 360 1.0
395 431 1.0
395 396 1.0
396 397 1.0
396 432 1.0
397 398 1.0
397 433 1.0
398 399 1.0
398 433 1.0
398 434 1.0
399 400 1.0
399 434 1.0
399 435 1.0
400 435 1.0
400 436 1.0
401 402 1.0
401 437 1.0
401 438 1.0
402 403 1.0
402 438 1.0
403 404 1.0
403 439 1.0
404 405 1.0
404 439 1.0
404 440 1.0
405 406 1.0
405 440 1.0
405 441 1.0
406 441 1.0
406 442 1.0
407 408 1.0
407 443 1.0
407 444 1.0
408 409 1.0
408 444 1.0
409 410 1.0
409 445 1.0
410 411 1.0
410 445 1.0
410 446 1.0
411 412 1.0
411 446 1.0
411 447 1.0
412 447 1.0
412 448 1.0
413 414 1.0
413 449 1.0
413 450 1.0
414 415 1.0
414 450 1.0
415 416 1.0
415 451 1.0
416 417 1.0
416 451 1.0
416 452 1.0
417 418 1.0
417 452 1.0
417 453 1.0
418 453 1.0
418 454 1.0
419 420 1.0
419 455 1.0
419 456 1.0
420 421 1.0
420 456 1.0
421 422 1.0
421 457 1.0
422 423 1.0
422 457 1.0
422 458 1.0
423 424 1.0
423 458 1.0
423 459 1.0
424 459 1.0
424 460 1.0
425 426 1.0
425 461 1.0
425 462 1.0
426 427 1.0
426 462 1.0
427 428 1.0
427 463 1.0
428 429 1.0
428 463 1.0
428 464 1.0
429 430 1.0
429 464 1.0
429 465 1.0
430 465 1.0
430 466 1.0
431 396 1.0
431 467 1.0
431 432 1.0
432 468 1.0
432 469 1.0
433 434 1.0
433 470 1.0
433 471 1.0
434 435 1.0
434 471 1.0
435 436 1.0
435 472 1.0
436 437 1.0
436 472 1.0
436 473 1.0
437 438 1.0
437 473 1.0
437 474 1.0
438 474 1.0
438 475 1.0
439 440 1.0
439 476 1.0
439 477 1.0
440 441 1.0
440 477 1.0
441 442 1.0
441 478 1.0
442 443 1.0
442 478 1.0
442 479 1.0
443 444 1.0
443 479 1.0
443 480 1.0
444 480 1.0
444 481 1.0
445 446 1.0
445 482 1.0
445 483 1.0
446 447 1.0
446 483 1.0
447 448 1.0
447 484 1.0
448 449 1.0
448 484 1.0
448 485 1.0
449 450 1.0
449 485 1.0
449 486 1.0
450 486 1.0
450 487 1.0
451 452 1.0
451 488 1.0
451 489 1.0
452 453 1.0
452 489 1.0
453 454 1.0
453 490 1.0
454 455 1.0
454 490 1.0
454 491 1.0
455 456 1.0
455 491 1.0
455 492 1.0
456 492 1.0
456 493 1.0
457 458 1.0
457 494 1.0
457 495 1.0
458 459 1.0
458 495 1.0
459 460 1.0
459 496 1.0
460 461 1.0
460 496 1.0
460 497 1.0
461 462 1.0
461 497 1.0
461 498 1.0
462 498 1.0
462 499 1.0
463 464 1.0
463 500 1.0
463 501 1.0
464 465 1.0
464 501 1.0
465 466 1.0
465 502 1.0
466 467 1.0
466 502 1.0
466 503 1.0
467 432 1.0
467 503 1.0
467 468 1.0
468 469 1.0
468 504 1.0
469 470 1.0
469 504 1.0
469 505 1.0
470 471 1.0
470 505 1.0
470 506 1.0
471 506 1.0
471 507 1.0
472 473 1.0
472 508 1.0
472 509 1.0
473 474 1.0
473 509 1.0
474 475 1.0
474 510 1.0
475 476 1.0
475 510 1.0
475 511 1.0
476 477 1.0
476 511 1.0
476 512 1.0
477 512 1.0
477 513 1.0
478 479 1.0
478 514 1.0
478 515 1.0
479 480 1.0
479 515 1.0
480 481 1.0
480 516 1.0
481 482 1.0
481 516 1.0
481 517 1.0
482 483 1.0
482 517 1.0
482 518 1.0
483 518 1.0
483 519 1.0
484 485 1.0
484 520 1.0
484 521 1.0
485 486 1.0
485 521 1.0
486 487 1.0
486 522 1.0
487 488 1.0
487 522 1.0
487 523 1.0
488 489 1.0
488 523 1.0
488 524 1.0
489 524 1.0
489 525 1.0
490 491 1.0
490 526 1.0
490 527 1.0
491 492 1.0
491 527 1.0
492 493 1.0
492 528 1.0
493 494 1.0
493 528 1.0
493 529 1.0
494 495 1.0
494 529 1.0
494 530 1.0
495 530 1.0
495 531 1.0
496 497 1.0
496 532 1.0
496 533 1.0
497 498 1.0
497 533 1.0
498 499 1.0
498 534 1.0
499 500 1.0
499 534 1.0
499 535 1.0
500 501 1.0
500 535 1.0
500 536 1.0
501 536 1.0
501 537 1.0
502 503 1.0
502 538 1.0
502 539 1.0
503 468 1.0
503 539 1.0
504 505 1.0
504 541 1.0
504 542 1.0
505 506 1.0
505 542 1.0
506 507 1.0
506 543 1.0
507 508 1.0
507 543 1.0
507 544 1.0
508 509 1.0
508 544 1.0
508 545 1.0
509 545 1.0
509 546 1.0
510 511 1.0
510 547 1.0
510 548 1.0
511 512 1.0
511 548 1.0
512 513 1.0
512 549 1.0
513 514 1.0
513 549 1.0
513 550 1.0
514 515 1.0
514 550 1.0
514 551 1.0
515 551 1.0
515 552 1.0
516 517 1.0
516 553 1.0
516 554 1.0
517 518 1.0
517 554 1.0
518 519 1.0
518 555 1.0
519 520 1.0
519 555 1.0
519 556 1.0
520 521 1.0
520 556 1.0
520 557 1.0
521 557 1.0
521 558 1.0
522 523 1.0
522 559 1.0
522 560 1.0
523 524 1.0
523 560 1.0
524 525 1.0
524 561 1.0
525 526 1.0
525 561 1.0
525 562 1.0
526 527 1.0
526 562 1.0
526 563 1.0
527 563 1.0
527 564 1.0
528 529 1.0
528 565 1.0
528 566 1.0
529 530 1.0
529 566 1.0
530 531 1.0
530 567 1.0
531 532 1.0
531 567 1.0
531 568 1.0
532 533 1.0
532 568 1.0
532 569 1.0
533 569 1.0
533 570 1.0
534 535 1.0
534 571 1.0
534 572 1.0
535 536 1.0
535 572 1.0
536 537 1.0
536 573 1.0
537 538 1.0
537 573 1.0
537 574 1.0
538 539 1.0
538 574 1.0
538 575 1.0
539 575 1.0
539 540 1.0
540 541 1.0
540 576 1.0
540 577 1.0
541 542 1.0
541 577 1.0
541 578 1.0
542 578 1.0
542 579 1.0
543 544 1.0
543 580 1.0
543 581 1.0
544 545 1.0
544 581 1.0
545 546 1.0
545 582 1.0
546 547 1.0
546 582 1.0
546 583 1.0
547 548 1.0
547 583 1.0
547 584 1.0
548 584 1.0
548 585 1.0
549 550 1.0
549 586 1.0
549 587 1.0
550 551 1.0
550 587 1.0
551 552 1.0
551 588 1.0
552 553 1.0
552 588 1.0
552 589 1.0
553 554 1.0
553 589 1.0
553 590 1.0
554 590 1.0
554 591 1.0
555 556 1.0
555 592 1.0
555 593 1.0
556 557 1.0
556 593 1.0
557 558 1.0
557 594 1.0
558 559 1.0
558 594 1.0
558 595 1.0
559 560 1.0
559 595 1.0
559 596 1.0
560 596 1.0
560 597 1.0
561 562 1.0
561 598 1.0
561 599 1.0
562 563 1.0
562 599 1.0
563 564 1.0
563 600 1.0
564 565 1.0
564 600 1.0
564 601 1.0
565 566 1.0
565 601 1.0
565 602 1.0
566 602 1.0
566 603 1.0
567 568 1.0
567 604 1.0
567 605 1.0
568 569 1.0
568 605 1.0
569 570 1.0
569 606 1.0
570 571 1.0
570 606 1.0
570 607 1.0
571 572 1.0
571 607 1.0
571 608 1.0
572 608 1.0
572 609 1.0
573 574 1.0
573 610 1.0
573 611 1.0
574 575 1.0
574 611 1.0
575 540 1.0
575 576 1.0
576 577 1.0
576 612 1.0
576 613 1.0
577 578 1.0
577 613 1.0
578 579 1.0
578 614 1.0
579 580 1.0
579 614 1.0
579 615 1.0
580 581 1.0
580 615 1.0
580 616 1.0
581 616 1.0
581 617 1.0
582 583 1.0
582 618 1.0
582 619 1.0
583 584 1.0
583 619 1.0
584 585 1.0
584 620 1.0
585 586 1.0
585 620 1.0
585 621 1.0
586 587 1.0
586 621 1.0
586 622 1.0
587 622 1.0
587 623 1.0
588 589 1.0
588 624 1.0
588 625 1.0
589 590 1.0
589 625 1.0
590 591 1.0
590 626 1.0
591 592 1.0
591 626 1.0
591 627 1.0
592 593 1.0
592 627 1.0
592 628 1.0
593 628 1.0
593 629 1.0
594 595 1.0
594 630 1.0
594 631 1.0
595 596 1.0
595 631 1.0
596 597 1.0
596 632 1.0
597 598 1.0
597 632 1.0
597 633 1.0
598 599 1.0
598 633 1.0
598 634 1.0
599 634 1.0
599 635 1.0
600 601 1.0
600 636 1.0
600 637 1.0
601 602 1.0
601 637 1.0
602 603 1.0
602 638 1.0
603 604 1.0
603 638 1.0
603 639 1.0
604 605 1.0
604 639 1.0
604 640 1.0
605 640 1.0
605 641 1.0
606 607 1.0
606 642 1.0
606 643 1.0
607 608 1.0
607 643 1.0
608 609 1.0
608 644 1.0
609 610 1.0
609 644 1.0
609 645 1.0
610 611 1.0
610 645 1.0
610 646 1.0
611 646 1.0
611 647 1.0
612 613 1.0
612 648 1.0
612 649 1.0
613 649 1.0
613 650 1.0
614 615 1.0
614 651 1.0
614 652 1.0
615 616 1.0
615 652 1.0
616 617 1.0
616 653 1.0
617 618 1.0
617 653 1.0
617 654 1.0
618 619 1.0
618 654 1.0
618 655 1.0
619 655 1.0
619 656 1.0
620 621 1.0
620 657 1.0
620 658 1.0
621 622 1.0
621 658 1.0
622 623 1.0
622 659 1.0
623 624 1.0
623 659 1.0
623 660 1.0
624 625 1.0
624 660 1.0
624 661 1.0
625 661 1.0
625 662 1.0
626 627 1.0
626 663 1.0
626 664 1.0
627 628 1.0
627 664 1.0
628 629 1.0
628 665 1.0
629 630 1.0
629 665 1.0
629 666 1.0
630 631 1.0
630 666 1.0
630 667 1.0
631 667 1.0
631 668 1.0
632 633 1.0
632 669 1.0
632 670 1.0
633 634 1.0
633 670 1.0
634 635 1.0
634 671 1.0
635 636 1.0
635 671 1.0
635 672 1.0
636 637 1.0
636 672 1.0
636 673 1.0
637 673 1.0
637 674 1.0
638 639 1.0
638 675 1.0
638 676 1.0
639 640 1.0
639 676 1.0
640 641 1.0
640 677 1.0
641 642 1.0
641 677 1.0
641 678 1.0
642 643 1.0
642 678 1.0
642 679 1.0
643 679 1.0
643 680 1.0
644 645 1.0
644 681 1.0
644 682 1.0
645 646 1.0
645 682 1.0
646 647 1.0
646 683 1.0
647 612 1.0
647 683 1.0
647 648 1.0
648 649 1.0
648 684 1.0
649 650 1.0
649 685 1.0
650 651 1.0
650 685 1.0
650 686 1.0
651 652 1.0
651 686 1.0
651 687 1.0
652 687 1.0
652 688 1.0
653 654 1.0
653 689 1.0
653 690 1.0
654 655 1.0
654 690 1.0
655 656 1.0
655 691 1.0
656 657 1.0
656 691 1.0
656 692 1.0
657 658 1.0
657 692 1.0
657 693 1.0
658 693 1.0
658 694 1.0
659 660 1.0
659 695 1.0
659 696 1.0
660 661 1.0
660 696 1.0
661 662 1.0
661 697 1.0
662 663 1.0
662 697 1.0
662 698 1.0
663 664 1.0
663 698 1.0
663 699 1.0
664 699 1.0
664 700 1.0
665 666 1.0
665 701 1.0
665 702 1.0
666 667 1.0
666 702 1.0
667 668 1.0
667 703 1.0
668 669 1.0
668 703 1.0
668 704 1.0
669 670 1.0
669 704 1.0
669 705 1.0
670 705 1.0
670 706 1.0
671 672 1.0
671 707 1.0
671 708 1.0
672 673 1.0
672 708 1.0
673 674 1.0
673 709 1.0
674 675 1.0
674 709 1.0
674 710 1.0
675 676 1.0
675 710 1.0
675 711 1.0
676 711 1.0
676 712 1.0
677 678 1.0
677 713 1.0
677 714 1.0
678 679 1.0
678 714 1.0
679 680 1.0
679 715 1.0
680 681 1.0
680 715 1.0
680 716 1.0
681 682 1.0
681 716 1.0
681 717 1.0
682 717 1.0
682 718 1.0
683 648 1.0
683 719 1.0
683 684 1.0
684 720 1.0
684 721 1.0
685 686 1.0
685 722 1.0
685 723 1.0
686 687 1.0
686 723 1.0
687 688 1.0
687 724 1.0
688 689 1.0
688 724 1.0
688 725 1.0
689 690 1.0
689 725 1.0
689 726 1.0
690 726 1.0
690 727 1.0
691 692 1.0
691 728 1.0
691 729 1.0
692 693 1.0
692 729 1.0
693 694 1.0
693 730 1.0
694 695 1.0
694 730 1.0
694 731 1.0
695 696 1.0
695 731 1.0
695 732 1.0
696 732 1.0
696 733 1.0
697 698 1.0
697 734 1.0
697 735 1.0
698 699 1.0
698 735 1.0
699 700 1.0
699 736 1.0
700 701 1.0
700 736 1.0
700 737 1.0
701 702 1.0
701 737 1.0
701 738 1.0
702 738 1.0
702 739 1.0
703 704 1.0
703 740 1.0
703 741 1.0
704 705 1.0
704 741 1.0
705 706 1.0
705 742 1.0
706 707 1.0
706 742 1.0
706 743 1.0
707 708 1.0
707 743 1.0
707 744 1.0
708 744 1.0
708 745 1.0
709 710 1.0
709 746 1.0
709 747 1.0
710 711 1.0
710 747 1.0
711 712 1.0
711 748 1.0
712 713 1.0
712 748 1.0
712 749 1.0
713 714 1.0
713 749 1.0
713 750 1.0
714 750 1.0
714 751 1.0
715 716 1.0
715 752 1.0
715 753 1.0
716 717 1.0
716 753 1.0
717 718 1.0
717 754 1.0
718 719 1.0
718 754 1.0
718 755 1.0
719 684 1.0
719 755 1.0
719 720 1.0
720 721 1.0
720 756 1.0
721 722 1.0
721 756 1.0
721 757 1.0
722 723 1.0
722 757 1.0
722 758 1.0
723 758 1.0
723 759 1.0
724 725 1.0
724 760 1.0
724 761 1.0
725 726 1.0
725 761 1.0
726 727 1.0
726 762 1.0
727 728 1.0
727 762 1.0
727 763 1.0
728 729 1.0
728 763 1.0
728 764 1.0
729 764 1.0
729 765 1.0
730 731 1.0
730 766 1.0
730 767 1.0
731 732 1.0
731 767 1.0
732 733 1.0
732 768 1.0
733 734 1.0
733 768 1.0
733 769 1.0
734 735 1.0
734 769 1.0
734 770 1.0
735 770 1.0
735 771 1.0
736 737 1.0
736 772 1.0
736 773 1.0
737 738 1.0
737 773 1.0
738 739 1.0
738 774 1.0
739 740 1.0
739 774 1.0
739 775 1.0
740 741 1.0
740 775 1.0
740 776 1.0
741 776 1.0
741 777 1.0
742 743 1.0
742 778 1.0
742 779 1.0
743 744 1.0
743 779 1.0
744 745 1.0
744 780 1.0
745 746 1.0
745 780 1.0
745 781 1.0
746 747 1.0
746 781 1.0
746 782 1.0
747 782 1.0
747 783 1.0
748 749 1.0
748 784 1.0
748 785 1.0
749 750 1.0
749 785 1.0
750 751 1.0
750 786 1.0
751 752 1.0
751 786 1.0
751 787 1.0
752 753 1.0
752 787 1.0
752 788 1.0
753 788 1.0
753 789 1.0
754 755 1.0
754 790 1.0
754 791 1.0
755 720 1.0
755 791 1.0
756 757 1.0
756 793 1.0
756 794 1.0
757 758 1.0
757 794 1.0
758 759 1.0
758 795 1.0
759 760 1.0
759 795 1.0
759 796 1.0
760 761 1.0
760 796 1.0
760 797 1.0
761 797 1.0
761 798 1.0
762 763 1.0
762 799 1.0
762 800 1.0
763 764 1.0
763 800 1.0
764 765 1.0
764 801 1.0
765 766 1.0
765 801 1.0
765 802 1.0
766 767 1.0
766 802 1.0
766 803 1.0
767 803 1.0
767 804 1.0
768 769 1.0
768 805 1.0
768 806 1.0
769 770 1.0
769 806 1.0
770 771 1.0
770 807 1.0
771 772 1.0
771 807 1.0
771 808 1.0
772 773 1.0
772 808 1.0
772 809 1.0
773 809 1.0
773 810 1.0
774 775 1.0
774 811 1.0
774 812 1.0
775 776 1.0
775 812 1.0
776 777 1.0
776 813 1.0
777 778 1.0
777 813 1.0
777 814 1.0
778 779 1.0
778 814 1.0
778 815 1.0
779 815 1.0
779 816 1.0
780 781 1.0
780 817 1.0
780 818 1.0
781 782 1.0
781 818 1.0
782 783 1.0
782 819 1.0
783 784 1.0
783 819 1.0
783 820 1.0
784 785 1.0
784 820 1.0
784 821 1.0
785 821 1.0
785 822 1.0
786 787 1.0
786 823 1.0
786 824 1.0
787 788 1.0
787 824 1.0
788 789 1.0
788 825 1.0
789 790 1.0
789 825 1.0
789 826 1.0
790 791 1.0
790 826 1.0
790 827 1.0
791 827 1.0
791 792 1.0
792 793 1.0
792 828 1.0
792 829 1.0
793 794 1.0
793 829 1.0
793 830 1.0
794 830 1.0
794 831 1.0
795 796 1.0
795 832 1.0
795 833 1.0
796 797 1.0
796 833 1.0
797 798 1.0
797 834 1.0
798 799 1.0
798 834 1.0
798 835 1.0
799 800 1.0
799 835 1.0
799 836 1.0
800 836 1.0
800 837 1.0
801 802 1.0
801 838 1.0
801 839 1.0
802 803 1.0
802 839 1.0
803 804 1.0
803 840 1.0
804 805 1.0
804 840 1.0
804 841 1.0
805 806 1.0
805 841 1.0
805 842 1.0
806 842 1.0
806 843 1.0
807 808 1.0
807 844 1.0
807 845 1.0
808 809 1.0
808 845 1.0
809 810 1.0
809 846 1.0
810 811 1.0
810 846 1.0
810 847 1.0
811 812 1.0
811 847 1.0
811 848 1.0
812 848 1.0
812 849 1.0
813 814 1.0
813 850 1.0
813 851 1.0
814 815 1.0
814 851 1.0
815 816 1.0
815 852 1.0
816 817 1.0
816 852 1.0
816 853 1.0
817 818 1.0
817 853 1.0
817 854 1.0
818 854 1.0
818 855 1.0
819 820 1.0
819 856 1.0
819 857 1.0
820 821 1.0
820 857 1.0
821 822 1.0
821 858 1.0
822 823 1.0
822 858 1.0
822 859 1.0
823 824 1.0
823 859 1.0
823 860 1.0
824 860 1.0
824 861 1.0
825 826 1.0
825 862 1.0
825 863 1.0
826 827 1.0
826 863 1.0
827 792 1.0
827 828 1.0
828 829 1.0
828 864 1.0
828 865 1.0
829 830 1.0
829 865 1.0
830 831 1.0
830 866 1.0
831 832 1.0
831 866 1.0
831 867 1.0
832 833 1.0
832 867 1.0
832 868 1.0
833 868 1.0
833 869 1.0
834 835 1.0
834 870 1.0
834 871 1.0
835 836 1.0
835 871 1.0
836 837 1.0
836 872 1.0
837 838 1.0
837 872 1.0
837 873 1.0
838 839 1.0
838 873 1.0
838 874 1.0
839 874 1.0
839 875 1.0
840 841 1.0
840 876 1.0
840 877 1.0
841 842 1.0
841 877 1.0
842 843 1.0
842 878 1.0
843 844 1.0
843 878 1.0
843 879 1.0
844 845 1.0
844 879 1.0
844 880 1.0
845 880 1.0
845 881 1.0
846 847 1.0
846 882 1.0
846 883 1.0
847 848 1.0
847 883 1.0
848 849 1.0
848 884 1.0
849 850 1.0
849 884 1.0
849 885 1.0
850 851 1.0
850 885 1.0
850 886 1.0
851 886 1.0
851 887 1.0
852 853 1.0
852 888 1.0
852 889 1.0
853 854 1.0
853 889 1.0
854 855 1.0
854 890 1.0
855 856 1.0
855 890 1.0
855 891 1.0
856 857 1.0
856 891 1.0
856 892 1.0
857 892 1.0
857 893 1.0
858 859 1.0
858 894 1.0
858 895 1.0
859 860 1.0
859 895 1.0
860 861 1.0
860 896 1.0
861 862 1.0
861 896 1.0
861 897 1.0
862 863 1.0
862 897 1.0
862 898 1.0
863 898 1.0
863 899 1.0
864 865 1.0
864 900 1.0
864 901 1.0
865 901 1.0
865 902 1.0
866 867 1.0
866 903 1.0
866 904 1.0
867 868 1.0
867 904 1.0
868 869 1.0
868 905 1.0
869 870 1.0
869 905 1.0
869 906 1.0
870 871 1.0
870 906 1.0
870 907 1.0
871 907 1.0
871 908 1.0
872 873 1.0
872 909 1.0
872 910 1.0
873 874 1.0
873 910 1.0
874 875 1.0
874 911 1.0
875 876 1.0
875 911 1.0
875 912 1.0
876 877 1.0
876 912 1.0
876 913 1.0
877 913 1.0
877 914 1.0
878 879 1.0
878 915 1.0
878 916 1.0
879 880 1.0
879 916 1.0
880 881 1.0
880 917 1.0
881 882 1.0
881 917 1.0
881 918 1.0
882 883 1.0
882 918 1.0
882 919 1.0
883 919 1.0
883 920 1.0
884 885 1.0
884 921 1.0
884 922 1.0
885 886 1.0
885 922 1.0
886 887 1.0
886 923 1.0
887 888 1.0
887 923 1.0
887 924 1.0
888 889 1.0
888 924 1.0
888 925 1.0
889 925 1.0
889 926 1.0
890 891 1.0
890 927 1.0
890 928 1.0
891 892 1.0
891 928 1.0
892 893 1.0
892 929 1.0
893 894 1.0
893 929 1.0
893 930 1.0
894 895 1.0
894 930 1.0
894 931 1.0
895 931 1.0
895 932 1.0
896 897 1.0
896 933 1.0
896 934 1.0
897 898 1.0
897 934 1.0
898 899 1.0
898 935 1.0
899 864 1.0
899 935 1.0
899 900 1.0
900 901 1.0
900 936 1.0
901 902 1.0
901 937 1.0
902 903 1.0
902 937 1.0
902 938 1.0
903 904 1.0
903 938 1.0
903 939 1.0
904 939 1.0
904 940 1.0
905 906 1.0
905 941 1.0
905 942 1.0
906 907 1.0
906 942 1.0
907 908 1.0
907 943 1.0
908 909 1.0
908 943 1.0
908 944 1.0
909 910 1.0
909 944 1.0
909 945 1.0
910 945 1.0
910 946 1.0
911 912 1.0
911 947 1.0
911 948 1.0
912 913 1.0
912 948 1.0
913 914 1.0
913 949 1.0
914 915 1.0
914 949 1.0
914 950 1.0
915 916 1.0
915 950 1.0
915 951 1.0
916 951 1.0
916 952 1.0
917 918 1.0
917 953 1.0
917 954 1.0
918 919 1.0
918 954 1.0
919 920 1.0
919 955 1.0
920 921 1.0
920 955 1.0
920 956 1.0
921 922 1.0
921 956 1.0
921 957 1.0
922 957 1.0
922 958 1.0
923 924 1.0
923 959 1.0
923 960 1.0
924 925 1.0
924 960 1.0
925 926 1.0
925 961 1.0
926 927 1.0
926 961 1.0
926 962 1.0
927 928 1.0
927 962 1.0
927 963 1.0
928 963 1.0
928 964 1.0
929 930 1.0
929 965 1.0
929 966 1.0
930 931 1.0
930 966 1.0
931 932 1.0
931 967 1.0
932 933 1.0
932 967 1.0
932 968 1.0
933 934 1.0
933 968 1.0
933 969 1.0
934 969 1.0
934 970 1.0
935 900 1.0
935 971 1.0
935 936 1.0
936 972 1.0
936 973 1.0
937 938 1.0
937 974 1.0
937 975 1.0
938 939 1.0
938 975 1.0
939 940 1.0
939 976 1.0
940 941 1.0
940 976 1.0
940 977 1.0
941 942 1.0
941 977 1.0
941 978 1.0
942 978 1.0
942 979 1.0
943 944 1.0
943 980 1.0
943 981 1.0
944 945 1.0
944 981 1.0
945 946 1.0
945 982 1.0
946 947 1.0
946 982 1.0
946 983 1.0
947 948 1.0
947 983 1.0
947 984 1.0
948 984 1.0
948 985 1.0
949 950 1.0
949 986 1.0
949 987 1.0
950 951 1.0
950 987 1.0
951 952 1.0
951 988 1.0
952 953 1.0
952 988 1.0
952 989 1.0
953 954 1.0
953 989 1.0
953 990 1.0
954 990 1.0
954 991 1.0
955 956 1.0
955 992 1.0
955 993 1.0
956 957 1.0
956 993 1.0
957 958 1.0
957 994 1.0
958 959 1.0
958 994 1.0
958 995 1.0
959 960 1.0
959 995 1.0
959 996 1.0
960 996 1.0
960 997 1.0
961 962 1.0
961 998 1.0
961 999 1.0
962 963 1.0
962 999 1.0
963 964 1.0
963 1000 1.0
964 965 1.0
964 1000 1.0
964 1001 1.0
965 966 1.0
965 1001 1.0
965 1002 1.0
966 1002 1.0
966 1003 1.0
967 968 1.0
967 1004 1.0
967 1005 1.0
968 969 1.0
968 1005 1.0
969 970 1.0
969 1006 1.0
970 971 1.0
970 1006 1.0
970 1007 1.0
971 936 1.0
971 1007 1.0
971 972 1.0
972 973 1.0
972 1008 1.0
973 974 1.0
973 1008 1.0
973 1009 1.0
974 975 1.0
974 1009 1.0
974 1010 1.0
975 1010 1.0
975 1011 1.0
976 977 1.0
976 1012 1.0
976 1013 1.0
977 978 1.0
977 1013 1.0
978 979 1.0
978 1014 1.0
979 980 1.0
979 1014 1.0
979 1015 1.0
980 981 1.0
980 1015 1.0
980 1016 1.0
981 1016 1.0
981 1017 1.0
982 983 1.0
982 1018 1.0
982 1019 1.0
983 984 1.0
983 1019 1.0
984 985 1.0
984 1020 1.0
985 986 1.0
985 1020 1.0
985 1021 1.0
986 987 1.0
986 1021 1.0
986 1022 1.0
987 1022 1.0
987 1023 1.0
988 989 1.0
988 1024 1.0
988 1025 1.0
989 990 1.0
989 1025 1.0
990 991 1.0
990 1026 1.0
991 992 1.0
991 1026 1.0
991 1027 1.0
992 993 1.0
992 1027 1.0
992 1028 1.0
993 1028 1.0
993 1029 1.0
994 995 1.0
994 1030 1.0
994 1031 1.0
995 996 1.0
995 1031 1.0
996 997 1.0
996 1032 1.0
997 998 1.0
997 1032 1.0
997 1033 1.0
998 999 1.0
998 1033 1.0
998 1034 1.0
999 1034 1.0
999 1035 1.0
1000 1001 1.0
1000 1036 1.0
1000 1037 1.0
1001 1002 1.0
1001 1037 1.0
1002 1003 1.0
1002 1038 1.0
1003 1004 1.0
1003 1038 1.0
1003 1039 1.0
1004 1005 1.0
1004 1039 1.0
1004 1040 1.0
1005 1040 1.0
1005 1041 1.0
1006 1007 1.0
1006 1042 1.0
1006 1043 1.0
1007 972 1.0
1007 1043 1.0
1008 1009 1.0
1008 1045 1.0
1008 1046 1.0
1009 1010 1.0
1009 1046 1.0
1010 1011 1.0
1010 1047 1.0
1011 1012 1.0
1011 1047 1.0
1011 1048 1.0
1012 1013 1.0
1012 1048 1.0
1012 1049 1.0
1013 1049 1.0
1013 1050 1.0
1014 1015 1.0
1014 1051 1.0
1014 1052 1.0
1015 1016 1.0
1015 1052 1.0
1016 1017 1.0
1016 1053 1.0
1017 1018 1.0
1017 1053 1.0
1017 1054 1.0
1018 1019 1.0
1018 1054 1.0
1018 1055 1.0
1019 1055 1.0
1019 1056 1.0
1020 1021 1.0
1020 1057 1.0
1020 1058 1.0
1021 1022 1.0
1021 1058 1.0
1022 1023 1.0
1022 1059 1.0
1023 1024 1.0
1023 1059 1.0
1023 1060 1.0
1024 1025 1.0
1024 1060 1.0
1024 1061 1.0
1025 1061 1.0
1025 1062 1.0
1026 1027 1.0
1026 1063 1.0
1026 1064 1.0
1027 1028 1.0
1027 1064 1.0
1028 1029 1.0
1028 1065 1.0
1029 1030 1.0
1029 1065 1.0
1029 1066 1.0
1030 1031 1.0
1030 1066 1.0
1030 1067 1.0
1031 1067 1.0
1031 1068 1.0
1032 1033 1.0
1032 1069 1.0
1032 1070 1.0
1033 1034 1.0
1033 1070 1.0
1034 1035 1.0
1034 1071 1.0
1035 1036 1.0
1035 1071 1.0
1035 1072 1.0
1036 1037 1.0
1036 1072 1.0
1036 1073 1.0
1037 1073 1.0
1037 1074 1.0
1038 1039 1.0
1038 1075 1.0
1038 1076 1.0
1039 1040 1.0
1039 1076 1.0
1040 1041 1.0
1040 1077 1.0
1041 1042 1.0
1041 1077 1.0
1041 1078 1.0
1042 1043 1.0
1042 1078 1.0
1042 1079 1.0
1043 1079 1.0
1043 1044 1.0
1044 1045 1.0
1044 1080 1.0
1044 1081 1.0
1045 1046 1.0
1045 1081 1.0
1045 1082 1.0
1046 1082 1.0
1046 1083 1.0
1047 1048 1.0
1047 1084 1.0
1047 1085 1.0
1048 1049 1.0
1048 1085 1.0
1049 1050 1.0
1049 1086 1.0
1050 1051 1.0
1050 1086 1.0
1050 1087 1.0
1051 1052 1.0
1051 1087 1.0
1051 1088 1.0
1052 1088 1.0
1052 1089 1.0
1053 1054 1.0
1053 1090 1.0
1053 1091 1.0
1054 1055 1.0
1054 1091 1.0
1055 1056 1.0
1055 1092 1.0
1056 1057 1.0
1056 1092 1.0
1056 1093 1.0
1057 1058 1.0
1057 1093 1.0
1057 1094 1.0
1058 1094 1.0
1058 1095 1.0
1059 1060 1.0
1059 1096 1.0
1059 1097 1.0
1060 1061 1.0
1060 1097 1.0
1061 1062 1.0
1061 1098 1.0
1062 1063 1.0
1062 1098 1.0
1062 1099 1.0
1063 1064 1.0
1063 1099 1.0
1063 1100 1.0
1064 1100 1.0
1064 1101 1.0
1065 1066 1.0
1065 1102 1.0
1065 1103 1.0
1066 1067 1.0
1066 1103 1.0
1067 1068 1.0
1067 1104 1.0
1068 1069 1.0
1068 1104 1.0
1068 1105 1.0
1069 1070 1.0
1069 1105 1.0
1069 1106 1.0
1070 1106 1.0
1070 1107 1.0
1071 1072 1.0
1071 1108 1.0
1071 1109 1.0
1072 1073 1.0
1072 1109 1.0
1073 1074 1.0
1073 1110 1.0
1074 1075 1.0
1074 1110 1.0
1074 1111 1.0
1075 1076 1.0
1075 1111 1.0
1075 1112 1.0
1076 1112 1.0
1076 1113 1.0
1077 1078 1.0
1077 1114 1.0
1077 1115 1.0
1078 1079 1.0
1078 1115 1.0
1079 1044 1.0
1079 1080 1.0
1080 1081 1.0
1080 1116 1.0
1080 1117 1.0
1081 1082 1.0
1081 1117 1.0
1082 1083 1.0
1082 1118 1.0
1083 1084 1.0
1083 1118 1.0
1083 1119 1.0
1084 1085 1.0
1084 1119 1.0
1084 1120 1.0
1085 1120 1.0
1085 1121 1.0
1086 1087 1.0
1086 1122 1.0
1086 1123 1.0
1087 1088 1.0
1087 1123 1.0
1088 1089 1.0
1088 1124 1.0
1089 1090 1.0
1089 1124 1.0
1089 1125 1.0
1090 1091 1.0
1090 1125 1.0
1090 1126 1.0
1091 1126 1.0
1091 1127 1.0
1092 1093 1.0
1092 1128 1.0
1092 1129 1.0
1093 1094 1.0
1093 1129 1.0
1094 1095 1.0
1094 1130 1.0
1095 1096 1.0
1095 1130 1.0
1095 1131 1.0
1096 1097 1.0
1096 1131 1.0
1096 1132 1.0
1097 1132 1.0
1097 1133 1.0
1098 1099 1.0
1098 1134 1.0
1098 1135 1.0
1099 1100 1.0
1099 1135 1.0
1100 1101 1.0
1100 1136 1.0
1101 1102 1.0
1101 1136 1.0
1101 1137 1.0
1102 1103 1.0
1102 1137 1.0
1102 1138 1.0
1103 1138 1.0
1103 1139 1.0
1104 1105 1.0
1104 1140 1.0
1104 1141 1.0
1105 1106 1.0
1105 1141 1.0
1106 1107 1.0
1106 1142 1.0
1107 1108 1.0
1107 1142 1.0
1107 1143 1.0
1108 1109 1.0
1108 1143 1.0
1108 1144 1.0
1109 1144 1.0
1109 1145 1.0
1110 1111 1.0
1110 1146 1.0
1110 1147 1.0
1111 1112 1.0
1111 1147 1.0
1112 1113 1.0
1112 1148 1.0
1113 1114 1.0
1113 1148 1.0
1113 1149 1.0
1114 1115 1.0
1114 1149 1.0
1114 1150 1.0
1115 1150 1.0
1115 1151 1.0
1116 1117 1.0
1116 1152 1.0
1116 1153 1.0
1117 1153 1.0
1117 1154 1.0
1118 1119 1.0
1118 1155 1.0
1118 1156 1.0
1119 1120 1.0
1119 1156 1.0
1120 1121 1.0
1120 1157 1.0
1121 1122 1.0
1121 1157 1.0
1121 1158 1.0
1122 1123 1.0
1122 1158 1.0
1122 1159 1.0
1123 1159 1.0
1123 1160 1.0
1124 1125 1.0
1124 1161 1.0
1124 1162 1.0
1125 1126 1.0
1125 1162 1.0
1126 1127 1.0
1126 1163 1.0
1127 1128 1.0
1127 1163 1.0
1127 1164 1.0
1128 1129 1.0
1128 1164 1.0
1128 1165 1.0
1129 1165 1.0
1129 1166 1.0
1130 1131 1.0
1130 1167 1.0
1130 1168 1.0
1131 1132 1.0
1131 1168 1.0
1132 1133 1.0
1132 1169 1.0
1133 1134 1.0
1133 1169 1.0
1133 1170 1.0
1134 1135 1.0
1134 1170 1.0
1134 1171 1.0
1135 1171 1.0
1135 1172 1.0
1136 1137 1.0
1136 1173 1.0
1136 1174 1.0
1137 1138 1.0
1137 1174 1.0
1138 1139 1.0
1138 1175 1.0
1139 1140 1.0
1139 1175 1.0
1139 1176 1.0
1140 1141 1.0
1140 1176 1.0
1140 1177 1.0
1141 1177 1.0
1141 1178 1.0
1142 1143 1.0
1142 1179 1.0
1142 1180 1.0
1143 1144 1.0
1143 1180 1.0
1144 1145 1.0
1144 1181 1.0
1145 1146 1.0
1145 1181 1.0
1145 1182 1.0
1146 1147 1.0
1146 1182 1.0
1146 1183 1.0
1147 1183 1.0
1147 1184 1.0
1148 1149 1.0
1148 1185 1.0
1148 1186 1.0
1149 1150 1.0
1149 1186 1.0
1150 1151 1.0
1150 1187 1.0
1151 1116 1.0
1151 1187 1.0
1151 1152 1.0
1152 1153 1.0
1152 1188 1.0
1153 1154 1.0
1153 1189 1.0
1154 1155 1.0
1154 1189 1.0
1154 1190 1.0
1155 1156 1.0
1155 1190 1.0
1155 1191 1.0
1156 1191 1.0
1156 1192 1.0
1157 1158 1.0
1157 1193 1.0
1157 1194 1.0
1158 1159 1.0
1158 1194 1.0
1159 1160 1.0
1159 1195 1.0
1160 1161 1.0
1160 1195 1.0
1160 1196 1.0
1161 1162 1.0
1161 1196 1.0
1161 1197 1.0
1162 1197 1.0
1162 1198 1.0
1163 1164 1.0
1163 1199 1.0
1163 1200 1.0
1164 1165 1.0
1164 1200 1.0
1165 1166 1.0
1165 1201 1.0
1166 1167 1.0
1166 1201 1.0
1166 1202 1.0
1167 1168 1.0
1167 1202 1.0
1167 1203 1.0
1168 1203 1.0
1168 1204 1.0
1169 1170 1.0
1169 1205 1.0
1169 1206 1.0
1170 1171 1.0
1170 1206 1.0
1171 1172 1.0
1171 1207 1.0
1172 1173 1.0
1172 1207 1.0
1172 1208 1.0
1173 1174 1.0
1173 1208 1.0
1173 1209 1.0
1174 1209 1.0
1174 1210 1.0
1175 1176 1.0
1175 1211 1.0
1175 1212 1.0
1176 1177 1.0
1176 1212 1.0
1177 1178 1.0
1177 1213 1.0
1178 1179 1.0
1178 1213 1.0
1178 1214 1.0
1179 1180 1.0
1179 1214 1.0
1179 1215 1.0
1180 1215 1.0
1180 1216 1.0
1181 1182 1.0
1181 1217 1.0
1181 1218 1.0
1182 1183 1.0
1182 1218 1.0
1183 1184 1.0
1183 1219 1.0
1184 1185 1.0
1184 1219 1.0
1184 1220 1.0
1185 1186 1.0
1185 1220 1.0
1185 1221 1.0
1186 1221 1.0
1186 1222 1.0
1187 1152 1.0
1187 1223 1.0
1187 1188 1.0
1188 1224 1.0
1188 1225 1.0
1189 1190 1.0
1189 1226 1.0
1189 1227 1.0
1190 1191 1.0
1190 1227 1.0
1191 1192 1.0
1191 1228 1.0
1192 1193 1.0
1192 1228 1.0
1192 1229 1.0
1193 1194 1.0
1193 1229 1.0
1193 1230 1.0
1194 1230 1.0
1194 1231 1.0
1195 1196 1.0
1195 1232 1.0
1195 1233 1.0
1196 1197 1.0
1196 1233 1.0
1197 1198 1.0
1197 1234 1.0
1198 1199 1.0
1198 1234 1.0
1198 1235 1.0
1199 1200 1.0
1199 1235 1.0
1199 1236 1.0
1200 1236 1.0
1200 1237 1.0
1201 1202 1.0
1201 1238 1.0
1201 1239 1.0
1202 1203 1.0
1202 1239 1.0
1203 1204 1.0
1203 1240 1.0
1204 1205 1.0
1204 1240 1.0
1204 1241 1.0
1205 1206 1.0
1205 1241 1.0
1205 1242 1.0
1206 1242 1.0
1206 1243 1.0
1207 1208 1.0
1207 1244 1.0
1207 1245 1.0
1208 1209 1.0
1208 1245 1.0
1209 1210 1.0
1209 1246 1.0
1210 1211 1.0
1210 1246 1.0
1210 1247 1.0
1211 1212 1.0
1211 1247 1.0
1211 1248 1.0
1212 1248 1.0
1212 1249 1.0
1213 1214 1.0
1213 1250 1.0
1213 1251 1.0
1214 1215 1.0
1214 1251 1.0
1215 1216 1.0
1215 1252 1.0
1216 1217 1.0
1216 1252 1.0
1216 1253 1.0
1217 1218 1.0
1217 1253 1.0
1217 1254 1.0
1218 1254 1.0
1218 1255 1.0
1219 1220 1.0
1219 1256 1.0
1219 1257 1.0
1220 1221 1.0
1220 1257 1.0
1221 1222 1.0
1221 1258 1.0
1222 1223 1.0
1222 1258 1.0
1222 1259 1.0
1223 1188 1.0
1223 1259 1.0
1223 1224 1.0
1224 1225 1.0
1224 1260 1.0
1225 1226 1.0
1225 1260 1.0
1225 1261 1.0
1226 1227 1.0
1226 1261 1.0
1226 1262 1.0
1227 1262 1.0
1227 1263 1.0
1228 1229 1.0
1228 1264 1.0
1228 1265 1.0
1229 1230 1.0
1229 1265 1.0
1230 1231 1.0
1230 1266 1.0
1231 1232 1.0
1231 1266 1.0
1231 1267 1.0
1232 1233 1.0
1232 1267 1.0
1232 1268 1.0
1233 1268 1.0
1233 1269 1.0
1234 1235 1.0
1234 1270 1.0
1234 1271 1.0
1235 1236 1.0
1235 1271 1.0
1236 1237 1.0
1236 1272 1.0
1237 1238 1.0
1237 1272 1.0
1237 1273 1.0
1238 1239 1.0
1238 1273 1.0
1238 1274 1.0
1239 1274 1.0
1239 1275 1.0
1240 1241 1.0
1240 1276 1.0
1240 1277 1.0
1241 1242 1.0
1241 1277 1.0
1242 1243 1.0
1242 1278 1.0
1243 1244 1.0
1243 1278 1.0
1243 1279 1.0
1244 1245 1.0
1244 1279 1.0
1244 1280 1.0
1245 1280 1.0
1245 1281 1.0
1246 1247 1.0
1246 1282 1.0
1246 1283 1.0
1247 1248 1.0
1247 1283 1.0
1248 1249 1.0
1248 1284 1.0
1249 1250 1.0
1249 1284 1.0
1249 1285 1.0
1250 1251 1.0
1250 1285 1.0
1250 1286 1.0
1251 1286 1.0
1251 1287 1.0
1252 1253 1.0
1252 1288 1.0
1252 1289 1.0
1253 1254 1.0
1253 1289 1.0
1254 1255 1.0
1254 1290 1.0
1255 1256 1.0
1255 1290 1.0
1255 1291 1.0
1256 1257 1.0
1256 1291 1.0
1256 1292 1.0
1257 1292 1.0
1257 1293 1.0
1258 1259 1.0
1258 1294 1.0
1258 1295 1.0
1259 1224 1.0
1259 1295 1.0
1260 1261 1.0
1260 1297 1.0
1260 1298 1.0
1261 1262 1.0
1261 1298 1.0
1262 1263 1.0
1262 1299 1.0
1263 1264 1.0
1263 1299 1.0
1263 1300 1.0
1264 1265 1.0
1264 1300 1.0
1264 1301 1.0
1265 1301 1.0
1265 1302 1.0
1266 1267 1.0
1266 1303 1.0
1266 1304 1.0
1267 1268 1.0
1267 1304 1.0
1268 1269 1.0
1268 1305 1.0
1269 1270 1.0
1269 1305 1.0
1269 1306 1.0
1270 1271 1.0
1270 1306 1.0
1270 1307 1.0
1271 1307 1.0
1271 1308 1.0
1272 1273 1.0
1272 1309 1.0
1272 1310 1.0
1273 1274 1.0
1273 1310 1.0
1274 1275 1.0
1274 1311 1.0
1275 1276 1.0
1275 1311 1.0
1275 1312 1.0
1276 1277 1.0
1276 1312 1.0
1276 1313 1.0
1277 1313 1.0
1277 1314 1.0
1278 1279 1.0
1278 1315 1.0
1278 1316 1.0
1279 1280 1.0
1279 1316 1.0
1280 1281 1.0
1280 1317 1.0
1281 1282 1.0
1281 1317 1.0
1281 1318 1.0
1282 1283 1.0
1282 1318 1.0
1282 1319 1.0
1283 1319 1.0
1283 1320 1.0
1284 1285 1.0
1284 1321 1.0
1284 1322 1.0
1285 1286 1.0
1285 1322 1.0
1286 1287 1.0
1286 1323 1.0
1287 1288 1.0
1287 1323 1.0
1287 1324 1.0
1288 1289 1.0
1288 1324 1.0
1288 1325 1.0
1289 1325 1.0
1289 1326 1.0
1290 1291 1.0
1290 1327 1.0
1290 1328 1.0
1291 1292 1.0
1291 1328 1.0
1292 1293 1.0
1292 1329 1.0
1293 1294 1.0
1293 1329 1.0
1293 1330 1.0
1294 1295 1.0
1294 1330 1.0
1294 1331 1.0
1295 1331 1.0
1295 1296 1.0
1296 1297 1.0
1296 1332 1.0
1296 1333 1.0
1297 1298 1.0
1297 1333 1.0
1297 1334 1.0
1298 1334 1.0
1298 1335 1.0
1299 1300 1.0
1299 1336 1.0
1299 1337 1.0
1300 1301 1.0
1300 1337 1.0
1301 1302 1.0
1301 1338 1.0
1302 1303 1.0
1302 1338 1.0
1302 1339 1.0
1303 1304 1.0
1303 1339 1.0
1303 1340 1.0
1304 1340 1.0
1304 1341 1.0
1305 1306 1.0
1305 1342 1.0
1305 1343 1.0
1306 1307 1.0
1306 1343 1.0
1307 1308 1.0
1307 1344 1.0
1308 1309 1.0
1308 1344 1.0
1308 1345 1.0
1309 1310 1.0
1309 1345 1.0
1309 1346 1.0
1310 1346 1.0
1310 1347 1.0
1311 1312 1.0
1311 1348 1.0
1311 1349 1.0
1312 1313 1.0
1312 1349 1.0
1313 1314 1.0
1313 1350 1.0
1314 1315 1.0
1314 1350 1.0
1314 1351 1.0
1315 1316 1.0
1315 1351 1.0
1315 1352 1.0
1316 1352 1.0
1316 1353 1.0
1317 1318 1.0
1317 1354 1.0
1317 1355 1.0
1318 1319 1.0
1318 1355 1.0
1319 1320 1.0
1319 1356 1.0
1320 1321 1.0
1320 1356 1.0
1320 1357 1.0
1321 1322 1.0
1321 1357 1.0
1321 1358 1.0
1322 1358 1.0
1322 1359 1.0
1323 1324 1.0
1323 1360 1.0
1323 1361 1.0
1324 1325 1.0
1324 1361 1.0
1325 1326 1.0
1325 1362 1.0
1326 1327 1.0
1326 1362 1.0
1326 1363 1.0
1327 1328 1.0
1327 1363 1.0
1327 1364 1.0
1328 1364 1.0
1328 1365 1.0
1329 1330 1.0
1329 1366 1.0
1329 1367 1.0
1330 1331 1.0
1330 1367 1.0
1331 1296 1.0
1331 1332 1.0
1332 1333 1.0
1332 1368 1.0
1332 1369 1.0
1333 1334 1.0
1333 1369 1.0
1334 1335 1.0
1334 1370 1.0
1335 1336 1.0
1335 1370 1.0
1335 1371 1.0
1336 1337 1.0
1336 1371 1.0
1336 1372 1.0
1337 1372 1.0
1337 1373 1.0
1338 1339 1.0
1338 1374 1.0
1338 1375 1.0
1339 1340 1.0
1339 1375 1.0
1340 1341 1.0
1340 1376 1.0
1341 1342 1.0
1341 1376 1.0
1341 1377 1.0
1342 1343 1.0
1342 1377 1.0
1342 1378 1.0
1343 1378 1.0
1343 1379 1.0
1344 1345 1.0
1344 1380 1.0
1344 1381 1.0
1345 1346 1.0
1345 1381 1.0
1346 1347 1.0
1346 1382 1.0
1347 1348 1.0
1347 1382 1.0
1347 1383 1.0
1348 1349 1.0
1348 1383 1.0
1348 1384 1.0
1349 1384 1.0
1349 1385 1.0
1350 1351 1.0
1350 1386 1.0
1350 1387 1.0
1351 1352 1.0
1351 1387 1.0
1352 1353 1.0
1352 1388 1.0
1353 1354 1.0
1353 1388 1.0
1353 1389 1.0
1354 1355 1.0
1354 1389 1.0
1354 1390 1.0
1355 1390 1.0
1355 1391 1.0
1356 1357 1.0
1356 1392 1.0
1356 1393 1.0
1357 1358 1.0
1357 1393 1.0
1358 1359 1.0
1358 1394 1.0
1359 1360 1.0
1359 1394 1.0
1359 1395 1.0
1360 1361 1.0
1360 1395 1.0
1360 1396 1.0
1361 1396 1.0
1361 1397 1.0
1362 1363 1.0
1362 1398 1.0
1362 1399 1.0
1363 1364 1.0
1363 1399 1.0
1364 1365 1.0
1364 1400 1.0
1365 1366 1.0
1365 1400 1.0
1365 1401 1.0
1366 1367 1.0
1366 1401 1.0
1366 1402 1.0
1367 1402 1.0
1367 1403 1.0
1368 1369 1.0
1368 1404 1.0
1368 1405 1.0
1369 1405 1.0
1369 1406 1.0
1370 1371 1.0
1370 1407 1.0
1370 1408 1.0
1371 1372 1.0
1371 1408 1.0
1372 1373 1.0
1372 1409 1.0
1373 1374 1.0
1373 1409 1.0
1373 1410 1.0
1374 1375 1.0
1374 1410 1.0
1374 1411 1.0
1375 1411 1.0
1375 1412 1.0
1376 1377 1.0
1376 1413 1.0
1376 1414 1.0
1377 1378 1.0
1377 1414 1.0
1378 1379 1.0
1378 1415 1.0
1379 1380 1.0
1379 1415 1.0
1379 1416 1.0
1380 1381 1.0
1380 1416 1.0
1380 1417 1.0
1381 1417 1.0
1381 1418 1.0
1382 1383 1.0
1382 1419 1.0
1382 1420 1.0
1383 1384 1.0
1383 1420 1.0
1384 1385 1.0
1384 1421 1.0
1385 1386 1.0
1385 1421 1.0
1385 1422 1.0
1386 1387 1.0
1386 1422 1.0
1386 1423 1.0
1387 1423 1.0
1387 1424 1.0
1388 1389 1.0
1388 1425 1.0
1388 1426 1.0
1389 1390 1.0
1389 1426 1.0
1390 1391 1.0
1390 1427 1.0
1391 1392 1.0
1391 1427 1.0
1391 1428 1.0
1392 1393 1.0
1392 1428 1.0
1392 1429 1.0
1393 1429 1.0
1393 1430 1.0
1394 1395 1.0
1394 1431 1.0
1394 1432 1.0
1395 1396 1.0
1395 1432 1.0
1396 1397 1.0
1396 1433 1.0
1397 1398 1.0
1397 1433 1.0
1397 1434 1.0
1398 1399 1.0
1398 1434 1.0
1398 1435 1.0
1399 1435 1.0
1399 1436 1.0
1400 1401 1.0
1400 1437 1.0
1400 1438 1.0
1401 1402 1.0
1401 1438 1.0
1402 1403 1.0
1402 1439 1.0
1403 1368 1.0
1403 1439 1.0
1403 1404 1.0
1404 1405 1.0
1404 1440 1.0
1405 1406 1.0
1405 1441 1.0
1406 1407 1.0
1406 1441 1.0
1406 1442 1.0
1407 1408 1.0
1407 1442 1.0
1407 1443 1.0
1408 1443 1.0
1408 1444 1.0
1409 1410 1.0
1409 1445 1.0
1409 1446 1.0
1410 1411 1.0
1410 1446 1.0
1411 1412 1.0
1411 1447 1.0
1412 1413 1.0
1412 1447 1.0
1412 1448 1.0
1413 1414 1.0
1413 1448 1.0
1413 1449 1.0
1414 1449 1.0
1414 1450 1.0
1415 1416 1.0
1415 1451 1.0
1415 1452 1.0
1416 1417 1.0
1416 1452 1.0
1417 1418 1.0
1417 1453 1.0
1418 1419 1.0
1418 1453 1.0
1418 1454 1.0
1419 1420 1.0
1419 1454 1.0
1419 1455 1.0
1420 1455 1.0
1420 1456 1.0
1421 1422 1.0
1421 1457 1.0
1421 1458 1.0
1422 1423 1.0
1422 1458 1.0
1423 1424 1.0
1423 1459 1.0
1424 1425 1.0
1424 1459 1.0
1424 1460 1.0
1425 1426 1.0
1425 1460 1.0
1425 1461 1.0
1426 1461 1.0
1426 1462 1.0
1427 1428 1.0
1427 1463 1.0
1427 1464 1.0
1428 1429 1.0
1428 1464 1.0
1429 1430 1.0
1429 1465 1.0
1430 1431 1.0
1430 1465 1.0
1430 1466 1.0
1431 1432 1.0
1431 1466 1.0
1431 1467 1.0
1432 1467 1.0
1432 1468 1.0
1433 1434 1.0
1433 1469 1.0
1433 1470 1.0
1434 1435 1.0
1434 1470 1.0
1435 1436 1.0
1435 1471 1.0
1436 1437 1.0
1436 1471 1.0
1436 1472 1.0
1437 1438 1.0
1437 1472 1.0
1437 1473 1.0
1438 1473 1.0
1438 1474 1.0
1439 1404 1.0
1439 1475 1.0
1439 1440 1.0
1440 1476 1.0
1440 1477 1.0
1441 1442 1.0
1441 1478 1.0
1441 1479 1.0
1442 1443 1.0
1442 1479 1.0
1443 1444 1.0
1443 1480 1.0
1444 1445 1.0
1444 1480 1.0
1444 1481 1.0
1445 1446 1.0
1445 1481 1.0
1445 1482 1.0
1446 1482 1.0
1446 1483 1.0
1447 1448 1.0
1447 1484 1.0
1447 1485 1.0
1448 1449 1.0
1448 1485 1.0
1449 1450 1.0
1449 1486 1.0
1450 1451 1.0
1450 1486 1.0
1450 1487 1.0
1451 1452 1.0
1451 1487 1.0
1451 1488 1.0
1452 1488 1.0
1452 1489 1.0
1453 1454 1.0
1453 1490 1.0
1453 1491 1.0
1454 1455 1.0
1454 1491 1.0
1455 1456 1.0
1455 1492 1.0
1456 1457 1.0
1456 1492 1.0
1456 1493 1.0
1457 1458 1.0
1457 1493 1.0
1457 1494 1.0
1458 1494 1.0
1458 1495 1.0
1459 1460 1.0
1459 1496 1.0
1459 1497 1.0
1460 1461 1.0
1460 1497 1.0
1461 1462 1.0
1461 1498 1.0
1462 1463 1.0
1462 1498 1.0
1462 1499 1.0
1463 1464 1.0
1463 1499 1.0
1463 1500 1.0
1464 1500 1.0
1464 1501 1.0
1465 1466 1.0
1465 1502 1.0
1465 1503 1.0
1466 1467 1.0
1466 1503 1.0
1467 1468 1.0
1467 1504 1.0
1468 1469 1.0
1468 1504 1.0
1468 1505 1.0
1469 1470 1.0
1469 1505 1.0
1469 1506 1.0
1470 1506 1.0
1470 1507 1.0
1471 1472 1.0
1471 1508 1.0
1471 1509 1.0
1472 1473 1.0
1472 1509 1.0
1473 1474 1.0
1473 1510 1.0
1474 1475 1.0
1474 1510 1.0
1474 1511 1.0
1475 1440 1.0
1475 1511 1.0
1475 1476 1.0
1476 1477 1.0
1476 0 1.0
1477 1478 1.0
1477 0 1.0
1477 1 1.0
1478 1479 1.0
1478 1 1.0
1478 2 1.0
1479 2 1.0
1479 3 1.0
1480 1481 1.0
1480 4 1.0
1480 5 1.0
1481 1482 1.0
1481 5 1.0
1482 1483 1.0
1482 6 1.0
1483 1484 1.0
1483 6 1.0
1483 7 1.0
1484 1485 1.0
1484 7 1.0
1484 8 1.0
1485 8 1.0
1485 9 1.0
1486 1487 1.0
1486 10 1.0
1486 11 1.0
1487 1488 1.0
1487 11 1.0
1488 1489 1.0
1488 12 1.0
1489 1490 1.0
1489 12 1.0
1489 13 1.0
1490 1491 1.0
1490 13 1.0
1490 14 1.0
1491 14 1.0
1491 15 1.0
1492 1493 1.0
1492 16 1.0
1492 17 1.0
1493 1494 1.0
1493 17 1.0
1494 1495 1.0
1494 18 1.0
1495 1496 1.0
1495 18 1.0
1495 19 1.0
1496 1497 1.0
1496 19 1.0
1496 20 1.0
1497 20 1.0
1497 21 1.0
1498 1499 1.0
1498 22 1.0
1498 23 1.0
1499 1500 1.0
1499 23 1.0
1500 1501 1.0
1500 24 1.0
1501 1502 1.0
1501 24 1.0
1501 25 1.0
1502 1503 1.0
1502 25 1.0
1502 26 1.0
1503 26 1.0
1503 27 1.0
1504 1505 1.0
1504 28 1.0
1504 29 1.0
1505 1506 1.0
1505 29 1.0
1506 1507 1.0
1506 30 1.0
1507 1508 1.0
1507 30 1.0
1507 31 1.0
1508 1509 1.0
1508 31 1.0
1508 32 1.0
1509 32 1.0
1509 33 1.0
1510 1511 1.0
1510 34 1.0
1510 35 1.0
1511 1476 1.0
1511 35 1.0
