# Model: L 21 W 21 Maple Leaf Graph
0 1 1.0
0 19 1.0
0 20 1.0
1 2 1.0
1 20 1.0
2 3 1.0
2 21 1.0
3 4 1.0
3 21 1.0
3 22 1.0
4 5 1.0
4 22 1.0
4 23 1.0
5 23 1.0
5 24 1.0
6 7 1.0
6 25 1.0
6 26 1.0
7 8 1.0
7 26 1.0
8 9 1.0
8 27 1.0
9 10 1.0
9 27 1.0
9 28 1.0
10 11 1.0
10 28 1.0
10 29 1.0
11 29 1.0
11 30 1.0
12 13 1.0
12 31 1.0
12 32 1.0
13 14 1.0
13 32 1.0
14 15 1.0
14 33 1.0
15 16 1.0
15 33 1.0
15 34 1.0
16 17 1.0
16 34 1.0
16 35 1.0
17 35 1.0
17 18 1.0
18 19 1.0
18 36 1.0
18 37 1.0
19 20 1.0
19 37 1.0
19 38 1.0
20 38 1.0
20 39 1.0
21 22 1.0
21 40 1.0
21 41 1.0
22 23 1.0
22 41 1.0
23 24 1.0
23 42 1.0
24 25 1.0
24 42 1.0
24 43 1.0
25 26 1.0
25 43 1.0
25 44 1.0
26 44 1.0
26 45 1.0
27 28 1.0
27 46 1.0
27 47 1.0
28 29 1.0
28 47 1.0
29 30 1.0
29 48 1.0
30 31 1.0
30 48 1.0
30 49 1.0
31 32 1.0
31 49 1.0
31 50 1.0
32 50 1.0
32 51 1.0
33 34 1.0
33 52 1.0
33 53 1.0
34 35 1.0
34 53 1.0
35 18 1.0
35 36 1.0
36 37 1.0
36 54 1.0
36 55 1.0
37 38 1.0
37 55 1.0
38 39 1.0
38 56 1.0
39 40 1.0
39 56 1.0
39 57 1.0
40 41 1.0
40 57 1.0
40 58 1.0
41 58 1.0
41 59 1.0
42 43 1.0
42 60 1.0
42 61 1.0
43 44 1.0
43 61 1.0
44 45 1.0
44 62 1.0
45 46 1.0
45 62 1.0
45 63 1.0
46 47 1.0
46 63 1.0
46 64 1.0
47 64 1.0
47 65 1.0
48 49 1.0
48 66 1.0
48 67 1.0
49 50 1.0
49 67 1.0
50 51 1.0
50 68 1.0
51 52 1.0
51 68 1.0
51 69 1.0
52 53 1.0
52 69 1.0
52 70 1.0
53 70 1.0
53 71 1.0
54 55 1.0
54 72 1.0
54 73 1.0
55 73 1.0
55 74 1.0
56 57 1.0
56 75 1.0
56 76 1.0
57 58 1.0
57 76 1.0
58 59 1.0
58 77 1.0
59 60 1.0
59 77 1.0
59 78 1.0
60 61 1.0
60 78 1.0
60 79 1.0
61 79 1.0
61 80 1.0
62 63 1.0
62 81 1.0
62 82 1.0
63 64 1.0
63 82 1.0
64 65 1.0
64 83 1.0
65 66 1.0
65 83 1.0
65 84 1.0
66 67 1.0
66 84 1.0
66 85 1.0
67 85 1.0
67 86 1.0
68 69 1.0
68 87 1.0
68 88 1.0
69 70 1.0
69 88 1.0
70 71 1.0
70 89 1.0
71 54 1.0
71 89 1.0
71 72 1.0
72 73 1.0
72 90 1.0
73 74 1.0
73 91 1.0
74 75 1.0
74 91 1.0
74 92 1.0
75 76 1.0
75 92 1.0
75 93 1.0
76 93 1.0
76 94 1.0
77 78 1.0
77 95 1.0
77 96 1.0
78 79 1.0
78 96 1.0
79 80 1.0
79 97 1.0
80 81 1.0
80 97 1.0
80 98 1.0
81 82 1.0
81 98 1.0
81 99 1.0
82 99 1.0
82 100 1.0
83 84 1.0
83 101 1.0
83 102 1.0
84 85 1.0
84 102 1.0
85 86 1.0
85 103 1.0
86 87 1.0
86 103 1.0
86 104 1.0
87 88 1.0
87 104 1.0
87 105 1.0
88 105 1.0
88 106 1.0
89 72 1.0
89 107 1.0
89 90 1.0
90 108 1.0
90 109 1.0
91 92 1.0
91 110 1.0
91 111 1.0
92 93 1.0
92 111 1.0
93 94 1.0
93 112 1.0
94 95 1.0
94 112 1.0
94 113 1.0
95 96 1.0
95 113 1.0
95 114 1.0
96 114 1.0
96 115 1.0
97 98 1.0
97 116 1.0
97 117 1.0
98 99 1.0
98 117 1.0
99 100 1.0
99 118 1.0
100 101 1.0
100 118 1.0
100 119 1.0
101 102 1.0
101 119 1.0
101 120 1.0
102 120 1.0
102 121 1.0
103 104 1.0
103 122 1.0
103 123 1.0
104 105 1.0
104 123 1.0
105 106 1.0
105 124 1.0
106 107 1.0
106 124 1.0
106 125 1.0
107 90 1.0
107 125 1.0
107 108 1.0
108 109 1.0
108 126 1.0
109 110 1.0
109 126 1.0
109 127 1.0
110 111 1.0
110 127 1.0
110 128 1.0
111 128 1.0
111 129 1.0
112 113 1.0
112 130 1.0
112 131 1.0
113 114 1.0
113 131 1.0
114 115 1.0
114 132 1.0
115 116 1.0
115 132 1.0
115 133 1.0
116 117 1.0
116 133 1.0
116 134 1.0
117 134 1.0
117 135 1.0
118 119 1.0
118 136 1.0
118 137 1.0
119 120 1.0
119 137 1.0
120 121 1.0
120 138 1.0
121 122 1.0
121 138 1.0
121 139 1.0
122 123 1.0
122 139 1.0
122 140 1.0
123 140 1.0
123 141 1.0
124 125 1.0
124 142 1.0
124 143 1.0
125 108 1.0
125 143 1.0
126 127 1.0
126 145 1.0
126 146 1.0
127 128 1.0
127 146 1.0
128 129 1.0
128 147 1.0
129 130 1.0
129 147 1.0
129 148 1.0
130 131 1.0
130 148 1.0
130 149 1.0
131 149 1.0
131 150 1.0
132 133 1.0
132 151 1.0
132 152 1.0
133 134 1.0
133 152 1.0
134 135 1.0
134 153 1.0
135 136 1.0
135 153 1.0
135 154 1.0
136 137 1.0
136 154 1.0
136 155 1.0
137 155 1.0
137 156 1.0
138 139 1.0
138 157 1.0
138 158 1.0
139 140 1.0
139 158 1.0
140 141 1.0
140 159 1.0
141 142 1.0
141 159 1.0
141 160 1.0
142 143 1.0
142 160 1.0
142 161 1.0
143 161 1.0
143 144 1.0
144 145 1.0
144 162 1.0
144 163 1.0
145 146 1.0
145 163 1.0
145 164 1.0
146 164 1.0
146 165 1.0
147 148 1.0
147 166 1.0
147 167 1.0
148 149 1.0
148 167 1.0
149 150 1.0
149 168 1.0
150 151 1.0
150 168 1.0
150 169 1.0
151 152 1.0
151 169 1.0
151 170 1.0
152 170 1.0
152 171 1.0
153 154 1.0
153 172 1.0
153 173 1.0
154 155 1.0
154 173 1.0
155 156 1.0
155 174 1.0
156 157 1.0
156 174 1.0
156 175 1.0
157 158 1.0
157 175 1.0
157 176 1.0
158 176 1.0
158 177 1.0
159 160 1.0
159 178 1.0
159 179 1.0
160 161 1.0
160 179 1.0
161 144 1.0
161 162 1.0
162 163 1.0
162 180 1.0
162 181 1.0
163 164 1.0
163 181 1.0
164 165 1.0
164 182 1.0
165 166 1.0
165 182 1.0
165 183 1.0
166 167 1.0
166 183 1.0
166 184 1.0
167 184 1.0
167 185 1.0
168 169 1.0
168 186 1.0
168 187 1.0
169 170 1.0
169 187 1.0
170 171 1.0
170 188 1.0
171 172 1.0
171 188 1.0
171 189 1.0
172 173 1.0
172 189 1.0
172 190 1.0
173 190 1.0
173 191 1.0
174 175 1.0
174 192 1.0
174 193 1.0
175 176 1.0
175 193 1.0
176 177 1.0
176 194 1.0
177 178 1.0
177 194 1.0
177 195 1.0
178 179 1.0
178 195 1.0
178 196 1.0
179 196 1.0
179 197 1.0
180 181 1.0
180 198 1.0
180 199 1.0
181 199 1.0
181 200 1.0
182 183 1.0
182 201 1.0
182 202 1.0
183 184 1.0
183 202 1.0
184 185 1.0
184 203 1.0
185 186 1.0
185 203 1.0
185 204 1.0
186 187 1.0
186 204 1.0
186 205 1.0
187 205 1.0
187 206 1.0
188 189 1.0
188 207 1.0
188 208 1.0
189 190 1.0
189 208 1.0
190 191 1.0
190 209 1.0
191 192 1.0
191 209 1.0
191 210 1.0
192 193 1.0
192 210 1.0
192 211 1.0
193 211 1.0
193 212 1.0
194 195 1.0
194 213 1.0
194 214 1.0
195 196 1.0
195 214 1.0
196 197 1.0
196 215 1.0
197 180 1.0
197 215 1.0
197 198 1.0
198 199 1.0
198 216 1.0
199 200 1.0
199 217 1.0
200 201 1.0
200 217 1.0
200 218 1.0
201 202 1.0
201 218 1.0
201 219 1.0
202 219 1.0
202 220 1.0
203 204 1.0
203 221 1.0
203 222 1.0
204 205 1.0
204 222 1.0
205 206 1.0
205 223 1.0
206 207 1.0
206 223 1.0
206 224 1.0
207 208 1.0
207 224 1.0
207 225 1.0
208 225 1.0
208 226 1.0
209 210 1.0
209 227 1.0
209 228 1.0
210 211 1.0
210 228 1.0
211 212 1.0
211 229 1.0
212 213 1.0
212 229 1.0
212 230 1.0
213 214 1.0
213 230 1.0
213 231 1.0
214 231 1.0
214 232 1.0
215 198 1.0
215 233 1.0
215 216 1.0
216 234 1.0
216 235 1.0
217 218 1.0
217 236 1.0
217 237 1.0
218 219 1.0
218 237 1.0
219 220 1.0
219 238 1.0
220 221 1.0
220 238 1.0
220 239 1.0
221 222 1.0
221 239 1.0
221 240 1.0
222 240 1.0
222 241 1.0
223 224 1.0
223 242 1.0
223 243 1.0
224 225 1.0
224 243 1.0
225 226 1.0
225 244 1.0
226 227 1.0
226 244 1.0
226 245 1.0
227 228 1.0
227 245 1.0
227 246 1.0
228 246 1.0
228 247 1.0
229 230 1.0
229 248 1.0
229 249 1.0
230 231 1.0
230 249 1.0
231 232 1.0
231 250 1.0
232 233 1.0
232 250 1.0
232 251 1.0
233 216 1.0
233 251 1.0
233 234 1.0
234 235 1.0
234 252 1.0
235 236 1.0
235 252 1.0
235 253 1.0
236 237 1.0
236 253 1.0
236 254 1.0
237 254 1.0
237 255 1.0
238 239 1.0
238 256 1.0
238 257 1.0
239 240 1.0
239 257 1.0
240 241 1.0
240 258 1.0
241 242 1.0
241 258 1.0
241 259 1.0
242 243 1.0
242 259 1.0
242 260 1.0
243 260 1.0
243 261 1.0
244 245 1.0
244 262 1.0
244 263 1.0
245 246 1.0
245 263 1.0
246 247 1.0
246 264 1.0
247 248 1.0
247 264 1.0
247 265 1.0
248 249 1.0
248 265 1.0
248 266 1.0
249 266 1.0
249 267 1.0
250 251 1.0
250 268 1.0
250 269 1.0
251 234 1.0
251 269 1.0
252 253 1.0
252 271 1.0
252 272 1.0
253 254 1.0
253 272 1.0
254 255 1.0
254 273 1.0
255 256 1.0
255 273 1.0
255 274 1.0
256 257 1.0
256 274 1.0
256 275 1.0
257 275 1.0
257 276 1.0
258 259 1.0
258 277 1.0
258 278 1.0
259 260 1.0
259 278 1.0
260 261 1.0
260 279 1.0
261 262 1.0
261 279 1.0
261 280 1.0
262 263 1.0
262 280 1.0
262 281 1.0
263 281 1.0
263 282 1.0
264 265 1.0
264 283 1.0
264 284 1.0
265 266 1.0
265 284 1.0
266 267 1.0
266 285 1.0
267 268 1.0
267 285 1.0
267 286 1.0
268 269 1.0
268 286 1.0
268 287 1.0
269 287 1.0
269 270 1.0
270 271 1.0
270 288 1.0
270 289 1.0
271 272 1.0
271 289 1.0
271 290 1.0
272 290 1.0
272 291 1.0
273 274 1.0
273 292 1.0
273 293 1.0
274 275 1.0
274 293 1.0
275 276 1.0
275 294 1.0
276 277 1.0
276 294 1.0
276 295 1.0
277 278 1.0
277 295 1.0
277 296 1.0
278 296 1.0
278 297 1.0
279 280 1.0
279 298 1.0
279 299 1.0
280 281 1.0
280 299 1.0
281 282 1.0
281 300 1.0
282 283 1.0
282 300 1.0
282 301 1.0
283 284 1.0
283 301 1.0
283 302 1.0
284 302 1.0
284 303 1.0
285 286 1.0
285 304 1.0
285 305 1.0
286 287 1.0
286 305 1.0
287 270 1.0
287 288 1.0
288 289 1.0
288 306 1.0
288 307 1.0
289 290 1.0
289 307 1.0
290 291 1.0
290 308 1.0
291 292 1.0
291 308 1.0
291 309 1.0
292 293 1.0
292 309 1.0
292 310 1.0
293 310 1.0
293 311 1.0
294 295 1.0
294 312 1.0
294 313 1.0
295 296 1.0
295 313 1.0
296 297 1.0
296 314 1.0
297 298 1.0
297 314 1.0
297 315 1.0
298 299 1.0
298 315 1.0
298 316 1.0
299 316 1.0
299 317 1.0
300 301 1.0
300 318 1.0
300 319 1.0
301 302 1.0
301 319 1.0
302 303 1.0
302 320 1.0
303 304 1.0
303 320 1.0
303 321 1.0
304 305 1.0
304 321 1.0
304 322 1.0
305 322 1.0
305 323 1.0
306 307 1.0
306 324 1.0
306 325 1.0
307 325 1.0
307 326 1.0
308 309 1.0
308 327 1.0
308 328 1.0
309 310 1.0
309 328 1.0
310 311 1.0
310 329 1.0
311 312 1.0
311 329 1.0
311 330 1.0
312 313 1.0
312 330 1.0
312 331 1.0
313 331 1.0
313 332 1.0
314 315 1.0
314 333 1.0
314 334 1.0
315 316 1.0
315 334 1.0
316 317 1.0
316 335 1.0
317 318 1.0
317 335 1.0
317 336 1.0
318 319 1.0
318 336 1.0
318 337 1.0
319 337 1.0
319 338 1.0
320 321 1.0
320 339 1.0
320 340 1.0
321 322 1.0
321 340 1.0
322 323 1.0
322 341 1.0
323 306 1.0
323 341 1.0
323 324 1.0
324 325 1.0
324 342 1.0
325 326 1.0
325 343 1.0
326 327 1.0
326 343 1.0
326 344 1.0
327 328 1.0
327 344 1.0
327 345 1.0
328 345 1.0
328 346 1.0
329 330 1.0
329 347 1.0
329 348 1.0
330 331 1.0
330 348 1.0
331 332 1.0
331 349 1.0
332 333 1.0
332 349 1.0
332 350 1.0
333 334 1.0
333 350 1.0
333 351 1.0
334 351 1.0
334 352 1.0
335 336 1.0
335 353 1.0
335 354 1.0
336 337 1.0
336 354 1.0
337 338 1.0
337 355 1.0
338 339 1.0
338 355 1.0
338 356 1.0
339 340 1.0
339 356 1.0
339 357 1.0
340 357 1.0
340 358 1.0
341 324 1.0
341 359 1.0
341 342 1.0
342 360 1.0
342 361 1.0
343 344 1.0
343 362 1.0
343 363 1.0
344 345 1.0
344 363 1.0
345 346 1.0
345 364 1.0
346 347 1.0
346 364 1.0
346 365 1.0
347 348 1.0
347 365 1.0
347 366 1.0
348 366 1.0
348 367 1.0
349 350 1.0
349 368 1.0
349 369 1.0
350 351 1.0
350 369 1.0
351 352 1.0
351 370 1.0
352 353 1.0
352 370 1.0
352 371 1.0
353 354 1.0
353 371 1.0
353 372 1.0
354 372 1.0
354 373 1.0
355 356 1.0
355 374 1.0
355 375 1.0
356 357 1.0
356 375 1.0
357 358 1.0
357 376 1.0
358 359 1.0
358 376 1.0
358 377 1.0
359 342 1.0
359 377 1.0
359 360 1.0
360 361 1.0
360 0 1.0
361 362 1.0
361 0 1.0
361 1 1.0
362 363 1.0
362 1 1.0
362 2 1.0
363 2 1.0
363 3 1.0
364 365 1.0
364 4 1.0
364 5 1.0
365 366 1.0
365 5 1.0
366 367 1.0
366 6 1.0
367 368 1.0
367 6 1.0
367 7 1.0
368 369 1.0
368 7 1.0
368 8 1.0
369 8 1.0
369 9 1.0
370 371 1.0
370 10 1.0
370 11 1.0
371 372 1.0
371 11 1.0
372 373 1.0
372 12 1.0
373 374 1.0
373 12 1.0
373 13 1.0
374 375 1.0
374 13 1.0
374 14 1.0
375 14 1.0
375 15 1.0
376 377 1.0
376 16 1.0
376 17 1.0
377 360 1.0
377 17 1.0
